2486.00 -0.009821
2488.67 -0.010915
2491.34 -0.009355
2494.01 -0.027604
2496.68 -0.031166
2499.35 -0.025643
2502.02 -0.049069
2504.69 -0.095560
2507.36 -0.022600
2510.03 0.033630
2512.70 0.001085
2515.37 0.016802
2518.04 0.087694
2520.71 -0.051950
2523.38 0.005245
2526.05 0.036431
2528.72 -0.050739
2531.39 -0.000270
2534.06 0.040745
2536.73 -0.023771
2539.40 -0.018602
2542.07 -0.072333
2544.74 -0.055080
2547.41 -0.023787
2550.08 0.011125
2552.75 0.000127
2555.42 0.061154
2558.09 0.071241
2560.76 -0.030973
2563.43 0.045649
2566.10 0.022457
2568.77 0.103551
2571.44 -0.015991
2574.11 0.059403
2576.78 0.004284
2579.45 0.042872
2582.12 -0.049624
2584.79 0.030717
2587.46 -0.074056
2590.13 -0.030561
2592.80 -0.081700
2595.47 0.012183
2598.14 -0.006173
2600.81 -0.027827
2603.48 -0.003978
2606.15 0.008732
2608.82 0.036012
2611.49 -0.016078
2614.16 -0.065853
2616.83 -0.044056
2619.50 0.018448
2622.17 -0.002796
2624.84 0.049153
2627.51 -0.039717
2630.18 -0.016507
2632.85 -0.024011
2635.52 -0.048018
2638.19 0.061449
2640.86 0.064134
2643.53 -0.004874
2646.20 0.019095
2648.87 -0.004782
2651.54 -0.027861
2654.21 -0.025324
2656.88 0.019909
2659.55 -0.048909
2662.22 0.031466
2664.89 0.023519
2667.56 0.030032
2670.23 0.020708
2672.90 0.000134
2675.57 0.048415
2678.24 0.038204
2680.91 0.019303
2683.58 -0.090729
2686.25 0.019083
2688.92 -0.016098
2691.59 -0.089236
2694.26 0.015786
2696.93 0.020533
2699.60 0.043191
2702.27 0.008508
2704.94 0.043713
2707.61 0.000444
2710.28 0.022419
2712.95 -0.103196
2715.62 -0.047709
2718.29 0.014631
2720.96 0.087866
2723.63 0.029247
2726.30 0.088548
2728.97 0.068145
2731.64 -0.051733
2734.31 -0.009473
2736.98 0.009301
2739.65 0.065839
2742.32 -0.075274
2744.99 0.046560
2747.66 0.090435
2750.33 -0.038643
2753.00 0.009192
2755.67 -0.006944
2758.34 -0.045826
2761.01 0.059956
2763.68 0.059431
2766.35 -0.016772
2769.02 0.035391
2771.69 0.069520
2774.36 0.014202
2777.03 0.005350
2779.70 -0.009760
2782.37 -0.012445
2785.04 -0.000199
2787.71 -0.076067
2790.38 -0.031630
2793.05 0.042743
2795.72 -0.059049
2798.39 0.049344
2801.06 -0.001090
2803.73 0.045607
2806.40 -0.006896
2809.07 -0.005468
2811.74 -0.037481
2814.41 -0.012542
2817.08 0.014750
2819.75 -0.016313
2822.42 0.015874
2825.09 -0.019527
2827.76 -0.019216
2830.43 -0.039827
2833.10 0.008402
2835.77 0.029832
2838.44 0.068856
2841.11 0.036725
2843.78 0.039549
2846.45 -0.035722
2849.12 -0.005257
2851.79 0.041422
2854.46 0.001631
2857.13 0.035749
2859.80 0.027095
2862.47 0.008819
2865.14 0.023556
2867.81 -0.018104
2870.48 0.000986
2873.15 0.009188
2875.82 -0.003449
2878.49 0.002182
2881.16 0.033426
2883.83 -0.047271
2886.50 0.013789
2889.17 0.070395
2891.84 -0.002835
2894.51 -0.020997
2897.18 -0.014693
2899.85 0.003338
2902.52 0.008925
2905.19 -0.000819
2907.86 0.046329
2910.53 -0.030211
2913.20 -0.029796
2915.87 -0.025673
2918.54 -0.010966
2921.21 -0.025675
2923.88 -0.045142
2926.55 -0.042765
2929.22 -0.019352
2931.89 0.006038
2934.56 0.020561
2937.23 -0.035784
2939.90 -0.051081
2942.57 -0.011185
2945.24 -0.033098
2947.91 -0.045287
2950.58 0.023460
2953.25 -0.030778
2955.92 -0.017824
2958.59 0.009449
2961.26 -0.006104
2963.93 -0.022283
2966.60 -0.014250
2969.27 -0.019580
2971.94 -0.053594
2974.61 -0.049449
2977.28 -0.004774
2979.95 0.009375
2982.62 0.008263
2985.29 0.020322
2987.96 -0.002094
2990.63 0.026095
2993.30 0.017743
2995.97 0.005321
2998.64 0.016589
3001.31 0.010977
3003.98 -0.026385
3006.65 0.006352
3009.32 -0.014554
3011.99 0.027689
3014.66 0.028377
3017.33 0.008193
3020.00 0.057604
3022.67 -0.038775
3025.34 -0.032026
3028.01 0.006986
3030.68 0.037613
3033.35 0.042254
3036.02 -0.019700
3038.69 0.026755
3041.36 0.001548
3044.03 0.041477
3046.70 0.001715
3049.37 0.015528
3052.04 0.027437
3054.71 -0.003234
3057.38 -0.023796
3060.05 -0.025673
3062.72 0.036833
3065.39 0.003213
3068.06 0.038498
3070.73 0.047674
3073.40 -0.035431
3076.07 0.026140
3078.74 0.029582
3081.41 0.026178
3084.08 -0.039872
3086.75 0.028415
3089.42 -0.037339
3092.09 0.057037
3094.76 0.015396
3097.43 -0.033691
3100.10 0.006889
3102.77 -0.006239
3105.44 0.010195
3108.11 0.012320
3110.78 0.043383
3113.45 0.066058
3116.12 -0.021325
3118.79 0.016209
3121.46 0.019510
3124.13 -0.047985
3126.80 0.010460
3129.47 0.046416
3132.14 0.028584
3134.81 0.016675
3137.48 0.012180
3140.15 0.007285
3142.82 0.013257
3145.49 -0.050861
3148.16 -0.010575
3150.83 -0.047334
3153.50 -0.013792
3156.17 -0.015786
3158.84 -0.050909
3161.51 -0.027574
3164.18 -0.068031
3166.85 -0.044401
3169.52 -0.045962
3172.19 -0.054069
3174.86 -0.033520
3177.53 -0.040030
3180.20 -0.018051
3182.87 -0.074559
3185.54 -0.025938
3188.21 -0.020657
3190.88 -0.037006
3193.55 0.002168
3196.22 -0.022384
3198.89 -0.028938
3201.56 0.024909
3204.23 0.015644
3206.90 0.000048
3209.57 -0.004904
3212.24 -0.032667
3214.91 -0.005539
3217.58 -0.035693
3220.25 -0.045388
3222.92 -0.026805
3225.59 -0.018995
3228.26 -0.060981
3230.93 -0.013585
3233.60 0.026912
3236.27 0.003440
3238.94 -0.012364
3241.61 -0.017463
3244.28 0.020155
3246.95 0.007103
3249.62 -0.022489
3252.29 0.005702
3254.96 -0.003885
3257.63 -0.031300
3260.30 -0.003808
3262.97 -0.005714
3265.64 -0.005929
3268.31 0.015598
3270.98 -0.008254
3273.65 0.053602
3276.32 0.003680
3278.99 0.011418
3281.66 -0.014327
3284.33 -0.006227
3287.00 -0.027779
3289.67 0.009478
3292.34 -0.019102
3295.01 0.016908
3297.68 0.007540
3300.35 0.018526
3303.02 0.024670
3305.69 -0.016863
3308.36 -0.031650
3311.03 -0.021139
3313.70 0.021341
3316.37 0.002022
3319.04 0.001973
3321.71 0.034632
3324.38 -0.042991
3327.05 0.019263
3329.72 0.039236
3332.39 -0.004625
3335.06 -0.029858
3337.73 -0.003616
3340.40 0.045283
3343.07 0.001456
3345.74 0.002709
3348.41 0.019826
3351.08 -0.004066
3353.75 -0.006232
3356.42 -0.006765
3359.09 -0.028906
3361.76 -0.024888
3364.43 0.018661
3367.10 0.007391
3369.77 0.039271
3372.44 0.014633
3375.11 -0.009472
3377.78 0.006442
3380.45 0.006061
3383.12 -0.007484
3385.79 0.007552
3388.46 0.014732
3391.13 -0.015885
3393.80 0.031857
3396.47 0.019300
3399.14 -0.026158
3401.81 0.008888
3404.48 -0.003744
3407.15 -0.015571
3409.82 0.010556
3412.49 0.044309
3415.16 0.029576
3417.83 0.029809
3420.50 -0.032723
3423.17 0.074722
3425.84 0.093477
3428.51 0.045447
3431.18 0.004636
3433.85 -0.012172
3436.52 -0.007369
3439.19 -0.023509
3441.86 -0.004672
3444.53 0.010038
3447.20 -0.022211
3449.87 -0.000525
3452.54 0.039486
3455.21 0.019438
3457.88 0.003930
3460.55 0.019428
3463.22 -0.010508
3465.89 0.027788
3468.56 0.033801
3471.23 -0.019634
3473.90 0.023161
3476.57 0.002746
3479.24 0.015838
3481.91 0.033055
3484.58 -0.007165
3487.25 -0.008394
3489.92 -0.005257
3492.59 -0.027758
3495.26 -0.014126
3497.93 -0.005068
3500.60 0.016390
3503.27 0.007572
3505.94 -0.009934
3508.61 -0.002358
3511.28 0.014342
3513.95 0.012099
3516.62 -0.004996
3519.29 -0.015089
3521.96 0.036814
3524.63 0.008788
3527.30 0.006360
3529.97 0.004118
3532.64 -0.028960
3535.31 0.009114
3537.98 0.037171
3540.65 0.014301
3543.32 0.046713
3545.99 -0.001447
3548.66 -0.002477
3551.33 0.004425
3554.00 0.002257
3556.67 -0.014791
3559.34 -0.014104
3562.01 0.028690
3564.68 -0.006123
3567.35 0.012350
3570.02 -0.022883
3572.69 0.018579
3575.36 0.006757
3578.03 0.006856
3580.70 -0.010889
3583.37 0.007290
3586.04 0.025188
3588.71 -0.001104
3591.38 -0.005670
3594.05 0.010641
3596.72 -0.025684
3599.39 -0.047904
3602.06 0.018048
3604.73 -0.018777
3607.40 -0.006353
3610.07 -0.000944
3612.74 0.009309
3615.41 0.000423
3618.08 -0.034272
3620.75 0.001353
3623.42 -0.000792
3626.09 0.045017
3628.76 0.010233
3631.43 0.010791
3634.10 0.041588
3636.77 0.038148
3639.44 -0.033587
3642.11 -0.007339
3644.78 0.006176
3647.45 0.005793
3650.12 0.006203
3652.79 0.028400
3655.46 0.014813
3658.13 0.025383
3660.80 0.011616
3663.47 0.000751
3666.14 0.028508
3668.81 0.038085
3671.48 -0.023504
3674.15 -0.014966
3676.82 0.008174
3679.49 -0.000485
3682.16 0.010825
3684.83 -0.030438
3687.50 -0.010789
3690.17 0.001565
3692.84 -0.043436
3695.51 -0.031758
3698.18 -0.025993
3700.85 -0.004682
3703.52 0.002451
3706.19 -0.000785
3708.86 -0.006665
3711.53 -0.014625
3714.20 -0.005756
3716.87 0.010590
3719.54 -0.018261
3722.21 0.005299
3724.88 0.024791
3727.55 0.012498
3730.22 -0.051394
3732.89 -0.007267
3735.56 -0.013062
3738.23 -0.018562
3740.90 0.002877
3743.57 -0.012425
3746.24 -0.009543
3748.91 0.000764
3751.58 0.037701
3754.25 0.019849
3756.92 0.046277
3759.59 0.032996
3762.26 0.043373
3764.93 0.010362
3767.60 0.015503
3770.27 -0.028890
3772.94 0.004643
3775.61 0.021058
3778.28 0.026157
3780.95 0.001325
3783.62 -0.039118
3786.29 -0.034454
3788.96 0.011399
3791.63 0.018479
3794.30 -0.002056
3796.97 0.015304
3799.64 -0.032165
3802.31 -0.008460
3804.98 -0.026695
3807.65 0.015352
3810.32 0.044387
3812.99 -0.018602
3815.66 -0.013374
3818.33 0.001209
3821.00 0.007893
3823.67 0.023137
3826.34 -0.002714
3829.01 -0.044106
3831.68 -0.041149
3834.35 -0.021007
3837.02 0.002455
3839.69 -0.009949
3842.36 -0.004379
3845.03 -0.013324
3847.70 0.002350
3850.37 -0.029456
3853.04 -0.016894
3855.71 0.033549
3858.38 0.015289
3861.05 0.004961
3863.72 0.009815
3866.39 0.017675
3869.06 0.012532
3871.73 0.026506
3874.40 0.003011
3877.07 -0.003798
3879.74 -0.030607
3882.41 -0.011655
3885.08 -0.015442
3887.75 0.022546
3890.42 0.028022
3893.09 0.100390
3895.76 0.016134
3898.43 0.048097
3901.10 0.012961
3903.77 0.016236
3906.44 0.004783
3909.11 -0.011466
3911.78 0.043189
3914.45 -0.032425
3917.12 -0.019847
3919.79 -0.007173
3922.46 -0.050667
3925.13 0.016872
3927.80 -0.001908
3930.47 -0.020123
3933.14 -0.006133
3935.81 -0.057401
3938.48 -0.021686
3941.15 -0.032389
3943.82 -0.061350
3946.49 -0.015659
3949.16 0.021107
3951.83 -0.041854
3954.50 -0.025545
3957.17 0.008413
3959.84 -0.009474
3962.51 -0.012939
3965.18 -0.013443
3967.85 -0.018386
3970.52 -0.011332
3973.19 0.007396
3975.86 -0.020628
3978.53 0.010100
3981.20 -0.003008
3983.87 -0.010335
3986.54 -0.031098
3989.21 -0.025766
3991.88 -0.043816
3994.55 -0.042492
3997.22 -0.009503
3999.89 -0.007511
4002.56 0.017934
4005.23 0.006248
4007.90 -0.000127
4010.57 -0.029833
4013.24 0.022169
4015.91 0.001843
4018.58 0.012826
4021.25 0.008411
4023.92 -0.013373
4026.59 -0.016012
4029.26 -0.001043
4031.93 0.026807
4034.60 -0.024297
4037.27 0.000748
4039.94 0.015783
4042.61 0.023161
4045.28 -0.013923
4047.95 -0.036884
4050.62 -0.037338
4053.29 -0.027504
4055.96 0.005549
4058.63 -0.021446
4061.30 0.004931
4063.97 -0.000812
4066.64 -0.002009
4069.31 -0.025522
4071.98 -0.029961
4074.65 0.009725
4077.32 -0.010201
4079.99 0.016252
4082.66 -0.012541
4085.33 -0.025319
4088.00 -0.032343
4090.67 -0.006828
4093.34 -0.016880
4096.01 0.003857
4098.68 -0.015990
4101.35 -0.049794
4104.02 -0.036670
4106.69 -0.038623
4109.36 -0.027945
4112.03 0.012394
4114.70 0.028105
4117.37 0.011181
4120.04 0.020220
4122.71 0.002977
4125.38 -0.012334
4128.05 -0.011887
4130.72 -0.020523
4133.39 -0.029648
4136.06 -0.010502
4138.73 0.020115
4141.40 0.002959
4144.07 0.023825
4146.74 0.011192
4149.41 -0.016446
4152.08 -0.001470
4154.75 0.000656
4157.42 -0.003940
4160.09 -0.017086
4162.76 -0.033956
4165.43 0.018241
4168.10 0.007160
4170.77 -0.006426
4173.44 0.002292
4176.11 0.020550
4178.78 0.006104
4181.45 -0.009361
4184.12 0.004873
4186.79 -0.000468
4189.46 -0.005309
4192.13 0.009592
4194.80 0.011082
4197.47 0.014978
4200.14 -0.009739
4202.81 0.025396
4205.48 -0.003219
4208.15 -0.028200
4210.82 0.020805
4213.49 0.021686
4216.16 -0.001816
4218.83 -0.005178
4221.50 0.010126
4224.17 -0.006155
4226.84 0.003546
4229.51 0.025432
4232.18 -0.015813
4234.85 0.014291
4237.52 -0.019368
4240.19 -0.007455
4242.86 0.001416
4245.53 0.005828
4248.20 0.005495
4250.87 0.002721
4253.54 0.002086
4256.21 -0.015412
4258.88 -0.012527
4261.55 -0.006462
4264.22 0.013594
4266.89 0.040935
4269.56 -0.005331
4272.23 0.021184
4274.90 0.009737
4277.57 -0.004063
4280.24 -0.010408
4282.91 -0.015842
4285.58 -0.023928
4288.25 0.008128
4290.92 0.037249
4293.59 0.004256
4296.26 0.026712
4298.93 -0.009664
4301.60 -0.001304
4304.27 -0.024857
4306.94 -0.010186
4309.61 -0.011143
4312.28 -0.000041
4314.95 0.009942
4317.62 -0.001283
4320.29 -0.022749
4322.96 -0.000807
4325.63 -0.021151
4328.30 0.005320
4330.97 0.014552
4333.64 0.027284
4336.31 0.009693
4338.98 -0.004044
4341.65 -0.009669
4344.32 0.001529
4346.99 -0.005950
4349.66 0.002785
4352.33 0.003967
4355.00 0.008640
4357.67 0.019124
4360.34 0.029341
4363.01 0.029408
4365.68 0.025614
4368.35 0.025395
4371.02 0.024735
4373.69 0.015169
4376.36 -0.022776
4379.03 0.003149
4381.70 0.017768
4384.37 0.023221
4387.04 0.033735
4389.71 -0.000008
4392.38 -0.009616
4395.05 0.014816
4397.72 0.020034
4400.39 0.007924
4403.06 -0.010422
4405.73 -0.002047
4408.40 0.033545
4411.07 0.001598
4413.74 0.014727
4416.41 0.006345
4419.08 0.013776
4421.75 0.000288
4424.42 -0.000996
4427.09 -0.004551
4429.76 0.018356
4432.43 0.026120
4435.10 -0.003614
4437.77 0.001409
4440.44 0.004330
4443.11 0.009676
4445.78 0.032865
4448.45 0.004629
4451.12 -0.003237
4453.79 0.028064
4456.46 0.011721
4459.13 0.016480
4461.80 -0.011995
4464.47 0.000392
4467.14 0.018048
4469.81 0.018008
4472.48 0.018744
4475.15 0.013046
4477.82 0.009475
4480.49 0.004313
4483.16 0.029400
4485.83 0.019012
4488.50 0.030896
4491.17 0.023746
4493.84 0.025770
4496.51 0.034720
4499.18 0.008633
4501.85 -0.004733
4504.52 0.009419
4507.19 0.007353
4509.86 0.011098
4512.53 0.033625
4515.20 0.017130
4517.87 -0.010088
4520.54 0.009485
4523.21 -0.005615
4525.88 -0.007334
4528.55 0.000092
4531.22 0.004640
4533.89 0.015698
4536.56 -0.008263
4539.23 -0.002540
4541.90 0.000655
4544.57 0.020247
4547.24 -0.003293
4549.91 -0.014072
4552.58 -0.007073
4555.25 0.007457
4557.92 -0.014149
4560.59 0.010570
4563.26 0.024324
4565.93 -0.015259
4568.60 0.014415
4571.27 0.004522
4573.94 0.029084
4576.61 0.039407
4579.28 0.005012
4581.95 0.010204
4584.62 0.013496
4587.29 0.003714
4589.96 -0.001448
4592.63 -0.011444
4595.30 0.022765
4597.97 0.003477
4600.64 0.003250
4603.31 0.005955
4605.98 -0.003876
4608.65 0.003003
4611.32 -0.011887
4613.99 -0.009713
4616.66 0.008806
4619.33 0.005741
4622.00 -0.011082
4624.67 -0.004747
4627.34 -0.014618
4630.01 0.007779
4632.68 0.021312
4635.35 -0.005563
4638.02 0.001254
4640.69 0.010047
4643.36 0.006355
4646.03 -0.005786
4648.70 -0.002259
4651.37 0.011628
4654.04 0.006147
4656.71 -0.003246
4659.38 -0.006299
4662.05 0.004963
4664.72 -0.003829
4667.39 -0.002284
4670.06 -0.012982
4672.73 0.005433
4675.40 0.009147
4678.07 -0.005039
4680.74 0.006303
4683.41 0.020404
4686.08 0.012833
4688.75 -0.004232
4691.42 0.010280
4694.09 0.006562
4696.76 0.003573
4699.43 0.008024
4702.10 0.006831
4704.77 -0.004006
4707.44 0.004837
4710.11 0.014558
4712.78 -0.000845
4715.45 -0.011599
4718.12 -0.001357
4720.79 0.005848
4723.46 -0.005124
4726.13 -0.021673
4728.80 0.016129
4731.47 0.007879
4734.14 0.022131
4736.81 -0.003744
4739.48 0.024236
4742.15 -0.003056
4744.82 0.003234
4747.49 0.038373
4750.16 0.010734
4752.83 -0.019835
4755.50 0.007709
4758.17 -0.010806
4760.84 -0.020453
4763.51 -0.003947
4766.18 -0.019589
4768.85 -0.000682
4771.52 0.007408
4774.19 0.014865
4776.86 0.012628
4779.53 0.000967
4782.20 -0.015534
4784.87 -0.018803
4787.54 -0.011249
4790.21 -0.013917
4792.88 -0.036765
4795.55 -0.030571
4798.22 -0.020753
4800.89 -0.019913
4803.56 -0.027762
4806.23 -0.028916
4808.90 0.016188
4811.57 0.035118
4814.24 -0.001888
4816.91 0.006195
4819.58 -0.006174
4822.25 -0.011242
4824.92 -0.017162
4827.59 -0.029362
4830.26 -0.002392
4832.93 -0.019679
4835.60 -0.042378
4838.27 -0.035773
4840.94 -0.014007
4843.61 -0.052702
4846.28 -0.041098
4848.95 -0.035870
4851.62 0.023922
4854.29 0.007668
4856.96 0.000596
4859.63 0.029503
4862.30 -0.006564
4864.97 -0.041137
4867.64 -0.026297
4870.31 -0.013282
4872.98 0.001502
4875.65 -0.019924
4878.32 0.000675
4880.99 -0.005480
4883.66 0.005323
4886.33 0.036981
4889.00 0.018072
4891.67 -0.003155
4894.34 0.027071
4897.01 -0.018636
4899.68 -0.017031
4902.35 -0.009676
4905.02 -0.023107
4907.69 -0.024096
4910.36 -0.014923
4913.03 -0.003911
4915.70 0.015798
4918.37 -0.000671
4921.04 0.000053
4923.71 -0.005291
4926.38 0.003545
4929.05 -0.007834
4931.72 0.018968
4934.39 0.021264
4937.06 0.007216
4939.73 0.013072
4942.40 -0.027505
4945.07 -0.011960
4947.74 -0.008175
4950.41 -0.030856
4953.08 -0.007572
4955.75 -0.002802
4958.42 0.057320
4961.09 -0.051236
4963.76 -0.007012
4966.43 -0.009693
4969.10 0.000406
4971.77 -0.024359
4974.44 -0.017669
4977.11 -0.008571
4979.78 0.033795
4982.45 -0.021355
4985.12 -0.018062
4987.79 -0.033742
4990.46 -0.007243
4993.13 -0.033622
4995.80 -0.011217
4998.47 0.023334
5001.14 0.005898
5003.81 -0.052529
5006.48 0.079248
5009.15 -0.080081
5011.82 0.027458
5014.49 0.016361
5017.16 0.016065
5019.83 -0.000123
5022.50 -0.024294
5025.17 -0.001323
5027.84 0.028659
5030.51 -0.020344
5033.18 0.023620
5035.85 -0.025656
5038.52 -0.003162
5041.19 0.013257
5043.86 0.014673
5046.53 -0.030136
5049.20 0.004537
5051.87 -0.010755
5054.54 0.015975
5057.21 0.006548
5059.88 -0.001291
5062.55 -0.005552
5065.22 0.006083
5067.89 -0.005380
5070.56 -0.014412
5073.23 -0.025002
5075.90 -0.000240
5078.57 0.009513
5081.24 0.010572
5083.91 0.031479
5086.58 -0.005998
5089.25 -0.001668
5091.92 0.020083
5094.59 0.021289
5097.26 0.023147
5099.93 0.042046
5102.60 0.040382
5105.27 -0.009674
5107.94 -0.000931
5110.61 -0.008994
5113.28 0.008944
5115.95 0.004959
5118.62 0.007618
5121.29 0.035736
5123.96 -0.000307
5126.63 -0.002098
5129.30 0.008825
5131.97 0.012484
5134.64 0.001444
5137.31 -0.007550
5139.98 -0.014155
5142.65 0.005756
5145.32 0.001839
5147.99 -0.025271
5150.66 -0.006940
5153.33 -0.006464
5156.00 -0.010550
5158.67 0.011587
5161.34 0.016525
5164.01 -0.000873
5166.68 -0.006825
5169.35 -0.045378
5172.02 0.003624
5174.69 -0.029494
5177.36 -0.016833
5180.03 -0.001227
5182.70 -0.001329
5185.37 0.015159
5188.04 -0.011164
5190.71 -0.029105
5193.38 0.021725
5196.05 0.018931
5198.72 0.010690
5201.39 0.028823
5204.06 -0.009455
5206.73 -0.026376
5209.40 -0.016723
5212.07 0.003630
5214.74 0.011414
5217.41 0.013344
5220.08 -0.006306
5222.75 -0.003796
5225.42 0.017883
5228.09 0.017457
5230.76 0.001907
5233.43 0.015645
5236.10 0.023302
5238.77 -0.032880
5241.44 -0.001981
5244.11 -0.004020
5246.78 -0.005011
5249.45 0.006355
5252.12 -0.013949
5254.79 0.017431
5257.46 0.031010
5260.13 0.019979
5262.80 0.025515
5265.47 0.028049
5268.14 -0.000570
5270.81 0.017689
5273.48 -0.022398
5276.15 -0.025574
5278.82 -0.004004
5281.49 0.017429
5284.16 -0.030578
5286.83 -0.034427
5289.50 0.003043
5292.17 0.001656
5294.84 0.000001
5297.51 -0.014991
5300.18 0.012866
5302.85 0.016927
5305.52 0.033742
5308.19 0.043192
5310.86 0.015679
5313.53 0.002026
5316.20 -0.014130
5318.87 0.026586
5321.54 0.001390
5324.21 0.007707
5326.88 -0.020099
5329.55 0.003974
5332.22 -0.038091
5334.89 0.021836
5337.56 0.014459
5340.23 0.034653
5342.90 0.003484
5345.57 -0.010834
5348.24 0.002437
5350.91 0.007107
5353.58 -0.027551
5356.25 -0.005602
5358.92 -0.014137
5361.59 0.008202
5364.26 0.013118
5366.93 0.011882
5369.60 -0.019169
5372.27 -0.002255
5374.94 -0.013348
5377.61 0.010139
5380.28 -0.028869
5382.95 0.007482
5385.62 0.002349
5388.29 0.002167
5390.96 0.020086
5393.63 -0.002516
5396.30 0.005326
5398.97 -0.033688
5401.64 -0.028740
5404.31 -0.000533
5406.98 -0.000093
5409.65 -0.006089
5412.32 -0.028017
5414.99 -0.002151
5417.66 0.041488
5420.33 0.050865
5423.00 -0.001563
5425.67 -0.011232
5428.34 -0.004985
5431.01 0.032406
5433.68 -0.002260
5436.35 -0.004806
5439.02 -0.012396
5441.69 0.011296
5444.36 -0.015763
5447.03 0.023532
5449.70 -0.033814
5452.37 -0.008205
5455.04 -0.007834
5457.71 0.012093
5460.38 0.008455
5463.05 -0.005806
5465.72 0.018188
5468.39 -0.005169
5471.06 -0.022804
5473.73 -0.013765
5476.40 -0.004457
5479.07 0.001036
5481.74 0.018588
5484.41 0.004496
5487.08 -0.015583
5489.75 -0.015125
5492.42 -0.019169
5495.09 -0.005379
5497.76 0.001101
5500.43 0.014313
5503.10 0.024051
5505.77 -0.008853
5508.44 -0.002073
5511.11 -0.002034
5513.78 -0.006147
5516.45 -0.016671
5519.12 0.004959
5521.79 0.019903
5524.46 0.001463
5527.13 0.002444
5529.80 0.005361
5532.47 0.025058
5535.14 0.012320
5537.81 -0.007800
5540.48 0.015253
5543.15 -0.005129
5545.82 -0.001844
5548.49 0.019587
5551.16 -0.008220
5553.83 0.023235
5556.50 -0.014856
5559.17 -0.022089
5561.84 0.019242
5564.51 -0.011130
5567.18 0.001543
5569.85 0.015937
5572.52 -0.000864
5575.19 -0.006668
5577.86 -0.011163
5580.53 0.032259
5583.20 -0.013256
5585.87 0.002479
5588.54 0.012901
5591.21 -0.009056
5593.88 -0.019469
5596.55 -0.009834
5599.22 -0.015372
5601.89 -0.002095
5604.56 -0.031776
5607.23 -0.012218
5609.90 -0.023033
5612.57 0.013894
5615.24 -0.016290
5617.91 -0.042170
5620.58 0.005302
5623.25 -0.036630
5625.92 -0.005985
5628.59 0.007983
5631.26 -0.009382
5633.93 -0.016557
5636.60 -0.004513
5639.27 -0.006789
5641.94 -0.002629
5644.61 -0.023240
5647.28 -0.001697
5649.95 -0.015585
5652.62 -0.020461
5655.29 -0.019157
5657.96 -0.025980
5660.63 0.005222
5663.30 -0.011806
5665.97 0.006957
5668.64 -0.011355
5671.31 0.019896
5673.98 0.000350
5676.65 -0.011447
5679.32 -0.001001
5681.99 0.010789
5684.66 -0.013387
5687.33 0.010736
5690.00 -0.006741
5692.67 0.009756
5695.34 -0.068086
5698.01 0.022300
5700.68 -0.024921
5703.35 -0.005187
5706.02 -0.007988
5708.69 -0.030684
5711.36 -0.023635
5714.03 -0.016269
5716.70 -0.019743
5719.37 -0.028176
5722.04 -0.018783
5724.71 0.020504
5727.38 0.002347
5730.05 0.002160
5732.72 -0.005005
5735.39 -0.019380
5738.06 -0.009785
5740.73 -0.007616
5743.40 -0.005610
5746.07 -0.017812
5748.74 0.011885
5751.41 0.020399
5754.08 0.025932
5756.75 -0.027524
5759.42 -0.026581
5762.09 -0.046417
5764.76 -0.020364
5767.43 -0.004182
5770.10 -0.011979
5772.77 0.018964
5775.44 0.034327
5778.11 0.007552
5780.78 0.012492
5783.45 0.017338
5786.12 0.011331
5788.79 -0.021401
5791.46 0.036120
5794.13 0.042732
5796.80 0.001377
5799.47 0.039335
5802.14 -0.001397
5804.81 0.059710
5807.48 0.016497
5810.15 -0.031072
5812.82 0.008096
5815.49 -0.018941
5818.16 -0.025715
5820.83 -0.019481
5823.50 -0.042896
5826.17 0.009013
5828.84 0.057651
5831.51 0.049465
5834.18 -0.018763
5836.85 0.046896
5839.52 0.003735
5842.19 0.017931
5844.86 -0.020109
5847.53 -0.030978
5850.20 0.024570
5852.87 0.029725
5855.54 0.006224
5858.21 0.051772
5860.88 0.046133
5863.55 -0.040172
5866.22 -0.000777
5868.89 0.022495
5871.56 -0.003835
5874.23 0.033568
5876.90 -0.014022
5879.57 -0.000247
5882.24 0.047499
5884.91 0.085804
5887.58 -0.063925
5890.25 0.063725
5892.92 0.009811
5895.59 0.013492
5898.26 0.019120
5900.93 -0.022313
5903.60 -0.008532
5906.27 0.015514
5908.94 0.017981
5911.61 -0.009202
5914.28 0.031445
5916.95 0.008637
5919.62 0.007157
5922.29 0.020874
5924.96 -0.086351
5927.63 0.029740
5930.30 -0.000382
5932.97 0.007918
5935.64 0.002331
5938.31 0.015263
5940.98 -0.018485
5943.65 0.019075
5946.32 0.020451
5948.99 0.013890
5951.66 0.024135
5954.33 -0.033122
5957.00 0.023505
5959.67 -0.035284
5962.34 0.000934
5965.01 -0.022201
5967.68 0.035527
5970.35 0.037201
5973.02 -0.032835
5975.69 0.027454
5978.36 0.069903
5981.03 0.045683
5983.70 -0.051986
5986.37 -0.027850
5989.04 0.042175
5991.71 0.012333
5994.38 0.036668
5997.05 -0.024195
5999.72 -0.010580
6002.39 0.015927
6005.06 0.025524
6007.73 0.023383
6010.40 0.000743
6013.07 -0.021749
6015.74 -0.062352
6018.41 0.006470
6021.08 -0.041180
6023.75 0.003427
6026.42 -0.046771
6029.09 -0.055541
6031.76 -0.022625
6034.43 -0.093494
6037.10 -0.085318
6039.77 0.011425
6042.44 -0.018540
6045.11 0.012389
6047.78 -0.035981
6050.45 -0.039258
6053.12 -0.027131
6055.79 -0.015715
6058.46 0.021576
6061.13 -0.027821
6063.80 -0.026329
6066.47 0.028000
6069.14 -0.000677
6071.81 0.026877
6074.48 0.035941
6077.15 0.024159
6079.82 -0.009097
6082.49 -0.032255
6085.16 -0.014900
6087.83 0.005424
6090.50 0.017845
6093.17 -0.023795
6095.84 0.022817
6098.51 0.040432
6101.18 -0.010019
6103.85 0.016128
6106.52 0.001022
6109.19 -0.012901
6111.86 -0.002681
6114.53 0.001400
6117.20 0.066393
6119.87 0.032971
6122.54 0.000165
6125.21 -0.013678
6127.88 0.039087
6130.55 0.017645
6133.22 0.035874
6135.89 -0.024818
6138.56 -0.028397
6141.23 0.029068
6143.90 -0.009640
6146.57 -0.016634
6149.24 -0.030658
6151.91 -0.043950
6154.58 -0.031127
6157.25 -0.071526
6159.92 -0.011346
6162.59 -0.005427
6165.26 0.000761
6167.93 -0.019215
6170.60 0.014395
6173.27 0.024597
6175.94 -0.017201
6178.61 -0.020765
6181.28 0.013298
6183.95 0.022344
6186.62 0.003680
6189.29 -0.020260
6191.96 -0.013601
6194.63 -0.035552
6197.30 -0.006989
6199.97 -0.037294
6202.64 -0.036656
6205.31 -0.022991
6207.98 -0.022818
6210.65 0.002053
6213.32 -0.027638
6215.99 -0.004541
6218.66 -0.011487
6221.33 -0.035632
6224.00 -0.047274
6226.67 -0.024953
6229.34 0.053916
6232.01 -0.007787
6234.68 -0.006273
6237.35 0.003673
6240.02 -0.023931
6242.69 -0.024166
6245.36 -0.030042
6248.03 -0.060387
6250.70 -0.032550
6253.37 -0.026219
6256.04 0.012605
6258.71 -0.019819
6261.38 -0.016323
6264.05 0.005239
6266.72 -0.011149
6269.39 0.003183
6272.06 0.002964
6274.73 -0.001287
6277.40 -0.013206
6280.07 0.044310
6282.74 0.007734
6285.41 -0.015761
6288.08 0.005525
6290.75 -0.040604
6293.42 -0.007026
6296.09 0.011128
6298.76 0.004564
6301.43 -0.018789
6304.10 0.004342
6306.77 -0.012909
6309.44 -0.033378
6312.11 -0.044857
6314.78 -0.065811
6317.45 -0.021313
6320.12 -0.028524
6322.79 -0.011890
6325.46 -0.030901
6328.13 -0.011468
6330.80 -0.005240
6333.47 -0.001731
6336.14 -0.000609
6338.81 0.010375
6341.48 -0.001778
6344.15 0.046708
6346.82 -0.017989
6349.49 0.015410
6352.16 -0.022518
6354.83 -0.023591
6357.50 -0.015464
6360.17 -0.010679
6362.84 -0.009650
6365.51 -0.036732
6368.18 0.010879
6370.85 0.013905
6373.52 -0.022514
6376.19 -0.034330
6378.86 0.029516
6381.53 0.049000
6384.20 0.014321
6386.87 -0.032509
6389.54 -0.020783
6392.21 0.020644
6394.88 0.034721
6397.55 0.014893
6400.22 -0.018937
6402.89 -0.022932
6405.56 -0.012764
6408.23 0.028196
6410.90 0.052764
6413.57 0.000109
6416.24 0.055667
6418.91 0.015223
6421.58 0.007746
6424.25 0.052642
6426.92 -0.001351
6429.59 0.004240
6432.26 0.018393
6434.93 0.002275
6437.60 0.021122
6440.27 0.001643
6442.94 0.019307
6445.61 0.012824
6448.28 0.026494
6450.95 0.020785
6453.62 0.010819
6456.29 0.019023
6458.96 0.012951
6461.63 0.024123
6464.30 0.028058
6466.97 0.003311
6469.64 0.018739
6472.31 0.026462
6474.98 0.016319
6477.65 0.014685
6480.32 0.012590
6482.99 0.025223
6485.66 0.024640
6488.33 0.024568
6491.00 0.021383
6493.67 0.008740
6496.34 0.017501
6499.01 0.013846
6501.68 0.007351
6504.35 0.009440
6507.02 -0.003263
6509.69 -0.003244
6512.36 0.000439
6515.03 -0.010717
6517.70 -0.005789
6520.37 -0.002258
6523.04 -0.002049
6525.71 0.006599
6528.38 -0.001168
6531.05 0.003783
6533.72 0.013709
6536.39 0.007315
6539.06 0.006992
6541.73 0.004816
6544.40 0.006416
6547.07 0.006209
6549.74 0.003027
6552.41 0.000836
6555.08 -0.001986
6557.75 -0.002241
6560.42 -0.002385
6563.09 -0.002484
6565.76 -0.002527
6568.43 -0.002468
6571.10 -0.002328
6573.77 -0.002233
6576.44 -0.002112
6579.11 -0.002021
6581.78 -0.001927
6584.45 -0.001850
6587.12 -0.001797
6589.79 -0.001704
6592.46 -0.001603
6595.13 -0.001521
6597.80 -0.001439
6600.47 -0.001372
6603.14 -0.001303
6605.81 -0.001220
6608.48 -0.001180
6611.15 -0.001126
6613.82 -0.001079
6616.49 -0.001008
6619.16 -0.000965
6621.83 -0.000959
6624.50 -0.000919
6627.17 -0.000874
6629.84 -0.000855
6632.51 -0.000822
6635.18 -0.000820
6637.85 -0.000802
6640.52 -0.000781
6643.19 -0.000754
6645.86 -0.000727
6648.53 -0.000723
6651.20 -0.000718
6653.87 -0.000705
6656.54 -0.000703
6659.21 -0.000682
6661.88 -0.000674
6664.55 -0.000658
6667.22 -0.000632
6669.89 -0.000634
6672.56 -0.000617
6675.23 -0.000600
6677.90 -0.000598
6680.57 -0.000586
6683.24 -0.000588
6685.91 -0.000552
6688.58 -0.000547
6691.25 -0.000538
6693.92 -0.000531
6696.59 -0.000531
6699.26 -0.000523
6701.93 -0.000520
6704.60 -0.000512
6707.27 -0.000510
6709.94 -0.000514
6712.61 -0.000504
6715.28 -0.000516
6717.95 -0.000529
6720.62 -0.000510
6723.29 -0.000507
6725.96 -0.000503
6728.63 -0.000494
6731.30 -0.000494
6733.97 -0.000490
6736.64 -0.000475
6739.31 -0.000460
6741.98 -0.000456
6744.65 -0.000453
6747.32 -0.000440
6749.99 -0.000435
6752.66 -0.000433
6755.33 -0.000429
6758.00 -0.000432
6760.67 -0.000424
6763.34 -0.000426
6766.01 -0.000420
6768.68 -0.000417
6771.35 -0.000418
6774.02 -0.000424
6776.69 -0.000416
6779.36 -0.000414
6782.03 -0.000414
6784.70 -0.000423
6787.37 -0.000428
6790.04 -0.000421
6792.71 -0.000419
6795.38 -0.000418
6798.05 -0.000409
6800.72 -0.000410
6803.39 -0.000414
6806.06 -0.000416
6808.73 -0.000409
6811.40 -0.000411
6814.07 -0.000411
6816.74 -0.000415
6819.41 -0.000423
6822.08 -0.000410
6824.75 -0.000414
6827.42 -0.000411
6830.09 -0.000417
6832.76 -0.000410
6835.43 -0.000409
6838.10 -0.000410
6840.77 -0.000412
6843.44 -0.000403
6846.11 -0.000401
6848.78 -0.000404
6851.45 -0.000400
6854.12 -0.000402
6856.79 -0.000405
6859.46 -0.000404
6862.13 -0.000395
6864.80 -0.000403
6867.47 -0.000414
6870.14 -0.000404
6872.81 -0.000412
6875.48 -0.000406
6878.15 -0.000407
6880.82 -0.000405
6883.49 -0.000404
6886.16 -0.000409
6888.83 -0.000386
6891.50 -0.000407
6894.17 -0.000406
6896.84 -0.000401
6899.51 -0.000404
6902.18 -0.000404
6904.85 -0.000395
6907.52 -0.000389
6910.19 -0.000412
6912.86 -0.000422
6915.53 -0.000425
6918.20 -0.000423
6920.87 -0.000405
6923.54 -0.000410
6926.21 -0.000403
6928.88 -0.000407
6931.55 -0.000410
6934.22 -0.000408
6936.89 -0.000411
6939.56 -0.000415
6942.23 -0.000398
6944.90 -0.000390
6947.57 -0.000391
6950.24 -0.000413
6952.91 -0.000422
6955.58 -0.000428
6958.25 -0.000420
6960.92 -0.000427
6963.59 -0.000428
6966.26 -0.000425
6968.93 -0.000433
6971.60 -0.000418
6974.27 -0.000432
6976.94 -0.000440
6979.61 -0.000447
6982.28 -0.000464
6984.95 -0.000455
6987.62 -0.000459
6990.29 -0.000447
6992.96 -0.000449
6995.63 -0.000457
6998.30 -0.000455
7000.97 -0.000450
7003.64 -0.000450
7006.31 -0.000451
7008.98 -0.000432
7011.65 -0.000449
7014.32 -0.000447
7016.99 -0.000437
7019.66 -0.000455
7022.33 -0.000445
7025.00 -0.000456
7027.67 -0.000464
7030.34 -0.000456
7033.01 -0.000458
7035.68 -0.000459
7038.35 -0.000468
7041.02 -0.000485
7043.69 -0.000469
7046.36 -0.000460
7049.03 -0.000477
7051.70 -0.000465
7054.37 -0.000450
7057.04 -0.000436
7059.71 -0.000437
7062.38 -0.000459
7065.05 -0.000479
7067.72 -0.000463
7070.39 -0.000453
7073.06 -0.000429
7075.73 -0.000449
7078.40 -0.000458
7081.07 -0.000464
7083.74 -0.000453
7086.41 -0.000430
7089.08 -0.000425
7091.75 -0.000451
7094.42 -0.000448
7097.09 -0.000441
7099.76 -0.000435
7102.43 -0.000439
7105.10 -0.000443
7107.77 -0.000462
7110.44 -0.000459
7113.11 -0.000463
7115.78 -0.000458
7118.45 -0.000471
7121.12 -0.000456
7123.79 -0.000460
7126.46 -0.000462
7129.13 -0.000465
7131.80 -0.000470
7134.47 -0.000462
7137.14 -0.000473
7139.81 -0.000463
7142.48 -0.000457
7145.15 -0.000455
7147.82 -0.000455
7150.49 -0.000455
7153.16 -0.000449
7155.83 -0.000446
7158.50 -0.000459
7161.17 -0.000448
7163.84 -0.000453
7166.51 -0.000439
7169.18 -0.000453
7171.85 -0.000453
7174.52 -0.000461
7177.19 -0.000457
7179.86 -0.000459
7182.53 -0.000465
7185.20 -0.000482
7187.87 -0.000468
7190.54 -0.000458
7193.21 -0.000444
7195.88 -0.000440
7198.55 -0.000467
7201.22 -0.000437
7203.89 -0.000441
7206.56 -0.000438
7209.23 -0.000437
7211.90 -0.000451
7214.57 -0.000452
7217.24 -0.000441
7219.91 -0.000447
7222.58 -0.000444
7225.25 -0.000456
7227.92 -0.000464
7230.59 -0.000447
7233.26 -0.000441
7235.93 -0.000451
7238.60 -0.000457
7241.27 -0.000451
7243.94 -0.000454
7246.61 -0.000443
7249.28 -0.000444
7251.95 -0.000450
7254.62 -0.000446
7257.29 -0.000448
7259.96 -0.000440
7262.63 -0.000434
7265.30 -0.000443
7267.97 -0.000440
7270.64 -0.000444
7273.31 -0.000454
7275.98 -0.000447
7278.65 -0.000436
7281.32 -0.000422
7283.99 -0.000430
7286.66 -0.000452
7289.33 -0.000455
7292.00 -0.000437
7294.67 -0.000440
7297.34 -0.000449
7300.01 -0.000443
7302.68 -0.000443
7305.35 -0.000438
7308.02 -0.000464
7310.69 -0.000444
7313.36 -0.000452
7316.03 -0.000451
7318.70 -0.000468
7321.37 -0.000472
7324.04 -0.000462
7326.71 -0.000464
7329.38 -0.000465
7332.05 -0.000455
7334.72 -0.000460
7337.39 -0.000459
7340.06 -0.000446
7342.73 -0.000451
7345.40 -0.000445
7348.07 -0.000446
7350.74 -0.000444
7353.41 -0.000440
7356.08 -0.000436
7358.75 -0.000458
7361.42 -0.000445
7364.09 -0.000449
7366.76 -0.000453
7369.43 -0.000452
7372.10 -0.000445
7374.77 -0.000453
7377.44 -0.000431
7380.11 -0.000456
7382.78 -0.000460
7385.45 -0.000435
7388.12 -0.000440
7390.79 -0.000440
7393.46 -0.000441
7396.13 -0.000434
7398.80 -0.000436
7401.47 -0.000422
7404.14 -0.000444
7406.81 -0.000440
7409.48 -0.000437
7412.15 -0.000448
7414.82 -0.000412
7417.49 -0.000428
7420.16 -0.000439
7422.83 -0.000454
7425.50 -0.000440
7428.17 -0.000442
7430.84 -0.000417
7433.51 -0.000422
7436.18 -0.000435
7438.85 -0.000424
7441.52 -0.000435
7444.19 -0.000443
7446.86 -0.000434
7449.53 -0.000421
7452.20 -0.000437
7454.87 -0.000439
7457.54 -0.000454
7460.21 -0.000458
7462.88 -0.000448
7465.55 -0.000458
7468.22 -0.000456
7470.89 -0.000454
7473.56 -0.000459
7476.23 -0.000461
7478.90 -0.000454
7481.57 -0.000458
7484.24 -0.000454
7486.91 -0.000453
7489.58 -0.000464
7492.25 -0.000455
7494.92 -0.000452
7497.59 -0.000450
