2486.00 0.009823
2488.67 0.009227
2491.34 0.009098
2494.01 0.003559
2496.68 0.031223
2499.35 0.002688
2502.02 -0.028069
2504.69 -0.069591
2507.36 0.080141
2510.03 0.011332
2512.70 0.005789
2515.37 0.034557
2518.04 0.026703
2520.71 0.024097
2523.38 0.019133
2526.05 0.036933
2528.72 -0.049331
2531.39 0.024643
2534.06 0.032885
2536.73 0.005519
2539.40 0.035387
2542.07 0.020314
2544.74 -0.047865
2547.41 -0.117150
2550.08 -0.026887
2552.75 0.002596
2555.42 -0.021929
2558.09 0.022713
2560.76 -0.012090
2563.43 -0.041115
2566.10 -0.074467
2568.77 -0.025467
2571.44 0.023800
2574.11 0.006790
2576.78 0.000011
2579.45 0.017146
2582.12 -0.034694
2584.79 -0.067423
2587.46 0.041681
2590.13 0.046150
2592.80 0.143580
2595.47 0.033360
2598.14 0.070344
2600.81 0.050535
2603.48 0.065562
2606.15 0.040468
2608.82 -0.038400
2611.49 -0.039642
2614.16 -0.018778
2616.83 0.012439
2619.50 -0.060771
2622.17 -0.033766
2624.84 -0.038803
2627.51 -0.049091
2630.18 -0.056818
2632.85 -0.006056
2635.52 0.032531
2638.19 -0.017861
2640.86 0.020281
2643.53 0.079272
2646.20 0.040604
2648.87 0.008969
2651.54 -0.075126
2654.21 -0.006524
2656.88 -0.103412
2659.55 -0.064265
2662.22 -0.043930
2664.89 0.024703
2667.56 0.049001
2670.23 0.012130
2672.90 0.028067
2675.57 -0.042091
2678.24 -0.032725
2680.91 0.032219
2683.58 0.076046
2686.25 -0.074092
2688.92 0.010246
2691.59 0.065772
2694.26 0.049293
2696.93 -0.016834
2699.60 0.043650
2702.27 0.079396
2704.94 -0.005603
2707.61 0.028012
2710.28 0.000462
2712.95 0.082025
2715.62 0.017737
2718.29 0.098867
2720.96 0.018337
2723.63 0.002586
2726.30 -0.052913
2728.97 -0.034422
2731.64 -0.037047
2734.31 0.000833
2736.98 -0.032405
2739.65 -0.053088
2742.32 -0.075065
2744.99 -0.056141
2747.66 -0.072413
2750.33 -0.032231
2753.00 -0.045555
2755.67 -0.092329
2758.34 0.036816
2761.01 -0.040706
2763.68 0.071264
2766.35 -0.043311
2769.02 0.006757
2771.69 -0.004314
2774.36 0.064812
2777.03 0.020318
2779.70 0.037172
2782.37 0.015027
2785.04 0.038476
2787.71 -0.014086
2790.38 -0.085496
2793.05 -0.048761
2795.72 -0.046041
2798.39 -0.082161
2801.06 -0.012173
2803.73 0.049542
2806.40 0.086453
2809.07 -0.059902
2811.74 -0.001405
2814.41 -0.044047
2817.08 0.070130
2819.75 0.082845
2822.42 0.074871
2825.09 -0.048747
2827.76 0.061429
2830.43 0.040846
2833.10 -0.031058
2835.77 0.005848
2838.44 0.044198
2841.11 0.045686
2843.78 -0.026422
2846.45 0.009864
2849.12 -0.012899
2851.79 -0.054044
2854.46 -0.036317
2857.13 -0.054208
2859.80 -0.062983
2862.47 0.037159
2865.14 0.007711
2867.81 -0.014157
2870.48 -0.044245
2873.15 -0.005492
2875.82 0.075959
2878.49 -0.021819
2881.16 0.009421
2883.83 0.030171
2886.50 -0.016534
2889.17 0.046708
2891.84 0.026209
2894.51 -0.029348
2897.18 0.033179
2899.85 0.042948
2902.52 0.010141
2905.19 -0.029766
2907.86 0.018129
2910.53 0.032162
2913.20 0.033304
2915.87 0.001090
2918.54 0.032690
2921.21 -0.012920
2923.88 -0.044839
2926.55 0.006341
2929.22 -0.036220
2931.89 -0.069688
2934.56 0.016295
2937.23 -0.007651
2939.90 0.007270
2942.57 0.027891
2945.24 0.041651
2947.91 0.008834
2950.58 -0.019929
2953.25 -0.057831
2955.92 -0.002897
2958.59 0.024577
2961.26 -0.022160
2963.93 0.016929
2966.60 -0.026372
2969.27 -0.033787
2971.94 -0.028537
2974.61 0.036607
2977.28 0.004365
2979.95 -0.018160
2982.62 -0.008640
2985.29 -0.046685
2987.96 -0.025280
2990.63 0.075234
2993.30 -0.021190
2995.97 -0.035040
2998.64 0.006299
3001.31 0.011715
3003.98 0.050273
3006.65 0.004331
3009.32 0.016959
3011.99 0.009283
3014.66 0.017246
3017.33 0.019108
3020.00 0.037649
3022.67 -0.005625
3025.34 0.033191
3028.01 0.028546
3030.68 0.034987
3033.35 -0.006898
3036.02 0.032869
3038.69 0.008067
3041.36 0.031524
3044.03 0.008512
3046.70 -0.005964
3049.37 0.039073
3052.04 0.006225
3054.71 0.000031
3057.38 0.033823
3060.05 0.005067
3062.72 -0.022234
3065.39 -0.000521
3068.06 0.015893
3070.73 -0.048782
3073.40 0.012786
3076.07 -0.004714
3078.74 0.027062
3081.41 0.032052
3084.08 -0.000938
3086.75 0.022568
3089.42 -0.009020
3092.09 -0.039108
3094.76 0.013288
3097.43 0.033252
3100.10 0.039967
3102.77 0.027925
3105.44 -0.018895
3108.11 -0.063193
3110.78 0.000283
3113.45 -0.019143
3116.12 0.019315
3118.79 0.011999
3121.46 0.005197
3124.13 0.022769
3126.80 0.037722
3129.47 -0.054692
3132.14 0.025770
3134.81 0.038676
3137.48 -0.024059
3140.15 0.052699
3142.82 -0.025256
3145.49 0.011246
3148.16 -0.013085
3150.83 -0.002161
3153.50 0.017250
3156.17 -0.029406
3158.84 -0.022836
3161.51 0.012977
3164.18 -0.020706
3166.85 0.032053
3169.52 0.021369
3172.19 -0.031596
3174.86 0.013239
3177.53 -0.025598
3180.20 -0.051386
3182.87 -0.018201
3185.54 -0.006973
3188.21 -0.024838
3190.88 0.008682
3193.55 0.013721
3196.22 0.027119
3198.89 0.014139
3201.56 0.053989
3204.23 -0.015239
3206.90 -0.002681
3209.57 0.005859
3212.24 0.000249
3214.91 -0.003936
3217.58 0.023833
3220.25 -0.059658
3222.92 -0.006011
3225.59 -0.027458
3228.26 -0.041018
3230.93 -0.016488
3233.60 -0.035818
3236.27 0.019360
3238.94 0.015045
3241.61 0.014729
3244.28 -0.022514
3246.95 0.038116
3249.62 -0.031131
3252.29 0.002801
3254.96 0.017831
3257.63 0.023509
3260.30 0.002499
3262.97 -0.074562
3265.64 0.018666
3268.31 0.012692
3270.98 0.001660
3273.65 -0.020966
3276.32 0.005868
3278.99 0.012364
3281.66 0.032578
3284.33 0.032112
3287.00 0.003846
3289.67 -0.015939
3292.34 -0.004096
3295.01 0.024093
3297.68 -0.013668
3300.35 -0.017271
3303.02 0.000684
3305.69 0.020536
3308.36 0.015662
3311.03 0.038763
3313.70 0.021513
3316.37 -0.005617
3319.04 0.019901
3321.71 0.027455
3324.38 -0.015581
3327.05 -0.016235
3329.72 0.018782
3332.39 0.036448
3335.06 0.011559
3337.73 -0.007506
3340.40 -0.031401
3343.07 0.016637
3345.74 -0.011728
3348.41 -0.023297
3351.08 0.019134
3353.75 -0.002434
3356.42 -0.037657
3359.09 0.013620
3361.76 0.059474
3364.43 0.012083
3367.10 0.012869
3369.77 -0.024791
3372.44 -0.019906
3375.11 -0.016423
3377.78 -0.040403
3380.45 -0.010522
3383.12 -0.030309
3385.79 -0.002154
3388.46 -0.019064
3391.13 -0.031576
3393.80 0.014035
3396.47 -0.019187
3399.14 -0.036232
3401.81 -0.031985
3404.48 -0.027169
3407.15 -0.004925
3409.82 -0.014830
3412.49 -0.041607
3415.16 -0.053484
3417.83 -0.091978
3420.50 -0.074416
3423.17 -0.034080
3425.84 -0.042588
3428.51 -0.025247
3431.18 -0.020762
3433.85 -0.017316
3436.52 -0.007471
3439.19 -0.022895
3441.86 0.041081
3444.53 0.022439
3447.20 -0.005336
3449.87 0.007427
3452.54 -0.015063
3455.21 -0.003668
3457.88 0.004620
3460.55 -0.026359
3463.22 0.009539
3465.89 -0.012421
3468.56 -0.057791
3471.23 -0.023559
3473.90 0.016925
3476.57 -0.014774
3479.24 -0.041393
3481.91 0.027659
3484.58 0.011531
3487.25 0.008014
3489.92 -0.004999
3492.59 0.014704
3495.26 -0.005579
3497.93 -0.030694
3500.60 0.032438
3503.27 0.028161
3505.94 0.006427
3508.61 0.015785
3511.28 -0.011423
3513.95 0.011127
3516.62 0.005429
3519.29 0.016019
3521.96 0.038098
3524.63 0.004011
3527.30 -0.046489
3529.97 -0.001949
3532.64 0.040597
3535.31 0.004974
3537.98 -0.027905
3540.65 0.021663
3543.32 -0.015087
3545.99 -0.007047
3548.66 -0.016506
3551.33 0.010607
3554.00 0.028603
3556.67 0.011856
3559.34 -0.005923
3562.01 0.030327
3564.68 0.007417
3567.35 -0.008562
3570.02 -0.015430
3572.69 -0.030516
3575.36 -0.001663
3578.03 0.006723
3580.70 -0.029688
3583.37 -0.071763
3586.04 0.014958
3588.71 -0.013001
3591.38 -0.017022
3594.05 -0.019366
3596.72 -0.019880
3599.39 0.011336
3602.06 0.002843
3604.73 0.005180
3607.40 -0.049504
3610.07 0.001722
3612.74 0.034288
3615.41 -0.005774
3618.08 -0.022350
3620.75 0.021317
3623.42 0.015340
3626.09 0.005636
3628.76 -0.017551
3631.43 0.018332
3634.10 0.014995
3636.77 -0.016888
3639.44 0.010181
3642.11 0.019057
3644.78 -0.000175
3647.45 -0.000365
3650.12 0.020072
3652.79 0.027499
3655.46 -0.010667
3658.13 -0.037863
3660.80 -0.031845
3663.47 0.004089
3666.14 -0.006645
3668.81 -0.015379
3671.48 0.021091
3674.15 0.009431
3676.82 0.009203
3679.49 0.009720
3682.16 0.009245
3684.83 0.021463
3687.50 -0.005973
3690.17 0.001780
3692.84 -0.021642
3695.51 0.015823
3698.18 0.008595
3700.85 0.008896
3703.52 0.056686
3706.19 -0.003642
3708.86 0.012605
3711.53 0.006850
3714.20 -0.020268
3716.87 -0.002874
3719.54 0.002861
3722.21 0.002838
3724.88 0.015549
3727.55 -0.004603
3730.22 0.043474
3732.89 0.001966
3735.56 0.006019
3738.23 0.019119
3740.90 0.042849
3743.57 -0.025604
3746.24 -0.008531
3748.91 0.014064
3751.58 -0.013834
3754.25 -0.013967
3756.92 0.017096
3759.59 -0.026622
3762.26 0.000353
3764.93 0.012050
3767.60 0.004124
3770.27 -0.021861
3772.94 -0.034316
3775.61 -0.014009
3778.28 0.006865
3780.95 0.019262
3783.62 -0.027761
3786.29 0.005722
3788.96 0.025087
3791.63 0.016702
3794.30 -0.013746
3796.97 -0.009036
3799.64 0.000421
3802.31 0.030621
3804.98 -0.002528
3807.65 0.007688
3810.32 0.009360
3812.99 -0.011013
3815.66 0.006289
3818.33 0.000626
3821.00 0.016526
3823.67 0.041277
3826.34 0.030936
3829.01 0.015786
3831.68 0.014897
3834.35 -0.002657
3837.02 -0.019892
3839.69 0.004879
3842.36 0.051019
3845.03 -0.025083
3847.70 -0.011305
3850.37 0.005390
3853.04 -0.004483
3855.71 0.003974
3858.38 -0.000107
3861.05 -0.022113
3863.72 -0.003975
3866.39 -0.007689
3869.06 -0.018358
3871.73 -0.016376
3874.40 -0.000198
3877.07 -0.002708
3879.74 -0.026269
3882.41 -0.013749
3885.08 -0.001087
3887.75 -0.033283
3890.42 -0.023646
3893.09 -0.018993
3895.76 -0.029241
3898.43 -0.033195
3901.10 -0.008931
3903.77 -0.012760
3906.44 -0.014419
3909.11 -0.012619
3911.78 -0.055653
3914.45 -0.001123
3917.12 -0.002975
3919.79 -0.002367
3922.46 -0.007719
3925.13 -0.032102
3927.80 -0.025783
3930.47 -0.015796
3933.14 -0.005056
3935.81 -0.016232
3938.48 0.023202
3941.15 -0.008036
3943.82 -0.003289
3946.49 -0.014493
3949.16 -0.022984
3951.83 0.010401
3954.50 0.000013
3957.17 -0.003163
3959.84 0.006242
3962.51 0.011194
3965.18 -0.008535
3967.85 0.023992
3970.52 0.007681
3973.19 0.024054
3975.86 0.043264
3978.53 0.005530
3981.20 0.020499
3983.87 -0.003382
3986.54 0.022246
3989.21 -0.017595
3991.88 0.012368
3994.55 0.004419
3997.22 -0.020388
3999.89 -0.031330
4002.56 0.016821
4005.23 0.011542
4007.90 -0.045185
4010.57 -0.006199
4013.24 0.010870
4015.91 -0.007319
4018.58 -0.014590
4021.25 -0.013710
4023.92 0.005162
4026.59 -0.006271
4029.26 -0.016288
4031.93 -0.010377
4034.60 0.020223
4037.27 0.012641
4039.94 -0.013130
4042.61 0.010184
4045.28 0.011728
4047.95 -0.016361
4050.62 -0.023912
4053.29 -0.005789
4055.96 0.009186
4058.63 -0.006464
4061.30 0.004346
4063.97 -0.021308
4066.64 -0.002001
4069.31 0.021882
4071.98 -0.004501
4074.65 0.025900
4077.32 -0.026839
4079.99 -0.010800
4082.66 0.013043
4085.33 0.016285
4088.00 -0.021712
4090.67 0.036306
4093.34 -0.019774
4096.01 0.009534
4098.68 -0.005853
4101.35 0.001006
4104.02 -0.030225
4106.69 -0.002732
4109.36 0.008702
4112.03 -0.023532
4114.70 0.011217
4117.37 -0.012521
4120.04 -0.005465
4122.71 0.023035
4125.38 -0.024192
4128.05 -0.019001
4130.72 0.033788
4133.39 -0.006294
4136.06 0.016245
4138.73 -0.034813
4141.40 0.004676
4144.07 -0.009232
4146.74 0.007780
4149.41 0.006058
4152.08 -0.023219
4154.75 -0.000003
4157.42 0.007184
4160.09 0.020806
4162.76 -0.016882
4165.43 -0.036845
4168.10 -0.013010
4170.77 -0.015901
4173.44 -0.024781
4176.11 0.014040
4178.78 -0.004929
4181.45 0.005232
4184.12 0.024757
4186.79 0.008342
4189.46 0.007116
4192.13 0.000395
4194.80 0.020227
4197.47 0.007410
4200.14 0.036523
4202.81 0.006160
4205.48 0.015825
4208.15 0.023408
4210.82 0.003543
4213.49 0.000944
4216.16 0.029666
4218.83 0.015408
4221.50 0.000303
4224.17 -0.007365
4226.84 0.006713
4229.51 -0.007851
4232.18 0.010316
4234.85 -0.006156
4237.52 -0.002544
4240.19 0.014828
4242.86 0.004800
4245.53 0.017286
4248.20 0.002308
4250.87 0.005946
4253.54 0.013613
4256.21 0.003446
4258.88 -0.008473
4261.55 0.004007
4264.22 -0.011581
4266.89 -0.002371
4269.56 -0.021492
4272.23 -0.016538
4274.90 -0.008119
4277.57 -0.008347
4280.24 -0.008935
4282.91 -0.028979
4285.58 -0.034811
4288.25 -0.004602
4290.92 -0.037058
4293.59 -0.011383
4296.26 -0.011082
4298.93 -0.024638
4301.60 -0.003673
4304.27 -0.019139
4306.94 -0.010108
4309.61 0.007773
4312.28 0.011114
4314.95 0.022756
4317.62 -0.003218
4320.29 0.009560
4322.96 0.024191
4325.63 0.032535
4328.30 0.026527
4330.97 0.009686
4333.64 0.025508
4336.31 0.032144
4338.98 0.017804
4341.65 0.023786
4344.32 0.029572
4346.99 0.022945
4349.66 0.024917
4352.33 0.000098
4355.00 -0.000545
4357.67 -0.009533
4360.34 0.007559
4363.01 0.028969
4365.68 0.011014
4368.35 -0.000163
4371.02 0.020128
4373.69 0.015385
4376.36 0.009616
4379.03 0.031901
4381.70 0.005612
4384.37 0.005801
4387.04 -0.010142
4389.71 0.018104
4392.38 0.020000
4395.05 0.016575
4397.72 -0.009514
4400.39 -0.007115
4403.06 -0.013261
4405.73 0.018185
4408.40 0.015392
4411.07 0.010008
4413.74 0.029296
4416.41 0.017146
4419.08 -0.022392
4421.75 -0.000126
4424.42 0.002544
4427.09 0.016626
4429.76 -0.001434
4432.43 0.022787
4435.10 0.007080
4437.77 0.011666
4440.44 0.015488
4443.11 0.012933
4445.78 0.010901
4448.45 0.004984
4451.12 0.008454
4453.79 -0.012797
4456.46 0.017014
4459.13 0.016926
4461.80 -0.000598
4464.47 0.017667
4467.14 0.003210
4469.81 0.013851
4472.48 0.020535
4475.15 0.014300
4477.82 0.001910
4480.49 0.006653
4483.16 -0.015617
4485.83 -0.003661
4488.50 0.001353
4491.17 0.002420
4493.84 0.007583
4496.51 0.024045
4499.18 0.009052
4501.85 0.019577
4504.52 -0.021639
4507.19 0.022796
4509.86 -0.023422
4512.53 -0.010926
4515.20 -0.023733
4517.87 -0.035900
4520.54 -0.028458
4523.21 0.003479
4525.88 -0.013671
4528.55 -0.024607
4531.22 0.002765
4533.89 0.008450
4536.56 0.002523
4539.23 -0.017372
4541.90 -0.003026
4544.57 -0.006537
4547.24 0.005077
4549.91 -0.015741
4552.58 -0.011313
4555.25 0.014416
4557.92 -0.014436
4560.59 -0.004366
4563.26 0.015902
4565.93 0.011722
4568.60 -0.012373
4571.27 -0.009021
4573.94 -0.001875
4576.61 -0.012351
4579.28 -0.010340
4581.95 -0.006021
4584.62 0.001423
4587.29 -0.003929
4589.96 0.007826
4592.63 0.010673
4595.30 -0.001460
4597.97 -0.007693
4600.64 0.010891
4603.31 0.006935
4605.98 -0.015222
4608.65 0.019634
4611.32 -0.012161
4613.99 -0.001360
4616.66 0.009980
4619.33 -0.007057
4622.00 -0.007629
4624.67 -0.006829
4627.34 -0.022674
4630.01 0.006447
4632.68 -0.009510
4635.35 0.013989
4638.02 0.002086
4640.69 0.012678
4643.36 0.001004
4646.03 -0.014532
4648.70 -0.023540
4651.37 -0.000387
4654.04 -0.014539
4656.71 -0.026140
4659.38 -0.013424
4662.05 -0.004860
4664.72 -0.022233
4667.39 -0.006279
4670.06 0.023151
4672.73 0.003777
4675.40 0.009939
4678.07 0.009268
4680.74 -0.003203
4683.41 -0.004231
4686.08 0.000466
4688.75 0.005514
4691.42 -0.038413
4694.09 -0.008260
4696.76 -0.013332
4699.43 0.018945
4702.10 0.000153
4704.77 0.013240
4707.44 0.000064
4710.11 -0.008537
4712.78 -0.006167
4715.45 -0.002279
4718.12 -0.006139
4720.79 0.006162
4723.46 -0.004258
4726.13 -0.001880
4728.80 0.005097
4731.47 0.005803
4734.14 0.023096
4736.81 0.013064
4739.48 0.016176
4742.15 0.011213
4744.82 0.016126
4747.49 0.001623
4750.16 0.020052
4752.83 0.026451
4755.50 0.026566
4758.17 0.004698
4760.84 -0.009746
4763.51 -0.000301
4766.18 -0.010115
4768.85 0.012754
4771.52 0.008439
4774.19 -0.004648
4776.86 -0.004687
4779.53 -0.006778
4782.20 -0.007710
4784.87 -0.048201
4787.54 -0.053172
4790.21 -0.020497
4792.88 -0.040295
4795.55 -0.042108
4798.22 -0.055672
4800.89 -0.044637
4803.56 -0.020791
4806.23 -0.037507
4808.90 -0.022175
4811.57 -0.032764
4814.24 -0.026863
4816.91 -0.008162
4819.58 0.007464
4822.25 -0.001671
4824.92 -0.015893
4827.59 0.011250
4830.26 0.015810
4832.93 0.009232
4835.60 0.030974
4838.27 0.020927
4840.94 0.004782
4843.61 0.019561
4846.28 0.015779
4848.95 -0.001128
4851.62 0.000780
4854.29 -0.016095
4856.96 -0.003209
4859.63 0.021454
4862.30 0.045491
4864.97 0.030323
4867.64 0.008259
4870.31 0.050911
4872.98 0.044955
4875.65 0.035019
4878.32 -0.000087
4880.99 -0.034623
4883.66 0.008306
4886.33 -0.014912
4889.00 -0.030432
4891.67 -0.010603
4894.34 -0.015040
4897.01 -0.026645
4899.68 0.033642
4902.35 0.043313
4905.02 0.020476
4907.69 0.011218
4910.36 0.005621
4913.03 0.012289
4915.70 0.005366
4918.37 0.000402
4921.04 -0.009799
4923.71 0.022539
4926.38 0.018618
4929.05 0.012677
4931.72 0.013058
4934.39 0.008360
4937.06 0.004667
4939.73 -0.012677
4942.40 -0.027851
4945.07 -0.008864
4947.74 -0.023001
4950.41 0.000673
4953.08 0.005376
4955.75 0.001656
4958.42 0.048168
4961.09 0.001755
4963.76 -0.016953
4966.43 -0.015362
4969.10 0.002914
4971.77 0.025702
4974.44 0.017199
4977.11 0.017823
4979.78 -0.019364
4982.45 0.013899
4985.12 0.013207
4987.79 -0.003316
4990.46 -0.000797
4993.13 -0.013261
4995.80 -0.021551
4998.47 -0.019037
5001.14 0.013704
5003.81 -0.007499
5006.48 0.030632
5009.15 -0.031063
5011.82 -0.027588
5014.49 0.020889
5017.16 0.049535
5019.83 0.014633
5022.50 0.005045
5025.17 0.026551
5027.84 0.021715
5030.51 0.030646
5033.18 0.000550
5035.85 -0.006793
5038.52 0.010813
5041.19 -0.007471
5043.86 -0.002110
5046.53 -0.009552
5049.20 -0.030957
5051.87 -0.002865
5054.54 -0.001487
5057.21 0.011409
5059.88 0.008618
5062.55 -0.021844
5065.22 -0.025880
5067.89 0.010508
5070.56 0.001190
5073.23 0.015604
5075.90 -0.009870
5078.57 -0.032187
5081.24 -0.016077
5083.91 0.013973
5086.58 0.000744
5089.25 0.020341
5091.92 0.012108
5094.59 0.008750
5097.26 -0.001164
5099.93 -0.003757
5102.60 0.013184
5105.27 -0.010184
5107.94 -0.003018
5110.61 -0.018207
5113.28 0.025938
5115.95 0.008454
5118.62 0.011139
5121.29 -0.010920
5123.96 -0.029310
5126.63 -0.004636
5129.30 -0.006641
5131.97 -0.017199
5134.64 0.016232
5137.31 -0.013759
5139.98 -0.022729
5142.65 0.027772
5145.32 0.019949
5147.99 0.004915
5150.66 0.012616
5153.33 0.039642
5156.00 -0.012347
5158.67 -0.007146
5161.34 0.010938
5164.01 0.011159
5166.68 -0.017859
5169.35 -0.018647
5172.02 -0.031570
5174.69 0.008350
5177.36 0.032651
5180.03 0.045692
5182.70 0.023521
5185.37 0.014879
5188.04 -0.000894
5190.71 0.015103
5193.38 0.009671
5196.05 -0.004480
5198.72 -0.007841
5201.39 0.019270
5204.06 0.001518
5206.73 0.023701
5209.40 0.023118
5212.07 -0.009310
5214.74 0.006771
5217.41 0.017692
5220.08 -0.013939
5222.75 -0.004221
5225.42 -0.021356
5228.09 0.013732
5230.76 0.010877
5233.43 -0.006150
5236.10 0.000860
5238.77 0.011543
5241.44 0.010087
5244.11 0.013418
5246.78 -0.004502
5249.45 0.000844
5252.12 0.000471
5254.79 0.010899
5257.46 -0.000910
5260.13 0.008296
5262.80 0.002727
5265.47 0.015266
5268.14 -0.002347
5270.81 -0.005876
5273.48 -0.019128
5276.15 -0.000429
5278.82 0.008166
5281.49 -0.017545
5284.16 0.000346
5286.83 0.023409
5289.50 0.005351
5292.17 -0.000799
5294.84 -0.013938
5297.51 -0.017863
5300.18 -0.030842
5302.85 -0.029988
5305.52 -0.031940
5308.19 -0.008796
5310.86 0.012171
5313.53 0.020349
5316.20 -0.013407
5318.87 -0.014226
5321.54 0.027326
5324.21 -0.018069
5326.88 0.004900
5329.55 -0.024487
5332.22 0.003027
5334.89 -0.012674
5337.56 0.011574
5340.23 -0.006532
5342.90 -0.014259
5345.57 0.008572
5348.24 -0.005908
5350.91 0.023588
5353.58 -0.003764
5356.25 0.026454
5358.92 0.007135
5361.59 -0.026991
5364.26 0.015469
5366.93 -0.014937
5369.60 0.007852
5372.27 0.033521
5374.94 -0.006855
5377.61 -0.002974
5380.28 0.005346
5382.95 -0.008835
5385.62 -0.030059
5388.29 0.009154
5390.96 0.013356
5393.63 0.023381
5396.30 0.000502
5398.97 -0.001638
5401.64 -0.001633
5404.31 -0.015680
5406.98 0.012614
5409.65 -0.026699
5412.32 -0.015787
5414.99 -0.013442
5417.66 0.027258
5420.33 0.007725
5423.00 -0.025292
5425.67 0.010560
5428.34 0.023409
5431.01 0.009602
5433.68 0.031013
5436.35 0.024474
5439.02 0.004787
5441.69 0.009074
5444.36 -0.016113
5447.03 -0.013064
5449.70 0.005751
5452.37 0.001320
5455.04 0.025935
5457.71 0.006659
5460.38 -0.005668
5463.05 -0.004314
5465.72 0.014055
5468.39 0.037777
5471.06 -0.015061
5473.73 0.012855
5476.40 0.020461
5479.07 -0.010945
5481.74 0.002306
5484.41 -0.011937
5487.08 0.005805
5489.75 0.012865
5492.42 0.004590
5495.09 0.007003
5497.76 -0.004715
5500.43 -0.027217
5503.10 -0.005730
5505.77 -0.034589
5508.44 0.020215
5511.11 0.040750
5513.78 0.015711
5516.45 -0.007638
5519.12 -0.004554
5521.79 0.014155
5524.46 -0.005797
5527.13 -0.020291
5529.80 -0.013442
5532.47 0.007217
5535.14 0.036188
5537.81 -0.000428
5540.48 -0.001791
5543.15 -0.013308
5545.82 -0.003576
5548.49 0.002388
5551.16 -0.024702
5553.83 0.023809
5556.50 -0.025716
5559.17 -0.000442
5561.84 0.003379
5564.51 -0.017088
5567.18 -0.026567
5569.85 0.018151
5572.52 -0.008789
5575.19 0.014863
5577.86 -0.022064
5580.53 -0.009521
5583.20 -0.001223
5585.87 -0.019060
5588.54 0.011657
5591.21 0.021281
5593.88 0.007203
5596.55 0.009647
5599.22 -0.012120
5601.89 -0.004519
5604.56 -0.006802
5607.23 -0.030166
5609.90 0.000285
5612.57 0.025168
5615.24 -0.036606
5617.91 -0.038562
5620.58 0.000168
5623.25 -0.041257
5625.92 -0.003168
5628.59 -0.009829
5631.26 -0.026326
5633.93 -0.029856
5636.60 0.009437
5639.27 0.020066
5641.94 0.002460
5644.61 0.007609
5647.28 -0.038883
5649.95 0.007592
5652.62 0.028316
5655.29 -0.012977
5657.96 0.002508
5660.63 0.016956
5663.30 0.001241
5665.97 0.015538
5668.64 -0.023974
5671.31 0.023668
5673.98 0.002708
5676.65 -0.003273
5679.32 0.008935
5681.99 -0.010962
5684.66 0.022136
5687.33 -0.007508
5690.00 0.027345
5692.67 0.028579
5695.34 -0.021005
5698.01 0.007624
5700.68 0.032193
5703.35 0.037472
5706.02 -0.033777
5708.69 -0.015796
5711.36 -0.011624
5714.03 0.006198
5716.70 -0.008811
5719.37 -0.007803
5722.04 -0.011693
5724.71 -0.002345
5727.38 -0.027447
5730.05 0.012327
5732.72 0.000191
5735.39 -0.005893
5738.06 0.010165
5740.73 0.013924
5743.40 -0.024952
5746.07 -0.013013
5748.74 -0.012362
5751.41 0.018966
5754.08 0.020621
5756.75 0.053171
5759.42 0.023956
5762.09 0.026970
5764.76 0.025223
5767.43 -0.015307
5770.10 -0.024794
5772.77 0.028788
5775.44 -0.004697
5778.11 0.030003
5780.78 0.054197
5783.45 0.000003
5786.12 -0.023723
5788.79 0.007332
5791.46 -0.015645
5794.13 0.005901
5796.80 -0.030351
5799.47 -0.026011
5802.14 -0.027569
5804.81 0.014603
5807.48 -0.008188
5810.15 0.021048
5812.82 -0.018046
5815.49 -0.017900
5818.16 0.036989
5820.83 -0.026436
5823.50 0.003740
5826.17 0.011339
5828.84 0.015712
5831.51 0.017053
5834.18 0.033568
5836.85 0.024248
5839.52 0.042319
5842.19 0.050012
5844.86 0.027956
5847.53 0.017014
5850.20 -0.000185
5852.87 0.016966
5855.54 0.028965
5858.21 -0.010445
5860.88 0.029816
5863.55 -0.035640
5866.22 0.017705
5868.89 0.014335
5871.56 0.020615
5874.23 0.018753
5876.90 0.004525
5879.57 0.034361
5882.24 0.044456
5884.91 0.022039
5887.58 0.033625
5890.25 0.009814
5892.92 -0.008868
5895.59 0.042902
5898.26 0.024592
5900.93 -0.019493
5903.60 -0.039350
5906.27 -0.017578
5908.94 -0.020821
5911.61 -0.051896
5914.28 -0.018635
5916.95 -0.020582
5919.62 -0.028471
5922.29 0.014819
5924.96 -0.028572
5927.63 0.003849
5930.30 0.010909
5932.97 -0.008200
5935.64 0.000942
5938.31 0.007095
5940.98 -0.021247
5943.65 0.033124
5946.32 0.018403
5948.99 -0.005657
5951.66 0.016041
5954.33 0.007149
5957.00 0.023674
5959.67 -0.011880
5962.34 0.014206
5965.01 0.040658
5967.68 -0.005760
5970.35 -0.038481
5973.02 0.018960
5975.69 -0.012309
5978.36 -0.002346
5981.03 0.034027
5983.70 -0.016122
5986.37 0.007711
5989.04 0.001825
5991.71 0.049846
5994.38 0.019625
5997.05 -0.027318
5999.72 -0.019805
6002.39 0.049450
6005.06 0.014117
6007.73 0.004472
6010.40 -0.023801
6013.07 0.013630
6015.74 -0.033049
6018.41 -0.028470
6021.08 0.012419
6023.75 -0.009236
6026.42 -0.020312
6029.09 0.000905
6031.76 0.048129
6034.43 0.006466
6037.10 -0.005326
6039.77 0.009064
6042.44 -0.002842
6045.11 -0.026029
6047.78 -0.006343
6050.45 -0.046002
6053.12 -0.023514
6055.79 0.030024
6058.46 -0.010191
6061.13 -0.012010
6063.80 -0.063391
6066.47 -0.043684
6069.14 -0.013732
6071.81 -0.061638
6074.48 -0.044077
6077.15 -0.041049
6079.82 -0.061757
6082.49 -0.007356
6085.16 -0.018043
6087.83 -0.043586
6090.50 -0.035285
6093.17 -0.037027
6095.84 -0.000454
6098.51 -0.026950
6101.18 -0.048804
6103.85 -0.034779
6106.52 -0.000474
6109.19 0.034558
6111.86 0.008149
6114.53 -0.009236
6117.20 -0.006569
6119.87 0.063484
6122.54 0.009605
6125.21 -0.011957
6127.88 0.031830
6130.55 0.030342
6133.22 0.035477
6135.89 -0.058692
6138.56 -0.038823
6141.23 -0.026813
6143.90 -0.006802
6146.57 -0.028512
6149.24 -0.027806
6151.91 -0.059292
6154.58 -0.034408
6157.25 -0.053344
6159.92 -0.046354
6162.59 -0.036720
6165.26 -0.013526
6167.93 0.006511
6170.60 -0.031457
6173.27 -0.020661
6175.94 -0.028001
6178.61 0.020087
6181.28 0.006154
6183.95 -0.017883
6186.62 -0.018173
6189.29 -0.035340
6191.96 -0.025372
6194.63 -0.039082
6197.30 -0.012129
6199.97 -0.020541
6202.64 -0.045592
6205.31 -0.008164
6207.98 0.018653
6210.65 -0.056126
6213.32 -0.010373
6215.99 -0.050569
6218.66 -0.029306
6221.33 -0.019228
6224.00 0.009618
6226.67 -0.002753
6229.34 -0.019087
6232.01 -0.037467
6234.68 -0.017104
6237.35 0.010885
6240.02 0.033136
6242.69 0.018082
6245.36 0.035740
6248.03 0.008322
6250.70 0.054255
6253.37 0.015726
6256.04 0.019689
6258.71 0.011475
6261.38 0.026589
6264.05 0.012263
6266.72 0.011503
6269.39 0.010611
6272.06 -0.027852
6274.73 -0.018732
6277.40 0.003824
6280.07 -0.026767
6282.74 -0.013931
6285.41 -0.005263
6288.08 -0.059195
6290.75 -0.000899
6293.42 0.015252
6296.09 -0.013796
6298.76 0.017402
6301.43 0.041074
6304.10 0.017378
6306.77 -0.004805
6309.44 -0.023735
6312.11 -0.010658
6314.78 0.011888
6317.45 0.017172
6320.12 -0.004729
6322.79 0.016278
6325.46 0.010079
6328.13 0.004517
6330.80 0.023849
6333.47 -0.003818
6336.14 -0.001883
6338.81 0.022061
6341.48 0.009706
6344.15 -0.000610
6346.82 0.010274
6349.49 0.020127
6352.16 0.003102
6354.83 -0.000442
6357.50 0.000691
6360.17 0.005031
6362.84 0.030589
6365.51 0.023244
6368.18 -0.005238
6370.85 -0.022460
6373.52 0.000865
6376.19 -0.000156
6378.86 0.022873
6381.53 0.039058
6384.20 0.027064
6386.87 -0.007660
6389.54 0.013716
6392.21 -0.021774
6394.88 0.008828
6397.55 0.016873
6400.22 0.030666
6402.89 0.010004
6405.56 0.019189
6408.23 0.040450
6410.90 -0.010325
6413.57 0.015834
6416.24 0.025170
6418.91 0.011444
6421.58 0.041501
6424.25 0.010497
6426.92 -0.006481
6429.59 -0.000232
6432.26 0.015822
6434.93 0.020679
6437.60 0.032284
6440.27 0.022666
6442.94 0.016891
6445.61 0.020564
6448.28 0.036888
6450.95 0.028766
6453.62 0.018133
6456.29 0.020467
6458.96 0.005833
6461.63 0.022541
6464.30 0.031927
6466.97 0.009466
6469.64 0.024145
6472.31 0.043840
6474.98 0.011175
6477.65 0.011976
6480.32 0.016061
6482.99 0.036810
6485.66 0.028495
6488.33 0.023451
6491.00 0.011861
6493.67 0.011342
6496.34 0.026695
6499.01 0.019107
6501.68 0.016010
6504.35 0.010772
6507.02 -0.003000
6509.69 -0.005471
6512.36 0.000173
6515.03 -0.015698
6517.70 -0.014133
6520.37 -0.005799
6523.04 0.003917
6525.71 0.013069
6528.38 0.002122
6531.05 0.000269
6533.72 0.015811
6536.39 0.002914
6539.06 0.003415
6541.73 0.007204
6544.40 -0.001190
6547.07 -0.000499
6549.74 -0.001544
6552.41 -0.001213
6555.08 -0.029644
6557.75 -0.035378
6560.42 -0.011253
6563.09 -0.018693
6565.76 -0.035481
6568.43 -0.038722
6571.10 -0.035004
6573.77 -0.031378
6576.44 -0.033252
6579.11 -0.022647
6581.78 -0.019931
6584.45 -0.008646
6587.12 -0.002576
6589.79 0.000836
6592.46 -0.002431
6595.13 -0.004085
6597.80 0.002519
6600.47 0.004391
6603.14 -0.001430
6605.81 0.006472
6608.48 -0.001640
6611.15 0.005442
6613.82 0.000600
6616.49 -0.001923
6619.16 0.011681
6621.83 0.005187
6624.50 0.008563
6627.17 0.006895
6629.84 0.013445
6632.51 0.013750
6635.18 0.010458
6637.85 0.010185
6640.52 0.011720
6643.19 0.011682
6645.86 0.018512
6648.53 0.011175
6651.20 0.010208
6653.87 0.013139
6656.54 0.007979
6659.21 0.000591
6661.88 0.003297
6664.55 0.002608
6667.22 0.006626
6669.89 0.005725
6672.56 0.000919
6675.23 -0.001430
6677.90 -0.003854
6680.57 0.003096
6683.24 0.001689
6685.91 0.001424
6688.58 -0.001147
6691.25 -0.006145
6693.92 0.000676
6696.59 -0.000581
6699.26 -0.002574
6701.93 0.000237
6704.60 -0.002573
6707.27 -0.003377
6709.94 0.001728
6712.61 0.001710
6715.28 0.001752
6717.95 0.001795
6720.62 0.001730
6723.29 0.001718
6725.96 0.001708
6728.63 0.001677
6731.30 0.001676
6733.97 0.001661
6736.64 0.001611
6739.31 0.001561
6741.98 0.001545
6744.65 0.001538
6747.32 0.001494
6749.99 0.001474
6752.66 0.001469
6755.33 0.001454
6758.00 0.001467
6760.67 0.001439
6763.34 0.001444
6766.01 0.001423
6768.68 0.001417
6771.35 0.001418
6774.02 0.001437
6776.69 0.001410
6779.36 0.001404
6782.03 0.001406
6784.70 0.001434
6787.37 0.001451
6790.04 0.001427
6792.71 0.001420
6795.38 0.001417
6798.05 0.001387
6800.72 0.001390
6803.39 0.001403
6806.06 0.001411
6808.73 0.001385
6811.40 0.001393
6814.07 0.001395
6816.74 0.001407
6819.41 0.001435
6822.08 0.001389
6824.75 0.001402
6827.42 0.001393
6830.09 0.001414
6832.76 0.001391
6835.43 0.001389
6838.10 0.001392
6840.77 0.001397
6843.44 0.001368
6846.11 0.001362
6848.78 0.001371
6851.45 0.001356
6854.12 0.001365
6856.79 0.001375
6859.46 0.001372
6862.13 0.001342
6864.80 0.001367
6867.47 0.001405
6870.14 0.001372
6872.81 0.001398
6875.48 0.001376
6878.15 0.001381
6880.82 0.001374
6883.49 0.001372
6886.16 0.001387
6888.83 0.001310
6891.50 0.001382
6894.17 0.001376
6896.84 0.001362
6899.51 0.001369
6902.18 0.001369
6904.85 0.001340
6907.52 0.001317
6910.19 0.001399
6912.86 0.001433
6915.53 0.001442
6918.20 0.001435
6920.87 0.001374
6923.54 0.001389
6926.21 0.001366
6928.88 0.001382
6931.55 0.001389
6934.22 0.001384
6936.89 0.001394
6939.56 0.001408
6942.23 0.001352
6944.90 0.001324
6947.57 0.001325
6950.24 0.001401
6952.91 0.001431
6955.58 0.001451
6958.25 0.001426
6960.92 0.001448
6963.59 0.001451
6966.26 0.001440
6968.93 0.001469
6971.60 0.001418
6974.27 0.001465
6976.94 0.001492
6979.61 0.001515
6982.28 0.001573
6984.95 0.001544
6987.62 0.001558
6990.29 0.001518
6992.96 0.001523
6995.63 0.001548
6998.30 0.001545
7000.97 0.001525
7003.64 0.001527
7006.31 0.001531
7008.98 0.001465
7011.65 0.001523
7014.32 0.001517
7016.99 0.001481
7019.66 0.001542
7022.33 0.001508
7025.00 0.001547
7027.67 0.001574
7030.34 0.001548
7033.01 0.001553
7035.68 0.001558
7038.35 0.001588
7041.02 0.001644
7043.69 0.001592
7046.36 0.001562
7049.03 0.001619
7051.70 0.001579
7054.37 0.001526
7057.04 0.001480
7059.71 0.001480
7062.38 0.001557
7065.05 0.001623
7067.72 0.001571
7070.39 0.001537
7073.06 0.001456
7075.73 0.001522
7078.40 0.001553
7081.07 0.001573
7083.74 0.001538
7086.41 0.001459
7089.08 0.001443
7091.75 0.001531
7094.42 0.001521
7097.09 0.001497
7099.76 0.001475
7102.43 0.001488
7105.10 0.001505
7107.77 0.001568
7110.44 0.001556
7113.11 0.001569
7115.78 0.001553
7118.45 0.001597
7121.12 0.001547
7123.79 0.001563
7126.46 0.001568
7129.13 0.001578
7131.80 0.001596
7134.47 0.001567
7137.14 0.001603
7139.81 0.001570
7142.48 0.001549
7145.15 0.001545
7147.82 0.001542
7150.49 0.001544
7153.16 0.001521
7155.83 0.001512
7158.50 0.001556
7161.17 0.001521
7163.84 0.001537
7166.51 0.001490
7169.18 0.001537
7171.85 0.001535
7174.52 0.001563
7177.19 0.001550
7179.86 0.001555
7182.53 0.001577
7185.20 0.001636
7187.87 0.001587
7190.54 0.001555
7193.21 0.001506
7195.88 0.001493
7198.55 0.001583
7201.22 0.001483
7203.89 0.001497
7206.56 0.001485
7209.23 0.001483
7211.90 0.001531
7214.57 0.001534
7217.24 0.001496
7219.91 0.001517
7222.58 0.001505
7225.25 0.001545
7227.92 0.001572
7230.59 0.001516
7233.26 0.001495
7235.93 0.001530
7238.60 0.001550
7241.27 0.001531
7243.94 0.001538
7246.61 0.001503
7249.28 0.001509
7251.95 0.001524
7254.62 0.001514
7257.29 0.001520
7259.96 0.001492
7262.63 0.001474
7265.30 0.001502
7267.97 0.001491
7270.64 0.001504
7273.31 0.001539
7275.98 0.001514
7278.65 0.001480
7281.32 0.001431
7283.99 0.001460
7286.66 0.001534
7289.33 0.001544
7292.00 0.001482
7294.67 0.001494
7297.34 0.001525
7300.01 0.001504
7302.68 0.001503
7305.35 0.001486
7308.02 0.001573
7310.69 0.001506
7313.36 0.001534
7316.03 0.001530
7318.70 0.001587
7321.37 0.001600
7324.04 0.001567
7326.71 0.001574
7329.38 0.001576
7332.05 0.001544
7334.72 0.001561
7337.39 0.001556
7340.06 0.001513
7342.73 0.001531
7345.40 0.001509
7348.07 0.001512
7350.74 0.001505
7353.41 0.001492
7356.08 0.001478
7358.75 0.001556
7361.42 0.001511
7364.09 0.001524
7366.76 0.001539
7369.43 0.001534
7372.10 0.001509
7374.77 0.001537
7377.44 0.001462
7380.11 0.001547
7382.78 0.001559
7385.45 0.001476
7388.12 0.001494
7390.79 0.001492
7393.46 0.001494
7396.13 0.001473
7398.80 0.001479
7401.47 0.001432
7404.14 0.001508
7406.81 0.001491
7409.48 0.001482
7412.15 0.001519
7414.82 0.001397
7417.49 0.001451
7420.16 0.001489
7422.83 0.001539
7425.50 0.001494
7428.17 0.001499
7430.84 0.001413
7433.51 0.001430
7436.18 0.001476
7438.85 0.001439
7441.52 0.001474
7444.19 0.001505
7446.86 0.001473
7449.53 0.001430
7452.20 0.001482
7454.87 0.001489
7457.54 0.001539
7460.21 0.001553
7462.88 0.001519
7465.55 0.001556
7468.22 0.001545
7470.89 0.001541
7473.56 0.001557
7476.23 0.001564
7478.90 0.001540
7481.57 0.001554
7484.24 0.001538
7486.91 0.001536
7489.58 0.001574
7492.25 0.001545
7494.92 0.001534
7497.59 0.001526
