2486.00 0.054562
2488.67 0.054728
2491.34 0.054774
2494.01 0.056139
2496.68 0.041198
2499.35 0.063415
2502.02 0.012243
2504.69 0.056591
2507.36 0.037068
2510.03 -0.006999
2512.70 0.031029
2515.37 0.075735
2518.04 0.035431
2520.71 0.047165
2523.38 0.001271
2526.05 0.056112
2528.72 0.012975
2531.39 0.018711
2534.06 0.015487
2536.73 -0.046663
2539.40 0.019552
2542.07 -0.048938
2544.74 -0.058616
2547.41 -0.082216
2550.08 -0.055632
2552.75 -0.107522
2555.42 -0.062036
2558.09 -0.145396
2560.76 -0.011806
2563.43 -0.109989
2566.10 -0.088176
2568.77 -0.070452
2571.44 -0.001611
2574.11 -0.022258
2576.78 -0.044682
2579.45 -0.013497
2582.12 0.066284
2584.79 0.039433
2587.46 -0.085615
2590.13 -0.105459
2592.80 0.013798
2595.47 -0.036565
2598.14 -0.043649
2600.81 -0.080488
2603.48 -0.048946
2606.15 0.043379
2608.82 -0.027885
2611.49 -0.004134
2614.16 0.020352
2616.83 0.016746
2619.50 0.052525
2622.17 0.000977
2624.84 -0.032483
2627.51 -0.024204
2630.18 -0.012119
2632.85 -0.045398
2635.52 0.023366
2638.19 0.067783
2640.86 -0.007463
2643.53 0.000828
2646.20 -0.007601
2648.87 0.016442
2651.54 -0.035503
2654.21 0.067558
2656.88 0.047248
2659.55 0.034630
2662.22 0.083702
2664.89 0.079908
2667.56 0.012023
2670.23 -0.005368
2672.90 0.134056
2675.57 0.051162
2678.24 0.057413
2680.91 0.051674
2683.58 0.089874
2686.25 0.021333
2688.92 0.061532
2691.59 -0.009026
2694.26 0.010006
2696.93 0.013047
2699.60 0.041943
2702.27 0.014549
2704.94 0.028733
2707.61 0.023787
2710.28 0.023872
2712.95 0.003867
2715.62 -0.022379
2718.29 0.008607
2720.96 0.017214
2723.63 -0.009178
2726.30 0.028654
2728.97 -0.031459
2731.64 0.024950
2734.31 0.034042
2736.98 0.020969
2739.65 0.014985
2742.32 0.007642
2744.99 0.020674
2747.66 0.077950
2750.33 0.073938
2753.00 0.034385
2755.67 0.058455
2758.34 0.059121
2761.01 0.000895
2763.68 0.036774
2766.35 0.055589
2769.02 0.029673
2771.69 0.034128
2774.36 0.029804
2777.03 -0.003244
2779.70 -0.023566
2782.37 -0.012091
2785.04 -0.009948
2787.71 0.018771
2790.38 -0.061092
2793.05 -0.074216
2795.72 -0.048847
2798.39 -0.087697
2801.06 0.019026
2803.73 -0.023545
2806.40 0.051519
2809.07 0.056261
2811.74 0.062255
2814.41 0.069821
2817.08 -0.002853
2819.75 -0.018617
2822.42 -0.022220
2825.09 -0.079930
2827.76 -0.052126
2830.43 -0.067443
2833.10 -0.098890
2835.77 -0.075855
2838.44 -0.072356
2841.11 -0.083048
2843.78 -0.056029
2846.45 -0.058884
2849.12 -0.041712
2851.79 -0.082406
2854.46 -0.073183
2857.13 -0.034690
2859.80 -0.021868
2862.47 -0.046050
2865.14 -0.007925
2867.81 -0.020391
2870.48 0.002501
2873.15 -0.028985
2875.82 -0.009496
2878.49 -0.020931
2881.16 -0.015202
2883.83 -0.031663
2886.50 -0.045940
2889.17 -0.037537
2891.84 -0.038837
2894.51 -0.018188
2897.18 0.022780
2899.85 -0.012989
2902.52 0.009340
2905.19 0.024349
2907.86 -0.012489
2910.53 -0.024788
2913.20 0.015875
2915.87 0.003410
2918.54 0.007090
2921.21 -0.005342
2923.88 -0.008511
2926.55 0.023866
2929.22 0.023050
2931.89 0.029926
2934.56 -0.011161
2937.23 0.004878
2939.90 0.023366
2942.57 0.021487
2945.24 0.039520
2947.91 0.034127
2950.58 0.042030
2953.25 0.004099
2955.92 0.004317
2958.59 0.014549
2961.26 0.039956
2963.93 0.019172
2966.60 -0.002643
2969.27 0.015076
2971.94 0.024158
2974.61 -0.004707
2977.28 0.005958
2979.95 -0.034729
2982.62 0.035756
2985.29 0.023780
2987.96 -0.013592
2990.63 0.012929
2993.30 -0.010690
2995.97 0.026755
2998.64 0.018885
3001.31 0.044335
3003.98 0.022818
3006.65 -0.013784
3009.32 0.020362
3011.99 0.028984
3014.66 -0.016035
3017.33 -0.003792
3020.00 0.012805
3022.67 0.031001
3025.34 -0.039891
3028.01 0.017851
3030.68 0.002201
3033.35 0.000166
3036.02 0.026814
3038.69 0.012153
3041.36 -0.019501
3044.03 0.014433
3046.70 -0.033845
3049.37 0.039024
3052.04 0.021941
3054.71 -0.005468
3057.38 0.039314
3060.05 -0.002560
3062.72 -0.007137
3065.39 0.013867
3068.06 0.013858
3070.73 -0.000974
3073.40 0.009408
3076.07 -0.033421
3078.74 0.003619
3081.41 0.017430
3084.08 -0.010939
3086.75 0.008073
3089.42 0.004498
3092.09 0.036564
3094.76 0.024949
3097.43 0.003502
3100.10 -0.012450
3102.77 0.011008
3105.44 0.002376
3108.11 0.009372
3110.78 0.017419
3113.45 -0.007834
3116.12 0.020570
3118.79 0.019964
3121.46 -0.017340
3124.13 -0.002171
3126.80 0.000323
3129.47 -0.005804
3132.14 -0.035119
3134.81 0.002963
3137.48 -0.031510
3140.15 -0.001517
3142.82 -0.008277
3145.49 -0.026813
3148.16 -0.007376
3150.83 -0.020047
3153.50 -0.010841
3156.17 0.011440
3158.84 0.000300
3161.51 0.002253
3164.18 0.029629
3166.85 0.005781
3169.52 -0.006467
3172.19 -0.005894
3174.86 -0.000935
3177.53 -0.040236
3180.20 -0.012746
3182.87 0.027084
3185.54 -0.029805
3188.21 0.014589
3190.88 -0.030257
3193.55 -0.031035
3196.22 0.012302
3198.89 -0.030308
3201.56 -0.029757
3204.23 0.014934
3206.90 -0.008173
3209.57 -0.027633
3212.24 -0.033900
3214.91 -0.023577
3217.58 -0.011370
3220.25 -0.006576
3222.92 0.007866
3225.59 -0.042960
3228.26 0.010091
3230.93 0.003206
3233.60 -0.041610
3236.27 -0.023853
3238.94 -0.006333
3241.61 0.031622
3244.28 -0.004888
3246.95 0.003236
3249.62 -0.015731
3252.29 0.021132
3254.96 -0.034383
3257.63 -0.030234
3260.30 -0.005793
3262.97 -0.016722
3265.64 -0.017875
3268.31 -0.011167
3270.98 0.000886
3273.65 0.019370
3276.32 -0.023957
3278.99 0.009935
3281.66 0.005092
3284.33 -0.002395
3287.00 -0.002209
3289.67 0.014644
3292.34 0.003681
3295.01 -0.005162
3297.68 -0.016419
3300.35 0.002458
3303.02 -0.007169
3305.69 0.022683
3308.36 0.035183
3311.03 0.003299
3313.70 -0.012878
3316.37 0.016253
3319.04 0.008686
3321.71 0.003893
3324.38 -0.003368
3327.05 -0.024569
3329.72 0.003345
3332.39 -0.016837
3335.06 0.005674
3337.73 -0.006996
3340.40 -0.011665
3343.07 -0.008520
3345.74 0.006474
3348.41 -0.016517
3351.08 0.019593
3353.75 -0.015926
3356.42 0.021425
3359.09 -0.011845
3361.76 0.002607
3364.43 -0.006939
3367.10 0.003387
3369.77 -0.028998
3372.44 -0.026997
3375.11 0.007640
3377.78 -0.014446
3380.45 -0.008395
3383.12 0.011542
3385.79 0.003042
3388.46 0.019737
3391.13 -0.012794
3393.80 0.005600
3396.47 0.000552
3399.14 0.004895
3401.81 0.005016
3404.48 0.028625
3407.15 -0.016197
3409.82 0.018024
3412.49 0.033964
3415.16 0.011909
3417.83 -0.006561
3420.50 -0.001073
3423.17 -0.004626
3425.84 -0.029756
3428.51 -0.059799
3431.18 0.023403
3433.85 -0.004986
3436.52 -0.005946
3439.19 0.015090
3441.86 -0.012559
3444.53 0.001201
3447.20 -0.006130
3449.87 -0.012913
3452.54 -0.025427
3455.21 -0.017504
3457.88 0.020539
3460.55 -0.017196
3463.22 -0.019697
3465.89 0.014930
3468.56 0.004146
3471.23 0.030217
3473.90 -0.000892
3476.57 0.026088
3479.24 0.001271
3481.91 -0.002050
3484.58 0.018685
3487.25 0.000419
3489.92 0.008076
3492.59 0.017792
3495.26 0.027076
3497.93 -0.003350
3500.60 0.009954
3503.27 -0.011962
3505.94 0.003262
3508.61 0.032257
3511.28 0.027363
3513.95 0.000789
3516.62 0.009533
3519.29 0.018645
3521.96 0.020483
3524.63 0.017455
3527.30 0.017998
3529.97 0.017271
3532.64 0.027949
3535.31 0.017813
3537.98 0.019015
3540.65 0.024158
3543.32 0.008483
3545.99 0.001858
3548.66 -0.001362
3551.33 -0.013373
3554.00 -0.003352
3556.67 0.005473
3559.34 0.014286
3562.01 -0.008244
3564.68 -0.007726
3567.35 0.007989
3570.02 0.015792
3572.69 -0.004019
3575.36 -0.012729
3578.03 -0.033296
3580.70 0.019919
3583.37 0.015448
3586.04 -0.007015
3588.71 0.016375
3591.38 0.014477
3594.05 0.007059
3596.72 0.016517
3599.39 0.007328
3602.06 0.020907
3604.73 0.010922
3607.40 0.013213
3610.07 0.013540
3612.74 0.018785
3615.41 -0.011510
3618.08 0.019608
3620.75 -0.003889
3623.42 0.005926
3626.09 0.003033
3628.76 -0.001539
3631.43 0.007916
3634.10 0.020863
3636.77 0.008459
3639.44 0.028336
3642.11 0.014007
3644.78 0.005246
3647.45 0.006504
3650.12 -0.014135
3652.79 -0.008332
3655.46 -0.001988
3658.13 0.005558
3660.80 0.011699
3663.47 -0.003834
3666.14 -0.006954
3668.81 -0.007422
3671.48 0.012121
3674.15 0.032355
3676.82 -0.001156
3679.49 -0.001490
3682.16 -0.031798
3684.83 0.014844
3687.50 0.004783
3690.17 -0.023073
3692.84 0.003942
3695.51 -0.003310
3698.18 0.014453
3700.85 -0.007751
3703.52 -0.000900
3706.19 0.005405
3708.86 0.001509
3711.53 0.002036
3714.20 0.015166
3716.87 0.007839
3719.54 0.029915
3722.21 0.006320
3724.88 0.027142
3727.55 -0.026684
3730.22 0.004610
3732.89 0.079393
3735.56 0.031513
3738.23 -0.011718
3740.90 -0.018608
3743.57 -0.015520
3746.24 -0.008074
3748.91 0.021399
3751.58 -0.004795
3754.25 -0.003356
3756.92 -0.007678
3759.59 -0.000402
3762.26 -0.019853
3764.93 -0.027108
3767.60 -0.002998
3770.27 0.007808
3772.94 -0.020402
3775.61 -0.013586
3778.28 -0.007655
3780.95 -0.034706
3783.62 -0.020083
3786.29 -0.017060
3788.96 -0.017183
3791.63 -0.011221
3794.30 -0.012453
3796.97 -0.016388
3799.64 -0.015758
3802.31 -0.021216
3804.98 0.017937
3807.65 -0.011370
3810.32 0.002353
3812.99 0.012908
3815.66 -0.002598
3818.33 -0.014990
3821.00 0.010051
3823.67 -0.024612
3826.34 -0.013985
3829.01 -0.001233
3831.68 0.006193
3834.35 0.019860
3837.02 -0.011754
3839.69 -0.005458
3842.36 -0.022667
3845.03 0.014792
3847.70 0.006146
3850.37 -0.017771
3853.04 -0.006985
3855.71 0.007664
3858.38 0.013300
3861.05 0.007556
3863.72 0.018030
3866.39 0.034884
3869.06 -0.006072
3871.73 0.006824
3874.40 0.031417
3877.07 0.013808
3879.74 0.029141
3882.41 0.001978
3885.08 0.010027
3887.75 -0.004331
3890.42 0.011559
3893.09 0.021929
3895.76 0.014537
3898.43 -0.003807
3901.10 0.008095
3903.77 -0.002404
3906.44 0.014305
3909.11 0.014340
3911.78 -0.003170
3914.45 -0.013127
3917.12 -0.023775
3919.79 -0.020883
3922.46 -0.011404
3925.13 -0.015549
3927.80 0.011171
3930.47 0.008736
3933.14 -0.016789
3935.81 -0.030732
3938.48 -0.034587
3941.15 -0.023370
3943.82 0.009902
3946.49 -0.000149
3949.16 0.005412
3951.83 -0.005771
3954.50 -0.007934
3957.17 -0.002391
3959.84 -0.012264
3962.51 -0.007359
3965.18 0.003259
3967.85 0.005145
3970.52 -0.022647
3973.19 -0.021343
3975.86 -0.013040
3978.53 -0.030165
3981.20 -0.021017
3983.87 -0.000893
3986.54 -0.017640
3989.21 -0.007946
3991.88 -0.019237
3994.55 -0.033668
3997.22 -0.002477
3999.89 0.002449
4002.56 -0.009128
4005.23 -0.021188
4007.90 0.002234
4010.57 -0.000341
4013.24 -0.013374
4015.91 0.013138
4018.58 0.001773
4021.25 -0.004789
4023.92 -0.007624
4026.59 -0.006470
4029.26 -0.016525
4031.93 -0.005193
4034.60 0.010763
4037.27 -0.024455
4039.94 0.012230
4042.61 0.002542
4045.28 -0.003985
4047.95 -0.005618
4050.62 0.001074
4053.29 0.016450
4055.96 0.006633
4058.63 0.011271
4061.30 -0.006561
4063.97 0.026956
4066.64 0.010017
4069.31 -0.009874
4071.98 0.011582
4074.65 0.007348
4077.32 0.032715
4079.99 0.005864
4082.66 0.012524
4085.33 0.000127
4088.00 0.016733
4090.67 0.012196
4093.34 0.002957
4096.01 0.033634
4098.68 0.007828
4101.35 -0.013768
4104.02 -0.019574
4106.69 -0.002234
4109.36 -0.019593
4112.03 -0.002670
4114.70 -0.000142
4117.37 0.025389
4120.04 0.022698
4122.71 -0.004680
4125.38 0.020073
4128.05 -0.011364
4130.72 -0.008043
4133.39 0.000228
4136.06 -0.005258
4138.73 0.016813
4141.40 0.001335
4144.07 0.018440
4146.74 0.011778
4149.41 0.011993
4152.08 0.007287
4154.75 -0.003511
4157.42 -0.005924
4160.09 -0.010159
4162.76 0.009266
4165.43 0.010885
4168.10 0.021413
4170.77 0.004165
4173.44 0.001560
4176.11 -0.008829
4178.78 -0.013118
4181.45 -0.015142
4184.12 -0.023930
4186.79 -0.002082
4189.46 -0.002732
4192.13 0.010356
4194.80 0.009279
4197.47 0.014728
4200.14 -0.007351
4202.81 -0.009726
4205.48 -0.008169
4208.15 -0.007549
4210.82 -0.003119
4213.49 0.000995
4216.16 -0.012285
4218.83 0.000698
4221.50 -0.019270
4224.17 0.011292
4226.84 0.011471
4229.51 -0.002408
4232.18 0.000123
4234.85 -0.008049
4237.52 0.000217
4240.19 -0.000900
4242.86 0.004497
4245.53 0.014914
4248.20 0.005273
4250.87 0.009566
4253.54 -0.011879
4256.21 -0.002407
4258.88 -0.016408
4261.55 -0.010310
4264.22 0.005457
4266.89 -0.000955
4269.56 0.007038
4272.23 0.012537
4274.90 0.006910
4277.57 -0.003213
4280.24 -0.015338
4282.91 0.010728
4285.58 0.005435
4288.25 0.014783
4290.92 0.000451
4293.59 0.010389
4296.26 -0.002850
4298.93 0.012740
4301.60 0.000476
4304.27 -0.009532
4306.94 -0.008473
4309.61 -0.009789
4312.28 -0.003000
4314.95 -0.025878
4317.62 -0.012689
4320.29 0.007579
4322.96 0.008867
4325.63 0.004439
4328.30 0.016597
4330.97 0.006624
4333.64 -0.003380
4336.31 -0.000083
4338.98 0.009644
4341.65 -0.015563
4344.32 -0.021466
4346.99 0.000571
4349.66 0.014761
4352.33 0.016479
4355.00 0.021473
4357.67 0.024682
4360.34 0.032716
4363.01 0.038927
4365.68 0.031312
4368.35 0.012575
4371.02 0.027885
4373.69 0.015102
4376.36 0.003176
4379.03 -0.003529
4381.70 0.002778
4384.37 -0.007097
4387.04 -0.000873
4389.71 -0.020247
4392.38 -0.029984
4395.05 -0.026520
4397.72 -0.012930
4400.39 -0.025401
4403.06 -0.022454
4405.73 -0.021597
4408.40 0.003679
4411.07 -0.009855
4413.74 -0.034436
4416.41 -0.021956
4419.08 -0.041566
4421.75 -0.020339
4424.42 -0.002061
4427.09 -0.014089
4429.76 -0.011806
4432.43 -0.002631
4435.10 -0.009087
4437.77 -0.022186
4440.44 -0.027864
4443.11 -0.016414
4445.78 -0.021857
4448.45 -0.018806
4451.12 -0.008698
4453.79 -0.020774
4456.46 -0.000467
4459.13 -0.019547
4461.80 -0.001047
4464.47 -0.023346
4467.14 -0.014679
4469.81 -0.031955
4472.48 0.001881
4475.15 -0.007756
4477.82 0.014591
4480.49 0.004050
4483.16 0.014881
4485.83 0.004271
4488.50 -0.013327
4491.17 -0.000209
4493.84 -0.010596
4496.51 0.005862
4499.18 -0.000201
4501.85 -0.007424
4504.52 -0.011306
4507.19 -0.006793
4509.86 0.006290
4512.53 -0.011220
4515.20 -0.015572
4517.87 0.014709
4520.54 -0.004278
4523.21 -0.000883
4525.88 -0.009709
4528.55 -0.001266
4531.22 -0.000497
4533.89 -0.000822
4536.56 0.012319
4539.23 0.003376
4541.90 -0.008106
4544.57 -0.000772
4547.24 -0.010122
4549.91 -0.016746
4552.58 -0.010971
4555.25 -0.013658
4557.92 -0.014364
4560.59 0.000671
4563.26 -0.017508
4565.93 0.002546
4568.60 0.003897
4571.27 0.012431
4573.94 0.008296
4576.61 0.001895
4579.28 -0.003932
4581.95 -0.010994
4584.62 -0.016454
4587.29 -0.021020
4589.96 -0.017012
4592.63 0.005870
4595.30 0.001435
4597.97 0.005683
4600.64 0.013537
4603.31 0.003599
4605.98 0.016224
4608.65 0.017549
4611.32 -0.000084
4613.99 0.010123
4616.66 0.012133
4619.33 -0.005072
4622.00 -0.002534
4624.67 -0.005538
4627.34 -0.009054
4630.01 -0.012245
4632.68 -0.019275
4635.35 -0.016278
4638.02 -0.024935
4640.69 0.001285
4643.36 0.002628
4646.03 -0.002697
4648.70 0.010394
4651.37 -0.012771
4654.04 -0.002765
4656.71 0.001201
4659.38 -0.014436
4662.05 -0.022208
4664.72 -0.004723
4667.39 -0.021023
4670.06 -0.031736
4672.73 -0.038247
4675.40 -0.027854
4678.07 -0.018586
4680.74 -0.007102
4683.41 -0.013209
4686.08 -0.031818
4688.75 -0.011012
4691.42 -0.007772
4694.09 -0.026749
4696.76 -0.012676
4699.43 -0.026496
4702.10 -0.021895
4704.77 -0.032101
4707.44 -0.029123
4710.11 -0.036330
4712.78 -0.033114
4715.45 -0.019990
4718.12 -0.021057
4720.79 -0.042768
4723.46 -0.032472
4726.13 -0.031308
4728.80 -0.019051
4731.47 -0.033618
4734.14 -0.062044
4736.81 -0.045708
4739.48 -0.032721
4742.15 -0.034213
4744.82 -0.032955
4747.49 -0.017769
4750.16 -0.023334
4752.83 -0.028452
4755.50 -0.029439
4758.17 -0.032186
4760.84 -0.022801
4763.51 -0.022183
4766.18 -0.025640
4768.85 -0.027599
4771.52 -0.032368
4774.19 -0.024888
4776.86 -0.014144
4779.53 -0.027921
4782.20 -0.042283
4784.87 -0.047675
4787.54 -0.005750
4790.21 -0.014752
4792.88 0.002728
4795.55 0.014559
4798.22 0.009471
4800.89 0.011173
4803.56 -0.003739
4806.23 -0.010398
4808.90 -0.018723
4811.57 0.010174
4814.24 0.006244
4816.91 0.008390
4819.58 -0.014616
4822.25 0.010339
4824.92 -0.012288
4827.59 -0.013181
4830.26 0.009090
4832.93 0.004219
4835.60 0.005677
4838.27 -0.004595
4840.94 -0.006657
4843.61 0.020245
4846.28 0.017845
4848.95 0.025073
4851.62 0.011886
4854.29 -0.001843
4856.96 -0.011639
4859.63 -0.025738
4862.30 -0.053941
4864.97 -0.055674
4867.64 -0.026398
4870.31 0.029199
4872.98 0.029396
4875.65 0.049084
4878.32 0.050327
4880.99 0.062860
4883.66 0.067679
4886.33 0.059440
4889.00 0.035464
4891.67 0.025242
4894.34 0.034732
4897.01 0.025906
4899.68 0.019929
4902.35 0.007810
4905.02 0.010294
4907.69 0.013919
4910.36 0.004009
4913.03 0.016886
4915.70 -0.002011
4918.37 -0.011725
4921.04 -0.017028
4923.71 -0.017276
4926.38 -0.006993
4929.05 -0.019503
4931.72 -0.007184
4934.39 -0.026048
4937.06 0.019582
4939.73 0.011359
4942.40 0.005311
4945.07 0.026071
4947.74 0.018172
4950.41 0.003715
4953.08 0.020014
4955.75 0.040365
4958.42 0.012660
4961.09 -0.103045
4963.76 0.007405
4966.43 0.052005
4969.10 0.022158
4971.77 0.010140
4974.44 0.024219
4977.11 -0.003511
4979.78 -0.002477
4982.45 -0.007371
4985.12 0.000903
4987.79 0.010152
4990.46 0.022657
4993.13 0.033717
4995.80 0.047336
4998.47 0.064263
5001.14 0.062568
5003.81 0.161849
5006.48 0.078578
5009.15 -0.240921
5011.82 0.058892
5014.49 0.178107
5017.16 0.053397
5019.83 -0.005004
5022.50 -0.011575
5025.17 -0.004952
5027.84 -0.007254
5030.51 0.009845
5033.18 0.014869
5035.85 -0.004691
5038.52 0.015694
5041.19 0.005731
5043.86 -0.000363
5046.53 0.004256
5049.20 -0.005945
5051.87 0.002245
5054.54 0.002795
5057.21 0.013534
5059.88 0.002748
5062.55 -0.000194
5065.22 0.003213
5067.89 0.011466
5070.56 0.004279
5073.23 -0.002187
5075.90 -0.007705
5078.57 0.005740
5081.24 0.003937
5083.91 -0.015203
5086.58 0.014720
5089.25 -0.002116
5091.92 0.003862
5094.59 0.006387
5097.26 -0.012505
5099.93 -0.006944
5102.60 -0.017256
5105.27 -0.011821
5107.94 -0.026044
5110.61 0.020412
5113.28 -0.001993
5115.95 0.001917
5118.62 -0.000149
5121.29 0.002078
5123.96 -0.003696
5126.63 -0.008888
5129.30 -0.019177
5131.97 -0.008300
5134.64 0.002845
5137.31 -0.039186
5139.98 -0.016625
5142.65 -0.001679
5145.32 -0.023733
5147.99 -0.006247
5150.66 0.009086
5153.33 0.015393
5156.00 0.014260
5158.67 -0.007429
5161.34 -0.000761
5164.01 0.010903
5166.68 0.031263
5169.35 -0.001575
5172.02 -0.025423
5174.69 0.001428
5177.36 0.008024
5180.03 0.034051
5182.70 0.031952
5185.37 0.008832
5188.04 0.036867
5190.71 0.019809
5193.38 0.034329
5196.05 0.005320
5198.72 -0.005890
5201.39 0.000884
5204.06 0.000047
5206.73 -0.008691
5209.40 0.009747
5212.07 0.024164
5214.74 0.001413
5217.41 0.023216
5220.08 0.006991
5222.75 0.031036
5225.42 0.015069
5228.09 0.007628
5230.76 0.008591
5233.43 0.012589
5236.10 0.023494
5238.77 0.004654
5241.44 -0.014417
5244.11 0.004857
5246.78 0.017709
5249.45 0.026927
5252.12 0.028196
5254.79 0.027801
5257.46 0.026759
5260.13 0.027146
5262.80 0.023359
5265.47 0.034216
5268.14 0.026541
5270.81 0.010359
5273.48 0.012569
5276.15 0.013806
5278.82 -0.015086
5281.49 -0.001182
5284.16 0.017415
5286.83 0.011420
5289.50 0.025274
5292.17 0.025307
5294.84 0.036230
5297.51 0.018458
5300.18 0.030010
5302.85 0.032406
5305.52 0.020196
5308.19 0.022565
5310.86 0.018578
5313.53 -0.004539
5316.20 -0.004501
5318.87 0.005489
5321.54 -0.005224
5324.21 0.008932
5326.88 0.002540
5329.55 0.005442
5332.22 0.007865
5334.89 0.008212
5337.56 -0.001948
5340.23 0.005097
5342.90 0.024185
5345.57 0.000051
5348.24 0.004505
5350.91 0.021479
5353.58 0.017516
5356.25 0.014837
5358.92 0.018716
5361.59 -0.010976
5364.26 0.000879
5366.93 0.006330
5369.60 -0.008187
5372.27 -0.000326
5374.94 0.003561
5377.61 0.013245
5380.28 0.028993
5382.95 0.014859
5385.62 0.011692
5388.29 0.015584
5390.96 0.003996
5393.63 -0.005040
5396.30 0.001697
5398.97 0.007084
5401.64 -0.003581
5404.31 0.001993
5406.98 0.010025
5409.65 0.003192
5412.32 -0.003293
5414.99 -0.001675
5417.66 0.008736
5420.33 -0.000154
5423.00 -0.012992
5425.67 0.020623
5428.34 -0.002649
5431.01 0.013092
5433.68 0.005373
5436.35 -0.002733
5439.02 -0.002888
5441.69 0.008360
5444.36 0.012352
5447.03 0.003499
5449.70 0.026475
5452.37 0.015820
5455.04 -0.001836
5457.71 -0.006035
5460.38 -0.015344
5463.05 0.003708
5465.72 0.020471
5468.39 -0.011445
5471.06 -0.002401
5473.73 0.008559
5476.40 0.004915
5479.07 0.007194
5481.74 -0.002935
5484.41 -0.016227
5487.08 -0.013780
5489.75 0.005599
5492.42 0.020567
5495.09 0.018233
5497.76 -0.007126
5500.43 -0.002940
5503.10 -0.000124
5505.77 -0.003874
5508.44 -0.008185
5511.11 -0.008677
5513.78 -0.013458
5516.45 0.005962
5519.12 -0.001764
5521.79 -0.000198
5524.46 -0.003942
5527.13 0.000879
5529.80 -0.014550
5532.47 -0.012167
5535.14 0.002474
5537.81 0.013233
5540.48 0.002823
5543.15 0.014536
5545.82 0.016229
5548.49 0.014229
5551.16 0.017644
5553.83 0.001815
5556.50 -0.000315
5559.17 0.005802
5561.84 -0.000241
5564.51 0.021522
5567.18 -0.040441
5569.85 -0.002937
5572.52 0.004867
5575.19 -0.001523
5577.86 -0.015873
5580.53 -0.026136
5583.20 -0.020911
5585.87 -0.037467
5588.54 -0.024073
5591.21 0.002614
5593.88 0.006717
5596.55 0.003279
5599.22 -0.026513
5601.89 -0.000120
5604.56 0.000696
5607.23 0.005840
5609.90 -0.010086
5612.57 -0.012346
5615.24 0.008588
5617.91 0.015965
5620.58 -0.012099
5623.25 -0.010648
5625.92 -0.010955
5628.59 -0.000441
5631.26 -0.017685
5633.93 0.013399
5636.60 -0.005572
5639.27 0.016709
5641.94 -0.002279
5644.61 -0.003920
5647.28 -0.013629
5649.95 -0.016633
5652.62 -0.006375
5655.29 0.002611
5657.96 0.000755
5660.63 0.004665
5663.30 -0.026375
5665.97 -0.009924
5668.64 -0.011814
5671.31 0.013534
5673.98 -0.006186
5676.65 0.019102
5679.32 0.001961
5681.99 -0.033675
5684.66 0.005144
5687.33 -0.002414
5690.00 -0.024455
5692.67 -0.027322
5695.34 0.004231
5698.01 0.011030
5700.68 -0.003887
5703.35 0.003397
5706.02 -0.003346
5708.69 0.005977
5711.36 -0.005433
5714.03 -0.011920
5716.70 -0.010582
5719.37 -0.006095
5722.04 -0.017782
5724.71 0.010328
5727.38 0.008473
5730.05 0.004114
5732.72 -0.007240
5735.39 0.013115
5738.06 -0.012172
5740.73 0.012771
5743.40 0.006207
5746.07 -0.001787
5748.74 -0.014087
5751.41 -0.022740
5754.08 -0.003570
5756.75 -0.001561
5759.42 0.014290
5762.09 0.004647
5764.76 -0.014384
5767.43 -0.020070
5770.10 -0.032057
5772.77 -0.010748
5775.44 -0.046824
5778.11 -0.029519
5780.78 -0.010162
5783.45 -0.008903
5786.12 -0.016115
5788.79 -0.013889
5791.46 -0.023792
5794.13 -0.003014
5796.80 -0.031931
5799.47 0.001895
5802.14 -0.000011
5804.81 -0.040263
5807.48 -0.013197
5810.15 -0.015825
5812.82 -0.028278
5815.49 -0.033600
5818.16 0.008108
5820.83 -0.000758
5823.50 0.005518
5826.17 -0.008690
5828.84 -0.019206
5831.51 -0.007552
5834.18 -0.022595
5836.85 0.004038
5839.52 -0.008494
5842.19 0.014908
5844.86 0.002082
5847.53 -0.010437
5850.20 -0.004494
5852.87 0.003938
5855.54 0.016188
5858.21 0.001892
5860.88 -0.002582
5863.55 0.002363
5866.22 -0.014644
5868.89 0.012307
5871.56 -0.010054
5874.23 -0.010271
5876.90 -0.018520
5879.57 0.020572
5882.24 -0.004109
5884.91 -0.033249
5887.58 -0.022681
5890.25 -0.016033
5892.92 0.033382
5895.59 0.027827
5898.26 -0.033753
5900.93 -0.000574
5903.60 0.003100
5906.27 -0.017718
5908.94 0.001381
5911.61 -0.024719
5914.28 -0.010513
5916.95 0.016899
5919.62 0.019859
5922.29 0.013499
5924.96 -0.000889
5927.63 0.016967
5930.30 0.014523
5932.97 -0.003563
5935.64 -0.004572
5938.31 -0.032316
5940.98 0.000336
5943.65 0.011188
5946.32 -0.002627
5948.99 -0.022910
5951.66 -0.021752
5954.33 -0.019894
5957.00 -0.021324
5959.67 0.002641
5962.34 -0.020980
5965.01 0.000446
5967.68 0.010962
5970.35 -0.012165
5973.02 0.005542
5975.69 0.005344
5978.36 -0.021510
5981.03 -0.019349
5983.70 -0.004446
5986.37 -0.015222
5989.04 -0.011923
5991.71 -0.017474
5994.38 -0.018546
5997.05 -0.003346
5999.72 -0.019063
6002.39 0.000405
6005.06 -0.000367
6007.73 0.014876
6010.40 0.010160
6013.07 -0.005327
6015.74 0.028131
6018.41 -0.011890
6021.08 -0.004253
6023.75 -0.004113
6026.42 0.012888
6029.09 -0.008444
6031.76 0.005678
6034.43 0.025381
6037.10 -0.009770
6039.77 -0.030645
6042.44 -0.009776
6045.11 -0.015919
6047.78 -0.030325
6050.45 -0.002038
6053.12 -0.005289
6055.79 -0.002735
6058.46 -0.003693
6061.13 -0.015062
6063.80 -0.014658
6066.47 0.001305
6069.14 -0.000897
6071.81 -0.016927
6074.48 -0.022291
6077.15 -0.023667
6079.82 -0.007251
6082.49 0.019519
6085.16 -0.021470
6087.83 -0.014839
6090.50 -0.000427
6093.17 -0.016314
6095.84 -0.015298
6098.51 -0.014908
6101.18 -0.015356
6103.85 -0.022460
6106.52 -0.041762
6109.19 -0.026567
6111.86 0.000464
6114.53 -0.033638
6117.20 0.009901
6119.87 0.011740
6122.54 -0.006960
6125.21 0.002514
6127.88 0.032695
6130.55 -0.029572
6133.22 0.016379
6135.89 -0.024459
6138.56 -0.018808
6141.23 -0.030224
6143.90 -0.033446
6146.57 -0.004671
6149.24 -0.009785
6151.91 0.017437
6154.58 -0.035800
6157.25 -0.034480
6159.92 -0.032623
6162.59 -0.021589
6165.26 -0.013401
6167.93 -0.017480
6170.60 -0.018643
6173.27 -0.031888
6175.94 -0.028236
6178.61 -0.032578
6181.28 -0.016304
6183.95 -0.028164
6186.62 -0.037315
6189.29 -0.040883
6191.96 -0.032312
6194.63 -0.031861
6197.30 -0.035259
6199.97 -0.027535
6202.64 -0.045791
6205.31 -0.032597
6207.98 -0.034189
6210.65 -0.022285
6213.32 -0.027473
6215.99 -0.026007
6218.66 -0.019662
6221.33 -0.032771
6224.00 -0.027980
6226.67 -0.035572
6229.34 0.001497
6232.01 -0.036467
6234.68 -0.012845
6237.35 -0.016645
6240.02 -0.029448
6242.69 -0.050592
6245.36 -0.034831
6248.03 -0.046951
6250.70 -0.039299
6253.37 -0.020721
6256.04 -0.033033
6258.71 -0.024324
6261.38 -0.018121
6264.05 0.002978
6266.72 -0.011827
6269.39 -0.004131
6272.06 -0.014214
6274.73 -0.017559
6277.40 0.003113
6280.07 0.009519
6282.74 -0.003039
6285.41 -0.003052
6288.08 -0.001071
6290.75 -0.012962
6293.42 -0.006307
6296.09 -0.007370
6298.76 0.006894
6301.43 -0.013731
6304.10 -0.008066
6306.77 -0.000403
6309.44 -0.004943
6312.11 -0.014456
6314.78 -0.020820
6317.45 -0.012691
6320.12 -0.016779
6322.79 -0.004354
6325.46 -0.017373
6328.13 -0.007509
6330.80 -0.012609
6333.47 -0.007983
6336.14 -0.001351
6338.81 -0.005885
6341.48 -0.015358
6344.15 -0.010669
6346.82 -0.025405
6349.49 -0.017097
6352.16 -0.027208
6354.83 -0.018582
6357.50 -0.021324
6360.17 -0.034043
6362.84 -0.005699
6365.51 -0.023573
6368.18 -0.013520
6370.85 -0.008217
6373.52 -0.024592
6376.19 -0.011259
6378.86 0.000712
6381.53 -0.013024
6384.20 -0.031969
6386.87 -0.017037
6389.54 -0.024180
6392.21 -0.001563
6394.88 0.003657
6397.55 -0.011414
6400.22 -0.017101
6402.89 -0.020203
6405.56 -0.010426
6408.23 0.007047
6410.90 -0.014448
6413.57 -0.010396
6416.24 -0.003341
6418.91 -0.014388
6421.58 -0.019994
6424.25 -0.008993
6426.92 -0.018925
6429.59 -0.019787
6432.26 -0.000331
6434.93 -0.000113
6437.60 -0.009999
6440.27 0.002401
6442.94 -0.014474
6445.61 -0.002610
6448.28 -0.016527
6450.95 -0.012177
6453.62 -0.007781
6456.29 -0.007770
6458.96 -0.015395
6461.63 -0.027304
6464.30 -0.025618
6466.97 -0.015968
6469.64 -0.010331
6472.31 -0.012377
6474.98 -0.028097
6477.65 -0.020276
6480.32 -0.016174
6482.99 -0.026397
6485.66 -0.025717
6488.33 -0.038752
6491.00 -0.027542
6493.67 -0.011711
6496.34 -0.012822
6499.01 -0.035759
6501.68 -0.032479
6504.35 -0.033968
6507.02 -0.015130
6509.69 -0.015544
6512.36 -0.021099
6515.03 -0.024623
6517.70 -0.035219
6520.37 -0.027295
6523.04 -0.024770
6525.71 -0.015508
6528.38 -0.019423
6531.05 -0.029879
6533.72 -0.022460
6536.39 -0.013428
6539.06 -0.016084
6541.73 -0.009176
6544.40 -0.010431
6547.07 -0.009072
6549.74 0.004352
6552.41 0.013253
6555.08 0.038437
6557.75 0.040170
6560.42 0.031727
6563.09 0.035982
6565.76 0.043481
6568.43 0.044158
6571.10 0.041016
6573.77 0.038418
6576.44 0.037829
6579.11 0.032362
6581.78 0.030156
6584.45 0.024573
6587.12 0.021435
6589.79 0.018953
6592.46 0.019176
6595.13 0.018937
6597.80 0.015258
6600.47 0.013714
6603.14 0.015362
6605.81 0.011125
6608.48 0.014062
6611.15 0.010479
6613.82 0.011979
6616.49 0.012231
6619.16 0.006046
6621.83 0.008702
6624.50 0.006836
6627.17 0.007027
6629.84 0.004071
6632.51 0.003570
6635.18 0.004924
6637.85 0.004832
6640.52 0.003955
6643.19 0.003660
6645.86 0.000497
6648.53 0.003519
6651.20 0.003873
6653.87 0.002494
6656.54 0.004636
6659.21 0.007481
6661.88 0.006260
6664.55 0.006362
6667.22 0.004396
6669.89 0.004789
6672.56 0.006603
6675.23 0.007394
6677.90 0.008383
6680.57 0.005345
6683.24 0.005958
6685.91 0.005664
6688.58 0.006680
6691.25 0.008668
6693.92 0.005736
6696.59 0.006262
6699.26 0.007001
6701.93 0.005788
6704.60 0.006879
6707.27 0.007192
6709.94 0.005099
6712.61 0.005026
6715.28 0.005150
6717.95 0.005278
6720.62 0.005085
6723.29 0.005052
6725.96 0.005022
6728.63 0.004930
6731.30 0.004929
6733.97 0.004882
6736.64 0.004737
6739.31 0.004590
6741.98 0.004544
6744.65 0.004522
6747.32 0.004393
6749.99 0.004333
6752.66 0.004319
6755.33 0.004274
6758.00 0.004313
6760.67 0.004231
6763.34 0.004245
6766.01 0.004184
6768.68 0.004165
6771.35 0.004169
6774.02 0.004224
6776.69 0.004147
6779.36 0.004128
6782.03 0.004132
6784.70 0.004216
6787.37 0.004266
6790.04 0.004197
6792.71 0.004174
6795.38 0.004166
6798.05 0.004079
6800.72 0.004085
6803.39 0.004126
6806.06 0.004148
6808.73 0.004073
6811.40 0.004097
6814.07 0.004103
6816.74 0.004138
6819.41 0.004219
6822.08 0.004084
6824.75 0.004122
6827.42 0.004096
6830.09 0.004157
6832.76 0.004090
6835.43 0.004083
6838.10 0.004092
6840.77 0.004107
6843.44 0.004021
6846.11 0.004005
6848.78 0.004032
6851.45 0.003988
6854.12 0.004014
6856.79 0.004043
6859.46 0.004033
6862.13 0.003945
6864.80 0.004018
6867.47 0.004131
6870.14 0.004035
6872.81 0.004109
6875.48 0.004044
6878.15 0.004060
6880.82 0.004038
6883.49 0.004034
6886.16 0.004078
6888.83 0.003850
6891.50 0.004062
6894.17 0.004045
6896.84 0.004004
6899.51 0.004026
6902.18 0.004024
6904.85 0.003938
6907.52 0.003874
6910.19 0.004113
6912.86 0.004213
6915.53 0.004240
6918.20 0.004219
6920.87 0.004039
6923.54 0.004084
6926.21 0.004014
6928.88 0.004062
6931.55 0.004083
6934.22 0.004070
6936.89 0.004099
6939.56 0.004139
6942.23 0.003973
6944.90 0.003892
6947.57 0.003896
6950.24 0.004119
6952.91 0.004207
6955.58 0.004267
6958.25 0.004192
6960.92 0.004255
6963.59 0.004265
6966.26 0.004234
6968.93 0.004319
6971.60 0.004170
6974.27 0.004307
6976.94 0.004387
6979.61 0.004456
6982.28 0.004623
6984.95 0.004539
6987.62 0.004580
6990.29 0.004462
6992.96 0.004479
6995.63 0.004553
6998.30 0.004543
7000.97 0.004483
7003.64 0.004489
7006.31 0.004502
7008.98 0.004307
7011.65 0.004478
7014.32 0.004460
7016.99 0.004357
7019.66 0.004533
7022.33 0.004435
7025.00 0.004550
7027.67 0.004629
7030.34 0.004550
7033.01 0.004567
7035.68 0.004582
7038.35 0.004669
7041.02 0.004834
7043.69 0.004681
7046.36 0.004592
7049.03 0.004759
7051.70 0.004642
7054.37 0.004487
7057.04 0.004352
7059.71 0.004352
7062.38 0.004577
7065.05 0.004772
7067.72 0.004619
7070.39 0.004517
7073.06 0.004281
7075.73 0.004474
7078.40 0.004568
7081.07 0.004625
7083.74 0.004521
7086.41 0.004291
7089.08 0.004242
7091.75 0.004499
7094.42 0.004472
7097.09 0.004401
7099.76 0.004336
7102.43 0.004376
7105.10 0.004424
7107.77 0.004610
7110.44 0.004576
7113.11 0.004614
7115.78 0.004565
7118.45 0.004695
7121.12 0.004547
7123.79 0.004594
7126.46 0.004609
7129.13 0.004638
7131.80 0.004691
7134.47 0.004607
7137.14 0.004713
7139.81 0.004615
7142.48 0.004554
7145.15 0.004542
7147.82 0.004533
7150.49 0.004540
7153.16 0.004473
7155.83 0.004444
7158.50 0.004575
7161.17 0.004472
7163.84 0.004519
7166.51 0.004381
7169.18 0.004517
7171.85 0.004514
7174.52 0.004594
7177.19 0.004557
7179.86 0.004573
7182.53 0.004635
7185.20 0.004811
7187.87 0.004665
7190.54 0.004571
7193.21 0.004426
7195.88 0.004388
7198.55 0.004655
7201.22 0.004360
7203.89 0.004399
7206.56 0.004366
7209.23 0.004360
7211.90 0.004501
7214.57 0.004510
7217.24 0.004399
7219.91 0.004459
7222.58 0.004425
7225.25 0.004542
7227.92 0.004623
7230.59 0.004458
7233.26 0.004396
7235.93 0.004499
7238.60 0.004557
7241.27 0.004501
7243.94 0.004523
7246.61 0.004418
7249.28 0.004436
7251.95 0.004482
7254.62 0.004450
7257.29 0.004468
7259.96 0.004388
7262.63 0.004335
7265.30 0.004415
7267.97 0.004384
7270.64 0.004421
7273.31 0.004524
7275.98 0.004453
7278.65 0.004351
7281.32 0.004206
7283.99 0.004292
7286.66 0.004511
7289.33 0.004539
7292.00 0.004358
7294.67 0.004393
7297.34 0.004484
7300.01 0.004422
7302.68 0.004418
7305.35 0.004368
7308.02 0.004624
7310.69 0.004428
7313.36 0.004509
7316.03 0.004497
7318.70 0.004667
7321.37 0.004703
7324.04 0.004606
7326.71 0.004626
7329.38 0.004635
7332.05 0.004539
7334.72 0.004591
7337.39 0.004573
7340.06 0.004447
7342.73 0.004502
7345.40 0.004436
7348.07 0.004445
7350.74 0.004426
7353.41 0.004385
7356.08 0.004347
7358.75 0.004573
7361.42 0.004443
7364.09 0.004482
7366.76 0.004523
7369.43 0.004510
7372.10 0.004437
7374.77 0.004518
7377.44 0.004297
7380.11 0.004549
7382.78 0.004583
7385.45 0.004339
7388.12 0.004392
7390.79 0.004387
7393.46 0.004394
7396.13 0.004330
7398.80 0.004349
7401.47 0.004210
7404.14 0.004432
7406.81 0.004385
7409.48 0.004359
7412.15 0.004467
7414.82 0.004107
7417.49 0.004267
7420.16 0.004376
7422.83 0.004525
7425.50 0.004391
7428.17 0.004408
7430.84 0.004157
7433.51 0.004205
7436.18 0.004339
7438.85 0.004231
7441.52 0.004335
7444.19 0.004425
7446.86 0.004332
7449.53 0.004205
7452.20 0.004356
7454.87 0.004379
7457.54 0.004524
7460.21 0.004567
7462.88 0.004468
7465.55 0.004573
7468.22 0.004542
7470.89 0.004530
7473.56 0.004577
7476.23 0.004599
7478.90 0.004527
7481.57 0.004568
7484.24 0.004522
7486.91 0.004514
7489.58 0.004628
7492.25 0.004543
7494.92 0.004512
7497.59 0.004487
