2486.00 0.019681
2488.67 0.021247
2491.34 0.014662
2494.01 0.035243
2496.68 0.011810
2499.35 0.095065
2502.02 0.124283
2504.69 -0.025410
2507.36 0.016488
2510.03 0.023028
2512.70 0.036671
2515.37 -0.052950
2518.04 -0.012573
2520.71 -0.054741
2523.38 -0.048264
2526.05 -0.011763
2528.72 -0.017892
2531.39 -0.056785
2534.06 -0.033559
2536.73 -0.009938
2539.40 -0.028897
2542.07 0.006647
2544.74 -0.067742
2547.41 -0.010183
2550.08 -0.010310
2552.75 -0.007157
2555.42 -0.037247
2558.09 -0.055696
2560.76 0.006014
2563.43 -0.015018
2566.10 -0.046189
2568.77 0.031348
2571.44 0.047659
2574.11 -0.018272
2576.78 0.127357
2579.45 0.002734
2582.12 -0.010308
2584.79 0.010895
2587.46 0.025346
2590.13 -0.004071
2592.80 -0.030935
2595.47 0.064806
2598.14 0.013591
2600.81 -0.045954
2603.48 -0.040965
2606.15 -0.009658
2608.82 -0.016383
2611.49 0.025304
2614.16 -0.005051
2616.83 0.002232
2619.50 0.117834
2622.17 0.050626
2624.84 -0.003639
2627.51 -0.015749
2630.18 -0.023741
2632.85 -0.026276
2635.52 0.078247
2638.19 -0.021697
2640.86 0.004885
2643.53 -0.069428
2646.20 0.023763
2648.87 0.041698
2651.54 0.000532
2654.21 -0.011047
2656.88 0.015971
2659.55 0.009562
2662.22 -0.023061
2664.89 -0.025354
2667.56 0.039753
2670.23 0.042881
2672.90 0.017530
2675.57 0.035241
2678.24 -0.036589
2680.91 -0.005909
2683.58 -0.004672
2686.25 -0.051991
2688.92 0.049211
2691.59 0.056037
2694.26 -0.056751
2696.93 -0.000826
2699.60 -0.040878
2702.27 -0.058647
2704.94 -0.026043
2707.61 0.026526
2710.28 -0.018564
2712.95 0.005633
2715.62 -0.044150
2718.29 0.048421
2720.96 0.015539
2723.63 -0.009974
2726.30 0.017971
2728.97 0.013741
2731.64 -0.002808
2734.31 -0.022005
2736.98 -0.006156
2739.65 0.033997
2742.32 -0.004920
2744.99 0.056222
2747.66 -0.098765
2750.33 -0.044577
2753.00 0.007590
2755.67 -0.030410
2758.34 -0.024450
2761.01 -0.066410
2763.68 0.013078
2766.35 -0.019187
2769.02 -0.012414
2771.69 0.026110
2774.36 0.065617
2777.03 0.028964
2779.70 -0.016684
2782.37 0.011570
2785.04 0.023378
2787.71 0.044417
2790.38 -0.019762
2793.05 -0.018782
2795.72 -0.054085
2798.39 0.023251
2801.06 0.078897
2803.73 0.004868
2806.40 0.027545
2809.07 0.035972
2811.74 -0.012300
2814.41 -0.036598
2817.08 0.035268
2819.75 0.020053
2822.42 -0.018397
2825.09 -0.070173
2827.76 0.067483
2830.43 -0.016432
2833.10 0.021357
2835.77 -0.025791
2838.44 -0.109737
2841.11 0.011026
2843.78 0.017176
2846.45 0.002897
2849.12 0.054787
2851.79 0.010236
2854.46 0.054623
2857.13 0.046412
2859.80 -0.052007
2862.47 0.019737
2865.14 -0.040975
2867.81 -0.042684
2870.48 0.021613
2873.15 0.001358
2875.82 -0.012894
2878.49 -0.075411
2881.16 -0.032501
2883.83 -0.033958
2886.50 -0.001928
2889.17 0.006718
2891.84 0.006254
2894.51 0.072770
2897.18 0.007811
2899.85 -0.008069
2902.52 -0.013303
2905.19 0.022991
2907.86 -0.083108
2910.53 -0.003594
2913.20 0.033031
2915.87 0.038304
2918.54 -0.030019
2921.21 0.024889
2923.88 0.002454
2926.55 -0.058484
2929.22 -0.004552
2931.89 -0.004324
2934.56 0.005625
2937.23 0.045589
2939.90 -0.054042
2942.57 -0.052513
2945.24 0.048841
2947.91 -0.022336
2950.58 -0.017120
2953.25 0.041749
2955.92 0.054694
2958.59 0.009661
2961.26 0.016919
2963.93 -0.041503
2966.60 0.007321
2969.27 0.017818
2971.94 0.014561
2974.61 0.004411
2977.28 -0.012024
2979.95 0.000107
2982.62 -0.065369
2985.29 0.016780
2987.96 0.031603
2990.63 -0.070132
2993.30 0.023294
2995.97 0.009603
2998.64 -0.034776
3001.31 -0.068708
3003.98 -0.042585
3006.65 -0.045598
3009.32 0.016678
3011.99 0.079441
3014.66 0.063690
3017.33 0.046103
3020.00 0.018076
3022.67 0.021901
3025.34 0.132203
3028.01 0.073442
3030.68 0.047916
3033.35 0.020309
3036.02 0.065822
3038.69 0.042635
3041.36 0.017697
3044.03 0.025189
3046.70 0.031598
3049.37 0.001564
3052.04 -0.044062
3054.71 0.013537
3057.38 0.017193
3060.05 -0.021075
3062.72 -0.035091
3065.39 0.025756
3068.06 0.030741
3070.73 0.023342
3073.40 0.016476
3076.07 0.010407
3078.74 -0.021327
3081.41 -0.001548
3084.08 0.022828
3086.75 0.026067
3089.42 0.032428
3092.09 -0.021240
3094.76 0.036069
3097.43 0.093943
3100.10 0.012767
3102.77 -0.027202
3105.44 0.021801
3108.11 -0.008863
3110.78 0.030758
3113.45 -0.038317
3116.12 0.038309
3118.79 0.053777
3121.46 0.053910
3124.13 -0.042430
3126.80 -0.048879
3129.47 -0.048637
3132.14 -0.011276
3134.81 -0.004482
3137.48 0.020325
3140.15 -0.038175
3142.82 0.009820
3145.49 -0.002987
3148.16 -0.001927
3150.83 -0.014902
3153.50 -0.018786
3156.17 -0.021209
3158.84 -0.047378
3161.51 0.014118
3164.18 -0.021172
3166.85 -0.018267
3169.52 0.026086
3172.19 0.063548
3174.86 0.009709
3177.53 -0.043108
3180.20 -0.044106
3182.87 -0.047523
3185.54 -0.027524
3188.21 0.001264
3190.88 -0.015547
3193.55 -0.035426
3196.22 -0.016438
3198.89 -0.018009
3201.56 -0.007572
3204.23 -0.023029
3206.90 -0.025179
3209.57 -0.026402
3212.24 -0.015863
3214.91 -0.015952
3217.58 -0.024491
3220.25 -0.033031
3222.92 -0.048394
3225.59 0.027069
3228.26 -0.044546
3230.93 -0.004921
3233.60 -0.010600
3236.27 0.043368
3238.94 -0.009934
3241.61 -0.021280
3244.28 -0.015253
3246.95 0.017076
3249.62 -0.033616
3252.29 -0.021764
3254.96 -0.044957
3257.63 0.005141
3260.30 -0.044407
3262.97 -0.002909
3265.64 -0.005072
3268.31 0.019495
3270.98 0.004702
3273.65 -0.033701
3276.32 -0.022527
3278.99 0.033397
3281.66 -0.019947
3284.33 0.019094
3287.00 0.021971
3289.67 -0.009507
3292.34 -0.035924
3295.01 0.004924
3297.68 -0.006685
3300.35 0.006863
3303.02 0.005462
3305.69 0.027429
3308.36 -0.024263
3311.03 -0.029387
3313.70 -0.015476
3316.37 0.012424
3319.04 -0.012056
3321.71 -0.003606
3324.38 -0.028354
3327.05 0.031421
3329.72 -0.021405
3332.39 0.033133
3335.06 -0.002911
3337.73 -0.046765
3340.40 -0.007375
3343.07 -0.085926
3345.74 -0.010111
3348.41 -0.013204
3351.08 -0.009907
3353.75 -0.022395
3356.42 -0.000322
3359.09 -0.008644
3361.76 0.004515
3364.43 0.028438
3367.10 0.003228
3369.77 -0.033944
3372.44 0.002097
3375.11 -0.035351
3377.78 -0.009222
3380.45 -0.006990
3383.12 -0.003140
3385.79 -0.047251
3388.46 -0.008576
3391.13 0.026765
3393.80 -0.022750
3396.47 -0.046828
3399.14 0.027138
3401.81 0.015630
3404.48 -0.027815
3407.15 0.005838
3409.82 -0.049700
3412.49 -0.025718
3415.16 0.021899
3417.83 -0.006634
3420.50 -0.037272
3423.17 -0.042178
3425.84 0.011394
3428.51 0.075164
3431.18 0.016583
3433.85 0.003874
3436.52 0.032635
3439.19 -0.020453
3441.86 0.005444
3444.53 0.024183
3447.20 0.023948
3449.87 -0.056599
3452.54 -0.037007
3455.21 -0.009627
3457.88 0.014523
3460.55 -0.004838
3463.22 -0.025914
3465.89 -0.008570
3468.56 0.005594
3471.23 -0.008443
3473.90 -0.013968
3476.57 0.026093
3479.24 0.025195
3481.91 -0.016127
3484.58 -0.000596
3487.25 -0.012186
3489.92 -0.023655
3492.59 -0.026195
3495.26 -0.017559
3497.93 0.007575
3500.60 -0.004513
3503.27 0.016433
3505.94 0.022440
3508.61 0.015253
3511.28 -0.010450
3513.95 -0.035715
3516.62 -0.012759
3519.29 -0.001534
3521.96 -0.011386
3524.63 0.023776
3527.30 0.053080
3529.97 0.032043
3532.64 -0.025640
3535.31 0.036248
3537.98 0.023410
3540.65 -0.013036
3543.32 0.013513
3545.99 0.036029
3548.66 0.013765
3551.33 0.040626
3554.00 0.021579
3556.67 0.011263
3559.34 -0.006279
3562.01 -0.000561
3564.68 0.002783
3567.35 0.018833
3570.02 0.013253
3572.69 -0.003215
3575.36 0.015002
3578.03 0.002876
3580.70 0.021792
3583.37 -0.030675
3586.04 0.024304
3588.71 0.016185
3591.38 0.009442
3594.05 0.011760
3596.72 -0.031685
3599.39 0.012144
3602.06 0.012947
3604.73 0.000914
3607.40 0.038838
3610.07 0.032294
3612.74 0.010108
3615.41 0.022507
3618.08 0.045918
3620.75 -0.015473
3623.42 -0.005751
3626.09 -0.004969
3628.76 0.021155
3631.43 0.037327
3634.10 0.015712
3636.77 0.015590
3639.44 0.024154
3642.11 -0.037939
3644.78 0.011400
3647.45 0.044205
3650.12 0.000664
3652.79 -0.000235
3655.46 0.000166
3658.13 0.008395
3660.80 -0.012382
3663.47 0.008408
3666.14 -0.006133
3668.81 -0.002038
3671.48 -0.004579
3674.15 0.018739
3676.82 -0.006089
3679.49 -0.004123
3682.16 0.038573
3684.83 -0.043785
3687.50 0.028644
3690.17 -0.015454
3692.84 0.010167
3695.51 -0.020582
3698.18 -0.021712
3700.85 -0.010362
3703.52 -0.001743
3706.19 0.034749
3708.86 0.014578
3711.53 0.028523
3714.20 -0.002779
3716.87 0.000711
3719.54 -0.003558
3722.21 -0.036437
3724.88 0.025851
3727.55 0.030875
3730.22 -0.014989
3732.89 -0.030791
3735.56 -0.040664
3738.23 0.006129
3740.90 0.042160
3743.57 -0.010074
3746.24 0.047255
3748.91 -0.005827
3751.58 -0.017617
3754.25 -0.042531
3756.92 -0.045430
3759.59 0.016576
3762.26 -0.009787
3764.93 0.027283
3767.60 0.001453
3770.27 0.001678
3772.94 0.029368
3775.61 -0.015684
3778.28 0.010160
3780.95 0.009926
3783.62 -0.005587
3786.29 0.009120
3788.96 0.029596
3791.63 0.026937
3794.30 -0.027770
3796.97 -0.010474
3799.64 0.009263
3802.31 -0.054070
3804.98 -0.005276
3807.65 0.021108
3810.32 -0.000255
3812.99 -0.003445
3815.66 0.031578
3818.33 0.019919
3821.00 0.036223
3823.67 0.012942
3826.34 0.001213
3829.01 0.011244
3831.68 -0.021046
3834.35 0.016152
3837.02 -0.011113
3839.69 0.003622
3842.36 0.007996
3845.03 0.011278
3847.70 0.021150
3850.37 0.040092
3853.04 -0.015573
3855.71 -0.021274
3858.38 0.046491
3861.05 0.012460
3863.72 0.039531
3866.39 -0.007184
3869.06 -0.009737
3871.73 -0.028265
3874.40 0.028062
3877.07 -0.012251
3879.74 0.016071
3882.41 -0.035900
3885.08 -0.036335
3887.75 -0.027933
3890.42 -0.033584
3893.09 -0.053335
3895.76 -0.013057
3898.43 -0.017183
3901.10 -0.024025
3903.77 -0.008282
3906.44 -0.029449
3909.11 -0.021959
3911.78 -0.023436
3914.45 -0.040797
3917.12 -0.008484
3919.79 0.049043
3922.46 -0.025371
3925.13 -0.020193
3927.80 0.011064
3930.47 -0.011740
3933.14 0.005475
3935.81 -0.001380
3938.48 0.022391
3941.15 0.048829
3943.82 0.056720
3946.49 -0.002798
3949.16 -0.008921
3951.83 -0.005584
3954.50 0.030061
3957.17 0.014532
3959.84 0.014509
3962.51 -0.011886
3965.18 -0.010947
3967.85 -0.011240
3970.52 0.004015
3973.19 0.002289
3975.86 -0.008976
3978.53 0.015008
3981.20 -0.014782
3983.87 -0.006558
3986.54 -0.015008
3989.21 0.011172
3991.88 0.001177
3994.55 0.028740
3997.22 0.004477
3999.89 -0.027807
4002.56 -0.028602
4005.23 -0.013653
4007.90 -0.012457
4010.57 -0.007175
4013.24 0.015806
4015.91 -0.028527
4018.58 -0.006202
4021.25 0.017825
4023.92 0.027587
4026.59 0.005227
4029.26 0.008127
4031.93 0.009515
4034.60 -0.039430
4037.27 -0.014816
4039.94 -0.001494
4042.61 -0.026884
4045.28 -0.046493
4047.95 -0.013756
4050.62 0.015544
4053.29 -0.019112
4055.96 -0.036981
4058.63 0.011688
4061.30 -0.010058
4063.97 0.024337
4066.64 0.009874
4069.31 -0.001101
4071.98 -0.044946
4074.65 0.031665
4077.32 0.034492
4079.99 0.006164
4082.66 -0.015034
4085.33 -0.020116
4088.00 0.041902
4090.67 -0.023490
4093.34 -0.023771
4096.01 -0.034828
4098.68 0.010927
4101.35 -0.022293
4104.02 -0.011088
4106.69 -0.033945
4109.36 0.001113
4112.03 -0.014767
4114.70 0.016990
4117.37 -0.014063
4120.04 0.007443
4122.71 -0.013497
4125.38 0.014768
4128.05 -0.004801
4130.72 -0.027984
4133.39 -0.016734
4136.06 -0.022560
4138.73 -0.000621
4141.40 -0.007340
4144.07 -0.015138
4146.74 -0.001737
4149.41 -0.010662
4152.08 -0.028141
4154.75 -0.028326
4157.42 -0.006208
4160.09 -0.019460
4162.76 -0.008378
4165.43 -0.000432
4168.10 -0.014195
4170.77 0.014641
4173.44 -0.000913
4176.11 -0.014835
4178.78 -0.034701
4181.45 -0.053963
4184.12 -0.000623
4186.79 -0.006991
4189.46 -0.002820
4192.13 -0.020318
4194.80 0.002510
4197.47 -0.029887
4200.14 -0.019032
4202.81 0.001489
4205.48 -0.012316
4208.15 -0.010175
4210.82 -0.030242
4213.49 -0.001452
4216.16 -0.000904
4218.83 0.018534
4221.50 -0.000608
4224.17 0.019862
4226.84 -0.017017
4229.51 -0.004290
4232.18 -0.037989
4234.85 -0.035151
4237.52 -0.016255
4240.19 0.006237
4242.86 -0.005191
4245.53 -0.021921
4248.20 -0.022941
4250.87 -0.006522
4253.54 -0.025589
4256.21 0.018390
4258.88 0.017665
4261.55 0.008605
4264.22 -0.006149
4266.89 -0.015834
4269.56 -0.022935
4272.23 -0.018482
4274.90 -0.039763
4277.57 0.020917
4280.24 0.006689
4282.91 0.018240
4285.58 -0.001681
4288.25 -0.023858
4290.92 -0.005719
4293.59 0.010715
4296.26 0.009151
4298.93 0.017371
4301.60 0.033249
4304.27 0.023707
4306.94 0.033407
4309.61 -0.011914
4312.28 -0.003888
4314.95 0.030829
4317.62 0.025226
4320.29 -0.008405
4322.96 -0.014253
4325.63 0.008006
4328.30 0.004021
4330.97 -0.002271
4333.64 -0.015338
4336.31 0.004486
4338.98 -0.012785
4341.65 0.003421
4344.32 -0.006581
4346.99 0.023848
4349.66 -0.036540
4352.33 0.000554
4355.00 -0.027020
4357.67 0.001693
4360.34 -0.029157
4363.01 0.003047
4365.68 0.005579
4368.35 0.042306
4371.02 0.008382
4373.69 -0.003930
4376.36 0.001667
4379.03 0.014809
4381.70 0.022593
4384.37 0.047848
4387.04 -0.001388
4389.71 0.027217
4392.38 0.004915
4395.05 -0.000412
4397.72 0.020891
4400.39 0.020407
4403.06 0.015517
4405.73 0.013200
4408.40 0.007486
4411.07 -0.005604
4413.74 0.012121
4416.41 0.037928
4419.08 0.028562
4421.75 0.022714
4424.42 0.004506
4427.09 0.034854
4429.76 0.017606
4432.43 -0.009071
4435.10 0.029461
4437.77 0.023405
4440.44 0.016892
4443.11 0.005292
4445.78 0.043756
4448.45 0.031405
4451.12 0.025625
4453.79 0.008468
4456.46 0.005478
4459.13 0.019471
4461.80 -0.003965
4464.47 0.019847
4467.14 0.008738
4469.81 0.001238
4472.48 0.019581
4475.15 -0.007591
4477.82 -0.010458
4480.49 -0.061370
4483.16 0.007556
4485.83 0.039511
4488.50 0.033006
4491.17 0.010222
4493.84 -0.009395
4496.51 0.004049
4499.18 0.020406
4501.85 -0.020709
4504.52 0.030734
4507.19 0.009469
4509.86 -0.009987
4512.53 0.029760
4515.20 0.018255
4517.87 -0.023054
4520.54 0.026933
4523.21 0.029663
4525.88 0.021995
4528.55 0.021858
4531.22 0.005413
4533.89 0.018283
4536.56 0.019826
4539.23 0.022728
4541.90 0.018605
4544.57 0.030205
4547.24 0.018281
4549.91 0.001617
4552.58 0.014514
4555.25 -0.006732
4557.92 -0.008265
4560.59 -0.008098
4563.26 -0.008773
4565.93 -0.007418
4568.60 0.020438
4571.27 0.010399
4573.94 0.008249
4576.61 0.038497
4579.28 0.050865
4581.95 0.010069
4584.62 -0.000866
4587.29 -0.017461
4589.96 0.026732
4592.63 -0.018419
4595.30 -0.015624
4597.97 0.006399
4600.64 0.011531
4603.31 0.027361
4605.98 -0.007202
4608.65 -0.008015
4611.32 0.011620
4613.99 0.007537
4616.66 0.023346
4619.33 0.019318
4622.00 -0.003757
4624.67 0.026498
4627.34 0.010699
4630.01 0.022016
4632.68 0.025036
4635.35 -0.005061
4638.02 0.015747
4640.69 0.029617
4643.36 0.011299
4646.03 0.014987
4648.70 0.039627
4651.37 0.008763
4654.04 0.016613
4656.71 0.023067
4659.38 0.023950
4662.05 0.016845
4664.72 0.008596
4667.39 0.021676
4670.06 0.009631
4672.73 0.008962
4675.40 -0.001416
4678.07 0.018437
4680.74 -0.002623
4683.41 0.025575
4686.08 0.034177
4688.75 0.029196
4691.42 0.006403
4694.09 0.005456
4696.76 -0.000126
4699.43 0.006504
4702.10 0.016606
4704.77 0.003590
4707.44 -0.027853
4710.11 -0.009340
4712.78 0.011760
4715.45 0.004097
4718.12 0.005947
4720.79 0.016092
4723.46 0.023116
4726.13 0.016333
4728.80 0.003806
4731.47 0.014868
4734.14 0.007666
4736.81 0.002657
4739.48 0.006843
4742.15 0.000454
4744.82 -0.029878
4747.49 -0.020083
4750.16 -0.007290
4752.83 0.007160
4755.50 -0.022976
4758.17 -0.015039
4760.84 -0.003801
4763.51 -0.004739
4766.18 -0.002605
4768.85 -0.022506
4771.52 0.054553
4774.19 -0.003841
4776.86 0.002250
4779.53 0.021073
4782.20 0.042432
4784.87 0.012180
4787.54 0.039599
4790.21 0.019657
4792.88 0.001838
4795.55 0.045349
4798.22 -0.000716
4800.89 0.026297
4803.56 -0.017381
4806.23 0.004642
4808.90 0.018168
4811.57 0.022356
4814.24 0.002913
4816.91 -0.009405
4819.58 0.009877
4822.25 0.026063
4824.92 0.003748
4827.59 0.014550
4830.26 0.016116
4832.93 -0.016658
4835.60 -0.035721
4838.27 -0.019976
4840.94 -0.011847
4843.61 -0.015247
4846.28 0.006643
4848.95 -0.035334
4851.62 -0.030645
4854.29 -0.016338
4856.96 0.004583
4859.63 -0.002368
4862.30 0.037121
4864.97 0.019408
4867.64 -0.027206
4870.31 0.002836
4872.98 0.018374
4875.65 -0.008314
4878.32 0.018205
4880.99 0.017729
4883.66 0.013561
4886.33 -0.019724
4889.00 0.009948
4891.67 0.019304
4894.34 -0.006412
4897.01 0.010342
4899.68 0.021723
4902.35 -0.008624
4905.02 0.005976
4907.69 -0.020116
4910.36 0.006146
4913.03 -0.017579
4915.70 0.005995
4918.37 -0.003551
4921.04 -0.006953
4923.71 -0.007149
4926.38 0.003026
4929.05 -0.010810
4931.72 -0.013418
4934.39 0.006743
4937.06 -0.034509
4939.73 -0.034133
4942.40 0.012831
4945.07 0.037173
4947.74 0.007877
4950.41 -0.016833
4953.08 -0.014983
4955.75 -0.022827
4958.42 -0.009808
4961.09 0.008330
4963.76 0.000100
4966.43 0.007522
4969.10 -0.016412
4971.77 0.013775
4974.44 -0.001539
4977.11 0.005532
4979.78 -0.006285
4982.45 -0.006850
4985.12 0.003474
4987.79 -0.006620
4990.46 -0.033634
4993.13 0.008515
4995.80 0.019915
4998.47 0.040479
5001.14 0.002402
5003.81 -0.038747
5006.48 0.027894
5009.15 0.009692
5011.82 0.036700
5014.49 -0.008173
5017.16 0.027679
5019.83 -0.011016
5022.50 -0.003148
5025.17 -0.031589
5027.84 0.030359
5030.51 0.039218
5033.18 -0.000075
5035.85 -0.015799
5038.52 -0.001941
5041.19 0.004109
5043.86 -0.008363
5046.53 0.030496
5049.20 0.008096
5051.87 -0.002453
5054.54 0.014527
5057.21 0.022176
5059.88 0.004283
5062.55 -0.014728
5065.22 -0.025419
5067.89 -0.004730
5070.56 0.001055
5073.23 -0.004881
5075.90 0.012751
5078.57 0.018021
5081.24 -0.052584
5083.91 0.017136
5086.58 -0.008201
5089.25 -0.007660
5091.92 0.000675
5094.59 -0.034753
5097.26 -0.023290
5099.93 -0.018111
5102.60 -0.003284
5105.27 -0.032912
5107.94 -0.036369
5110.61 -0.006730
5113.28 -0.002832
5115.95 -0.007586
5118.62 -0.004678
5121.29 0.025512
5123.96 -0.013343
5126.63 -0.025939
5129.30 0.001028
5131.97 0.001672
5134.64 -0.022027
5137.31 -0.000746
5139.98 -0.001401
5142.65 0.010913
5145.32 -0.019738
5147.99 0.004453
5150.66 -0.007850
5153.33 -0.000129
5156.00 0.012491
5158.67 0.033480
5161.34 -0.009639
5164.01 -0.038003
5166.68 -0.029069
5169.35 -0.063651
5172.02 -0.038655
5174.69 -0.036831
5177.36 0.003487
5180.03 -0.059653
5182.70 -0.007916
5185.37 0.010445
5188.04 0.012719
5190.71 -0.010976
5193.38 -0.037866
5196.05 0.020430
5198.72 0.017413
5201.39 -0.048702
5204.06 -0.029602
5206.73 -0.019844
5209.40 -0.024469
5212.07 0.016054
5214.74 -0.011659
5217.41 0.021241
5220.08 0.013356
5222.75 -0.020053
5225.42 0.013546
5228.09 0.025861
5230.76 0.015177
5233.43 -0.018662
5236.10 0.006902
5238.77 0.007602
5241.44 0.001182
5244.11 -0.020835
5246.78 -0.007881
5249.45 -0.007916
5252.12 -0.015490
5254.79 0.026480
5257.46 -0.025693
5260.13 -0.011612
5262.80 0.001242
5265.47 -0.007686
5268.14 0.023877
5270.81 0.021821
5273.48 0.024955
5276.15 0.004802
5278.82 -0.000409
5281.49 0.016694
5284.16 0.018401
5286.83 -0.034082
5289.50 -0.015651
5292.17 -0.007730
5294.84 -0.013982
5297.51 0.004913
5300.18 -0.031999
5302.85 0.009040
5305.52 -0.030237
5308.19 0.061829
5310.86 0.031633
5313.53 0.014011
5316.20 -0.040075
5318.87 -0.004488
5321.54 0.010807
5324.21 -0.010528
5326.88 -0.022725
5329.55 -0.019610
5332.22 0.019577
5334.89 0.020632
5337.56 0.008073
5340.23 -0.029875
5342.90 -0.020268
5345.57 -0.034919
5348.24 0.002302
5350.91 -0.002591
5353.58 0.003669
5356.25 -0.003678
5358.92 -0.039187
5361.59 -0.017324
5364.26 -0.011438
5366.93 -0.019869
5369.60 0.015358
5372.27 -0.013352
5374.94 -0.011418
5377.61 0.012059
5380.28 -0.017189
5382.95 -0.019946
5385.62 -0.006513
5388.29 -0.008547
5390.96 -0.001618
5393.63 -0.005213
5396.30 0.008594
5398.97 -0.014231
5401.64 -0.010937
5404.31 0.003914
5406.98 0.005446
5409.65 0.012257
5412.32 -0.009693
5414.99 0.009318
5417.66 -0.027820
5420.33 -0.020682
5423.00 -0.006690
5425.67 -0.021389
5428.34 0.006529
5431.01 0.047339
5433.68 -0.010911
5436.35 -0.048086
5439.02 -0.005741
5441.69 -0.011339
5444.36 0.035447
5447.03 0.009652
5449.70 -0.003036
5452.37 0.023494
5455.04 0.000428
5457.71 0.026572
5460.38 0.021424
5463.05 0.012207
5465.72 -0.028784
5468.39 -0.001685
5471.06 0.012757
5473.73 -0.024090
5476.40 -0.024501
5479.07 -0.042657
5481.74 -0.009427
5484.41 -0.002414
5487.08 -0.004578
5489.75 0.005792
5492.42 0.014881
5495.09 0.001061
5497.76 -0.003191
5500.43 0.011488
5503.10 0.001176
5505.77 0.011598
5508.44 0.023460
5511.11 -0.004800
5513.78 0.007417
5516.45 -0.003038
5519.12 0.011956
5521.79 0.003976
5524.46 -0.022569
5527.13 -0.043429
5529.80 -0.011416
5532.47 -0.009469
5535.14 0.020286
5537.81 0.002934
5540.48 0.008560
5543.15 -0.035108
5545.82 -0.014150
5548.49 0.022089
5551.16 -0.024038
5553.83 -0.025564
5556.50 -0.004731
5559.17 0.001527
5561.84 0.010973
5564.51 0.011540
5567.18 -0.003755
5569.85 -0.021725
5572.52 -0.031377
5575.19 -0.004908
5577.86 -0.003597
5580.53 -0.029336
5583.20 -0.000685
5585.87 0.022278
5588.54 0.010432
5591.21 0.012008
5593.88 0.005410
5596.55 -0.012342
5599.22 -0.024187
5601.89 -0.040554
5604.56 -0.014842
5607.23 -0.020596
5609.90 0.038802
5612.57 -0.015750
5615.24 0.016736
5617.91 -0.012231
5620.58 -0.004800
5623.25 -0.013271
5625.92 -0.030573
5628.59 -0.026702
5631.26 -0.010634
5633.93 -0.015710
5636.60 -0.006772
5639.27 -0.012730
5641.94 -0.013105
5644.61 0.028796
5647.28 0.003447
5649.95 -0.010252
5652.62 0.002389
5655.29 -0.009094
5657.96 -0.016285
5660.63 -0.011248
5663.30 0.018852
5665.97 0.003612
5668.64 0.004427
5671.31 0.031394
5673.98 0.029981
5676.65 0.029714
5679.32 0.045616
5681.99 0.013303
5684.66 0.013188
5687.33 -0.031994
5690.00 0.011848
5692.67 -0.010920
5695.34 0.009982
5698.01 -0.027049
5700.68 -0.023313
5703.35 0.034373
5706.02 -0.013700
5708.69 -0.030508
5711.36 -0.005207
5714.03 -0.023686
5716.70 -0.007804
5719.37 -0.010721
5722.04 -0.008089
5724.71 -0.006629
5727.38 -0.033755
5730.05 -0.048762
5732.72 -0.014668
5735.39 0.016502
5738.06 0.004183
5740.73 -0.032053
5743.40 0.042765
5746.07 -0.010818
5748.74 -0.022617
5751.41 -0.003819
5754.08 0.013063
5756.75 0.004636
5759.42 -0.015625
5762.09 -0.019489
5764.76 -0.010986
5767.43 -0.014234
5770.10 0.007647
5772.77 -0.010330
5775.44 -0.014370
5778.11 -0.012345
5780.78 -0.001287
5783.45 0.003382
5786.12 -0.054282
5788.79 0.035265
5791.46 -0.026564
5794.13 0.020996
5796.80 0.016041
5799.47 0.027325
5802.14 0.010734
5804.81 0.043363
5807.48 -0.001843
5810.15 0.001861
5812.82 -0.011428
5815.49 -0.033484
5818.16 0.035692
5820.83 -0.006297
5823.50 0.035775
5826.17 0.015168
5828.84 -0.023188
5831.51 0.003531
5834.18 -0.031045
5836.85 -0.013942
5839.52 -0.011434
5842.19 0.038537
5844.86 0.037166
5847.53 0.044755
5850.20 -0.034651
5852.87 -0.014459
5855.54 -0.014198
5858.21 0.017296
5860.88 -0.016713
5863.55 0.003845
5866.22 -0.008237
5868.89 -0.003562
5871.56 -0.013229
5874.23 -0.016083
5876.90 -0.000297
5879.57 0.016955
5882.24 -0.024956
5884.91 0.035392
5887.58 -0.040905
5890.25 0.030197
5892.92 0.010814
5895.59 -0.008289
5898.26 -0.009892
5900.93 -0.030345
5903.60 -0.031053
5906.27 0.031925
5908.94 -0.012179
5911.61 0.004008
5914.28 0.032543
5916.95 -0.021957
5919.62 0.072875
5922.29 -0.000199
5924.96 0.020673
5927.63 0.047302
5930.30 -0.045085
5932.97 -0.017174
5935.64 0.019309
5938.31 -0.000476
5940.98 -0.005352
5943.65 -0.038296
5946.32 0.022692
5948.99 0.003048
5951.66 -0.001545
5954.33 0.037142
5957.00 -0.055490
5959.67 0.027596
5962.34 0.013894
5965.01 0.007403
5967.68 -0.001724
5970.35 -0.015675
5973.02 -0.069354
5975.69 -0.000711
5978.36 0.004619
5981.03 -0.005104
5983.70 0.027225
5986.37 0.026017
5989.04 0.020259
5991.71 -0.000460
5994.38 0.006584
5997.05 0.018506
5999.72 0.048020
6002.39 0.050525
6005.06 0.003751
6007.73 -0.018041
6010.40 -0.011090
6013.07 0.002712
6015.74 0.034596
6018.41 -0.039363
6021.08 -0.001749
6023.75 0.039427
6026.42 0.027879
6029.09 0.013199
6031.76 0.034405
6034.43 0.010662
6037.10 0.017764
6039.77 0.020339
6042.44 -0.041571
6045.11 0.027116
6047.78 -0.048947
6050.45 0.050384
6053.12 -0.007847
6055.79 -0.021457
6058.46 -0.040821
6061.13 -0.008901
6063.80 -0.025508
6066.47 -0.007014
6069.14 -0.027857
6071.81 -0.023973
6074.48 -0.054358
6077.15 -0.018810
6079.82 0.044561
6082.49 0.019260
6085.16 -0.026541
6087.83 0.038027
6090.50 -0.005196
6093.17 -0.004168
6095.84 0.006629
6098.51 0.015062
6101.18 -0.006678
6103.85 -0.035004
6106.52 -0.011580
6109.19 -0.040905
6111.86 0.019128
6114.53 -0.039338
6117.20 -0.059563
6119.87 0.024315
6122.54 0.006291
6125.21 0.021114
6127.88 -0.002911
6130.55 0.013261
6133.22 -0.009064
6135.89 0.017107
6138.56 -0.013478
6141.23 -0.032733
6143.90 -0.017699
6146.57 -0.012083
6149.24 0.010344
6151.91 0.051604
6154.58 -0.027717
6157.25 0.027547
6159.92 0.011755
6162.59 -0.028056
6165.26 0.003304
6167.93 0.004912
6170.60 -0.018991
6173.27 -0.017313
6175.94 -0.019280
6178.61 -0.012215
6181.28 0.001257
6183.95 -0.024946
6186.62 -0.026787
6189.29 -0.031438
6191.96 -0.009073
6194.63 -0.009674
6197.30 0.018543
6199.97 -0.042751
6202.64 -0.007332
6205.31 0.003827
6207.98 -0.016931
6210.65 0.024910
6213.32 -0.015765
6215.99 -0.010346
6218.66 0.016334
6221.33 -0.002679
6224.00 0.013039
6226.67 -0.023525
6229.34 -0.019922
6232.01 -0.047256
6234.68 0.001152
6237.35 -0.000738
6240.02 -0.023370
6242.69 -0.038952
6245.36 -0.012035
6248.03 0.005883
6250.70 -0.010442
6253.37 0.007095
6256.04 -0.011639
6258.71 -0.024843
6261.38 0.042432
6264.05 0.017222
6266.72 -0.003714
6269.39 -0.003785
6272.06 0.015900
6274.73 0.024000
6277.40 -0.029728
6280.07 0.034467
6282.74 0.014278
6285.41 -0.005859
6288.08 -0.007869
6290.75 0.003344
6293.42 -0.003311
6296.09 0.008927
6298.76 -0.011447
6301.43 -0.013536
6304.10 -0.004252
6306.77 -0.016834
6309.44 -0.011647
6312.11 -0.029718
6314.78 -0.015851
6317.45 -0.008619
6320.12 -0.005726
6322.79 0.010811
6325.46 0.002329
6328.13 -0.001027
6330.80 -0.004105
6333.47 0.005650
6336.14 0.012408
6338.81 0.009858
6341.48 0.011840
6344.15 0.005981
6346.82 -0.016842
6349.49 -0.003287
6352.16 -0.002345
6354.83 -0.000165
6357.50 -0.007191
6360.17 0.007745
6362.84 0.001233
6365.51 -0.013591
6368.18 0.018974
6370.85 0.014114
6373.52 0.007041
6376.19 0.009379
6378.86 0.008391
6381.53 0.023514
6384.20 0.006928
6386.87 -0.003068
6389.54 -0.011704
6392.21 0.003873
6394.88 0.024642
6397.55 0.009731
6400.22 -0.002485
6402.89 -0.005553
6405.56 0.000545
6408.23 0.015431
6410.90 0.014666
6413.57 0.006075
6416.24 0.007936
6418.91 -0.004740
6421.58 -0.003374
6424.25 0.008424
6426.92 -0.004146
6429.59 -0.001781
6432.26 -0.000873
6434.93 0.004119
6437.60 0.000644
6440.27 0.003723
6442.94 0.006225
6445.61 0.002886
6448.28 0.006382
6450.95 -0.000652
6453.62 0.007184
6456.29 0.001623
6458.96 0.007652
6461.63 0.007137
6464.30 0.005587
6466.97 0.007598
6469.64 -0.000154
6472.31 -0.005591
6474.98 0.007578
6477.65 0.002478
6480.32 0.002673
6482.99 0.005748
6485.66 0.008341
6488.33 0.010532
6491.00 -0.000906
6493.67 -0.002520
6496.34 -0.003917
6499.01 0.011667
6501.68 0.011789
6504.35 0.008740
6507.02 0.001377
6509.69 0.005381
6512.36 0.006187
6515.03 0.015973
6517.70 0.016433
6520.37 0.007884
6523.04 -0.000767
6525.71 -0.010643
6528.38 -0.000178
6531.05 0.002368
6533.72 -0.012862
6536.39 -0.002647
6539.06 -0.002075
6541.73 -0.006271
6544.40 0.000897
6547.07 0.000026
6549.74 -0.001024
6552.41 -0.002606
6555.08 0.017867
6557.75 0.021447
6560.42 0.002846
6563.09 0.008235
6565.76 0.020842
6568.43 0.023438
6571.10 0.020956
6573.77 0.018436
6576.44 0.020143
6579.11 0.012334
6581.78 0.010504
6584.45 0.002144
6587.12 -0.002325
6589.79 -0.004684
6592.46 -0.001973
6595.13 -0.000526
6597.80 -0.005330
6600.47 -0.006589
6603.14 -0.002019
6605.81 -0.007803
6608.48 -0.001567
6611.15 -0.006797
6613.82 -0.003021
6616.49 -0.000944
6619.16 -0.011136
6621.83 -0.006208
6624.50 -0.008668
6627.17 -0.007299
6629.84 -0.012211
6632.51 -0.012364
6635.18 -0.009867
6637.85 -0.009618
6640.52 -0.010729
6643.19 -0.010635
6645.86 -0.015741
6648.53 -0.010178
6651.20 -0.009435
6653.87 -0.011621
6656.54 -0.007713
6659.21 -0.002070
6661.88 -0.004100
6664.55 -0.003539
6667.22 -0.006520
6669.89 -0.005842
6672.56 -0.002163
6675.23 -0.000345
6677.90 0.001496
6680.57 -0.003737
6683.24 -0.002678
6685.91 -0.002392
6688.58 -0.000434
6691.25 0.003371
6693.92 -0.001775
6696.59 -0.000824
6699.26 0.000704
6701.93 -0.001415
6704.60 0.000729
6707.27 0.001343
6709.94 -0.002530
6712.61 -0.002508
6715.28 -0.002569
6717.95 -0.002634
6720.62 -0.002537
6723.29 -0.002521
6725.96 -0.002506
6728.63 -0.002460
6731.30 -0.002459
6733.97 -0.002436
6736.64 -0.002363
6739.31 -0.002290
6741.98 -0.002267
6744.65 -0.002256
6747.32 -0.002192
6749.99 -0.002162
6752.66 -0.002155
6755.33 -0.002132
6758.00 -0.002152
6760.67 -0.002111
6763.34 -0.002118
6766.01 -0.002087
6768.68 -0.002078
6771.35 -0.002080
6774.02 -0.002108
6776.69 -0.002069
6779.36 -0.002060
6782.03 -0.002062
6784.70 -0.002104
6787.37 -0.002128
6790.04 -0.002094
6792.71 -0.002083
6795.38 -0.002079
6798.05 -0.002035
6800.72 -0.002039
6803.39 -0.002059
6806.06 -0.002070
6808.73 -0.002032
6811.40 -0.002044
6814.07 -0.002047
6816.74 -0.002065
6819.41 -0.002105
6822.08 -0.002038
6824.75 -0.002057
6827.42 -0.002044
6830.09 -0.002074
6832.76 -0.002041
6835.43 -0.002037
6838.10 -0.002042
6840.77 -0.002049
6843.44 -0.002007
6846.11 -0.001998
6848.78 -0.002012
6851.45 -0.001990
6854.12 -0.002003
6856.79 -0.002018
6859.46 -0.002013
6862.13 -0.001968
6864.80 -0.002005
6867.47 -0.002061
6870.14 -0.002013
6872.81 -0.002050
6875.48 -0.002018
6878.15 -0.002025
6880.82 -0.002014
6883.49 -0.002013
6886.16 -0.002035
6888.83 -0.001921
6891.50 -0.002027
6894.17 -0.002018
6896.84 -0.001998
6899.51 -0.002009
6902.18 -0.002008
6904.85 -0.001965
6907.52 -0.001933
6910.19 -0.002052
6912.86 -0.002102
6915.53 -0.002115
6918.20 -0.002105
6920.87 -0.002015
6923.54 -0.002038
6926.21 -0.002003
6928.88 -0.002026
6931.55 -0.002037
6934.22 -0.002031
6936.89 -0.002045
6939.56 -0.002065
6942.23 -0.001983
6944.90 -0.001942
6947.57 -0.001944
6950.24 -0.002055
6952.91 -0.002099
6955.58 -0.002129
6958.25 -0.002091
6960.92 -0.002123
6963.59 -0.002128
6966.26 -0.002113
6968.93 -0.002156
6971.60 -0.002081
6974.27 -0.002149
6976.94 -0.002189
6979.61 -0.002224
6982.28 -0.002307
6984.95 -0.002265
6987.62 -0.002285
6990.29 -0.002226
6992.96 -0.002235
6995.63 -0.002272
6998.30 -0.002267
7000.97 -0.002237
7003.64 -0.002240
7006.31 -0.002247
7008.98 -0.002149
7011.65 -0.002234
7014.32 -0.002225
7016.99 -0.002174
7019.66 -0.002261
7022.33 -0.002213
7025.00 -0.002270
7027.67 -0.002310
7030.34 -0.002271
7033.01 -0.002278
7035.68 -0.002286
7038.35 -0.002330
7041.02 -0.002412
7043.69 -0.002336
7046.36 -0.002291
7049.03 -0.002375
7051.70 -0.002317
7054.37 -0.002239
7057.04 -0.002171
7059.71 -0.002172
7062.38 -0.002284
7065.05 -0.002381
7067.72 -0.002305
7070.39 -0.002254
7073.06 -0.002136
7075.73 -0.002232
7078.40 -0.002279
7081.07 -0.002308
7083.74 -0.002255
7086.41 -0.002141
7089.08 -0.002117
7091.75 -0.002245
7094.42 -0.002231
7097.09 -0.002196
7099.76 -0.002163
7102.43 -0.002183
7105.10 -0.002207
7107.77 -0.002301
7110.44 -0.002284
7113.11 -0.002302
7115.78 -0.002278
7118.45 -0.002343
7121.12 -0.002268
7123.79 -0.002292
7126.46 -0.002300
7129.13 -0.002314
7131.80 -0.002340
7134.47 -0.002299
7137.14 -0.002352
7139.81 -0.002303
7142.48 -0.002272
7145.15 -0.002266
7147.82 -0.002262
7150.49 -0.002265
7153.16 -0.002232
7155.83 -0.002218
7158.50 -0.002283
7161.17 -0.002232
7163.84 -0.002255
7166.51 -0.002186
7169.18 -0.002254
7171.85 -0.002253
7174.52 -0.002292
7177.19 -0.002274
7179.86 -0.002282
7182.53 -0.002313
7185.20 -0.002400
7187.87 -0.002327
7190.54 -0.002280
7193.21 -0.002208
7195.88 -0.002190
7198.55 -0.002323
7201.22 -0.002176
7203.89 -0.002195
7206.56 -0.002179
7209.23 -0.002176
7211.90 -0.002246
7214.57 -0.002250
7217.24 -0.002195
7219.91 -0.002225
7222.58 -0.002208
7225.25 -0.002266
7227.92 -0.002307
7230.59 -0.002224
7233.26 -0.002193
7235.93 -0.002245
7238.60 -0.002274
7241.27 -0.002246
7243.94 -0.002257
7246.61 -0.002204
7249.28 -0.002213
7251.95 -0.002236
7254.62 -0.002221
7257.29 -0.002230
7259.96 -0.002189
7262.63 -0.002163
7265.30 -0.002203
7267.97 -0.002188
7270.64 -0.002206
7273.31 -0.002257
7275.98 -0.002222
7278.65 -0.002171
7281.32 -0.002099
7283.99 -0.002141
7286.66 -0.002251
7289.33 -0.002265
7292.00 -0.002175
7294.67 -0.002192
7297.34 -0.002237
7300.01 -0.002206
7302.68 -0.002204
7305.35 -0.002180
7308.02 -0.002308
7310.69 -0.002209
7313.36 -0.002250
7316.03 -0.002243
7318.70 -0.002329
7321.37 -0.002347
7324.04 -0.002298
7326.71 -0.002308
7329.38 -0.002312
7332.05 -0.002265
7334.72 -0.002291
7337.39 -0.002282
7340.06 -0.002219
7342.73 -0.002247
7345.40 -0.002214
7348.07 -0.002218
7350.74 -0.002208
7353.41 -0.002188
7356.08 -0.002169
7358.75 -0.002281
7361.42 -0.002217
7364.09 -0.002236
7366.76 -0.002257
7369.43 -0.002250
7372.10 -0.002214
7374.77 -0.002255
7377.44 -0.002144
7380.11 -0.002270
7382.78 -0.002287
7385.45 -0.002165
7388.12 -0.002192
7390.79 -0.002189
7393.46 -0.002192
7396.13 -0.002160
7398.80 -0.002170
7401.47 -0.002100
7404.14 -0.002212
7406.81 -0.002188
7409.48 -0.002175
7412.15 -0.002229
7414.82 -0.002049
7417.49 -0.002129
7420.16 -0.002183
7422.83 -0.002258
7425.50 -0.002191
7428.17 -0.002200
7430.84 -0.002074
7433.51 -0.002098
7436.18 -0.002165
7438.85 -0.002111
7441.52 -0.002163
7444.19 -0.002208
7446.86 -0.002161
7449.53 -0.002098
7452.20 -0.002174
7454.87 -0.002185
7457.54 -0.002257
7460.21 -0.002279
7462.88 -0.002229
7465.55 -0.002282
7468.22 -0.002266
7470.89 -0.002260
7473.56 -0.002284
7476.23 -0.002295
7478.90 -0.002259
7481.57 -0.002280
7484.24 -0.002256
7486.91 -0.002253
7489.58 -0.002309
7492.25 -0.002267
7494.92 -0.002251
7497.59 -0.002239
