2486.00 -0.000851
2488.67 -0.003040
2491.34 0.000559
2494.01 -0.006162
2496.68 0.115023
2499.35 -0.014539
2502.02 0.056587
2504.69 -0.008238
2507.36 -0.004771
2510.03 0.049884
2512.70 -0.014238
2515.37 -0.011820
2518.04 -0.035169
2520.71 0.066861
2523.38 0.043338
2526.05 -0.091872
2528.72 -0.042427
2531.39 0.011292
2534.06 0.026783
2536.73 0.037527
2539.40 -0.005029
2542.07 -0.010427
2544.74 -0.020783
2547.41 -0.007781
2550.08 0.062023
2552.75 -0.027424
2555.42 -0.024001
2558.09 0.016764
2560.76 -0.051129
2563.43 -0.002932
2566.10 -0.007749
2568.77 0.003844
2571.44 -0.007109
2574.11 -0.047846
2576.78 0.091059
2579.45 0.036367
2582.12 -0.044726
2584.79 -0.005347
2587.46 -0.055647
2590.13 0.029835
2592.80 -0.002445
2595.47 -0.012320
2598.14 -0.043560
2600.81 -0.042784
2603.48 -0.039712
2606.15 -0.000282
2608.82 -0.027080
2611.49 0.007691
2614.16 -0.017639
2616.83 0.006469
2619.50 -0.075202
2622.17 0.004324
2624.84 -0.013275
2627.51 0.084972
2630.18 -0.028546
2632.85 -0.093195
2635.52 0.009003
2638.19 -0.014233
2640.86 0.003296
2643.53 -0.017889
2646.20 -0.020242
2648.87 0.047555
2651.54 0.032440
2654.21 0.074462
2656.88 0.027224
2659.55 0.006912
2662.22 0.050466
2664.89 -0.007295
2667.56 -0.091353
2670.23 -0.032329
2672.90 0.039888
2675.57 0.059214
2678.24 0.059007
2680.91 0.005518
2683.58 -0.030909
2686.25 0.013765
2688.92 0.029362
2691.59 0.007312
2694.26 -0.025849
2696.93 0.035213
2699.60 -0.059495
2702.27 0.020675
2704.94 0.074874
2707.61 0.001678
2710.28 0.019151
2712.95 -0.040512
2715.62 -0.091145
2718.29 0.016095
2720.96 -0.048080
2723.63 0.061954
2726.30 0.010880
2728.97 -0.038852
2731.64 -0.055075
2734.31 -0.050441
2736.98 0.043000
2739.65 -0.002939
2742.32 0.010304
2744.99 0.018833
2747.66 0.000931
2750.33 -0.049618
2753.00 -0.007174
2755.67 -0.060714
2758.34 -0.085304
2761.01 -0.059530
2763.68 -0.012364
2766.35 0.024168
2769.02 0.004231
2771.69 -0.027265
2774.36 -0.030481
2777.03 0.024888
2779.70 0.040052
2782.37 0.042681
2785.04 0.003639
2787.71 -0.013577
2790.38 0.011944
2793.05 0.009505
2795.72 0.010359
2798.39 0.035714
2801.06 0.052606
2803.73 -0.041071
2806.40 -0.059826
2809.07 -0.008196
2811.74 0.038665
2814.41 0.080486
2817.08 0.040061
2819.75 0.048631
2822.42 -0.011128
2825.09 0.012211
2827.76 -0.017946
2830.43 -0.004035
2833.10 -0.020815
2835.77 -0.018151
2838.44 -0.020009
2841.11 -0.003056
2843.78 -0.099378
2846.45 -0.018754
2849.12 -0.063534
2851.79 -0.045715
2854.46 -0.020044
2857.13 0.044830
2859.80 0.010192
2862.47 -0.008976
2865.14 0.009593
2867.81 -0.000493
2870.48 0.001476
2873.15 0.020006
2875.82 0.031706
2878.49 0.028294
2881.16 -0.019527
2883.83 0.028466
2886.50 0.025502
2889.17 0.047904
2891.84 0.021403
2894.51 0.040668
2897.18 0.050330
2899.85 0.019545
2902.52 0.045171
2905.19 0.065053
2907.86 0.039896
2910.53 -0.014052
2913.20 0.070221
2915.87 0.034770
2918.54 0.006378
2921.21 0.023822
2923.88 -0.009599
2926.55 -0.032946
2929.22 0.000825
2931.89 -0.005399
2934.56 0.018324
2937.23 -0.007019
2939.90 0.025274
2942.57 0.030211
2945.24 -0.014341
2947.91 -0.042619
2950.58 -0.024442
2953.25 0.001726
2955.92 -0.008142
2958.59 -0.019725
2961.26 -0.049576
2963.93 -0.009521
2966.60 0.001149
2969.27 0.009103
2971.94 -0.028269
2974.61 -0.039183
2977.28 -0.000945
2979.95 -0.020070
2982.62 0.019452
2985.29 -0.075510
2987.96 -0.053560
2990.63 0.002357
2993.30 -0.039225
2995.97 0.033985
2998.64 -0.064514
3001.31 0.022111
3003.98 0.033725
3006.65 -0.008230
3009.32 0.045441
3011.99 -0.067690
3014.66 0.020950
3017.33 0.031390
3020.00 -0.007787
3022.67 -0.017648
3025.34 -0.000004
3028.01 -0.006364
3030.68 0.000300
3033.35 0.019786
3036.02 -0.018636
3038.69 0.007008
3041.36 -0.015508
3044.03 -0.016607
3046.70 0.033896
3049.37 0.022180
3052.04 0.011016
3054.71 0.010178
3057.38 0.029584
3060.05 -0.016612
3062.72 -0.031070
3065.39 0.018644
3068.06 -0.001701
3070.73 -0.008342
3073.40 0.001577
3076.07 0.023106
3078.74 0.065750
3081.41 -0.037761
3084.08 0.006632
3086.75 -0.011919
3089.42 0.018617
3092.09 0.025121
3094.76 -0.012907
3097.43 0.024000
3100.10 0.020214
3102.77 0.063005
3105.44 -0.012046
3108.11 0.051764
3110.78 0.006711
3113.45 -0.008274
3116.12 0.017394
3118.79 0.049725
3121.46 -0.013417
3124.13 0.011575
3126.80 -0.013286
3129.47 0.006411
3132.14 0.086986
3134.81 0.057502
3137.48 -0.004857
3140.15 -0.025036
3142.82 0.029781
3145.49 0.021279
3148.16 0.017926
3150.83 0.002615
3153.50 0.022519
3156.17 -0.006779
3158.84 -0.021820
3161.51 0.034387
3164.18 0.039716
3166.85 -0.009624
3169.52 -0.001171
3172.19 -0.023613
3174.86 -0.006925
3177.53 0.026536
3180.20 -0.007676
3182.87 -0.009277
3185.54 -0.050702
3188.21 0.044869
3190.88 0.004986
3193.55 -0.028481
3196.22 -0.017180
3198.89 -0.021786
3201.56 -0.054207
3204.23 -0.012571
3206.90 -0.001454
3209.57 0.016035
3212.24 -0.040486
3214.91 -0.002263
3217.58 -0.024945
3220.25 0.003971
3222.92 -0.039645
3225.59 0.020564
3228.26 -0.022967
3230.93 -0.036002
3233.60 -0.011086
3236.27 0.015352
3238.94 0.002483
3241.61 0.054186
3244.28 0.008796
3246.95 -0.036867
3249.62 0.034800
3252.29 -0.054621
3254.96 0.011170
3257.63 0.003225
3260.30 0.005101
3262.97 0.000436
3265.64 0.039811
3268.31 0.015028
3270.98 -0.000906
3273.65 -0.038162
3276.32 0.013007
3278.99 0.011115
3281.66 -0.006002
3284.33 -0.021992
3287.00 0.047711
3289.67 0.049629
3292.34 -0.023980
3295.01 0.052169
3297.68 -0.032575
3300.35 -0.029070
3303.02 0.006097
3305.69 -0.029036
3308.36 -0.001926
3311.03 -0.022014
3313.70 -0.018156
3316.37 -0.004995
3319.04 -0.049108
3321.71 -0.035390
3324.38 -0.006592
3327.05 0.015737
3329.72 0.017441
3332.39 -0.071764
3335.06 -0.019822
3337.73 -0.015756
3340.40 -0.018169
3343.07 0.007524
3345.74 -0.057018
3348.41 0.003837
3351.08 -0.049373
3353.75 -0.026202
3356.42 -0.009378
3359.09 -0.009787
3361.76 -0.059980
3364.43 0.001842
3367.10 -0.017711
3369.77 -0.016819
3372.44 -0.018814
3375.11 0.039412
3377.78 0.021439
3380.45 -0.033973
3383.12 -0.017837
3385.79 -0.039329
3388.46 0.010977
3391.13 0.038459
3393.80 0.024592
3396.47 0.035380
3399.14 0.011731
3401.81 -0.012692
3404.48 0.011443
3407.15 -0.019658
3409.82 -0.000095
3412.49 -0.008363
3415.16 -0.036846
3417.83 0.012296
3420.50 -0.030723
3423.17 -0.014189
3425.84 0.019988
3428.51 -0.002745
3431.18 0.049504
3433.85 -0.012454
3436.52 -0.005575
3439.19 -0.020243
3441.86 -0.017018
3444.53 -0.023703
3447.20 -0.002380
3449.87 0.022327
3452.54 -0.011704
3455.21 -0.000616
3457.88 0.016818
3460.55 0.030916
3463.22 0.030415
3465.89 0.008288
3468.56 0.010701
3471.23 -0.001562
3473.90 -0.013867
3476.57 -0.002642
3479.24 -0.015209
3481.91 0.008745
3484.58 -0.012679
3487.25 -0.051241
3489.92 -0.005204
3492.59 0.022867
3495.26 0.014849
3497.93 0.002784
3500.60 -0.001721
3503.27 -0.004123
3505.94 0.012084
3508.61 -0.018818
3511.28 0.009851
3513.95 0.034593
3516.62 -0.038340
3519.29 0.008902
3521.96 -0.002430
3524.63 -0.010654
3527.30 -0.010873
3529.97 -0.054836
3532.64 -0.013082
3535.31 0.024050
3537.98 -0.016942
3540.65 0.004794
3543.32 -0.012686
3545.99 0.006897
3548.66 -0.003441
3551.33 -0.001127
3554.00 -0.029526
3556.67 -0.032539
3559.34 -0.008480
3562.01 0.005621
3564.68 0.018681
3567.35 0.029988
3570.02 0.007350
3572.69 0.017177
3575.36 0.012524
3578.03 -0.014030
3580.70 -0.000185
3583.37 -0.010856
3586.04 -0.019166
3588.71 0.034946
3591.38 0.027400
3594.05 -0.004903
3596.72 -0.018911
3599.39 0.018476
3602.06 -0.015545
3604.73 -0.022405
3607.40 -0.000922
3610.07 -0.012089
3612.74 -0.014707
3615.41 -0.006217
3618.08 0.028052
3620.75 0.004357
3623.42 -0.036762
3626.09 0.022824
3628.76 -0.033698
3631.43 -0.036519
3634.10 0.014920
3636.77 0.023502
3639.44 0.029301
3642.11 0.009222
3644.78 -0.011446
3647.45 -0.006006
3650.12 0.009461
3652.79 -0.005164
3655.46 0.000310
3658.13 -0.017814
3660.80 -0.022676
3663.47 -0.033575
3666.14 0.006607
3668.81 0.007036
3671.48 -0.017991
3674.15 0.005648
3676.82 -0.019228
3679.49 0.025355
3682.16 -0.003710
3684.83 -0.013409
3687.50 0.007186
3690.17 0.000059
3692.84 0.002026
3695.51 -0.006666
3698.18 -0.019929
3700.85 0.021172
3703.52 0.008194
3706.19 -0.042957
3708.86 0.043653
3711.53 0.027616
3714.20 0.009175
3716.87 0.014817
3719.54 0.011024
3722.21 0.063968
3724.88 0.021508
3727.55 0.071706
3730.22 0.035783
3732.89 -0.007042
3735.56 -0.005348
3738.23 0.021299
3740.90 0.025775
3743.57 0.000781
3746.24 -0.021446
3748.91 0.013812
3751.58 0.019375
3754.25 0.040387
3756.92 0.009127
3759.59 0.016118
3762.26 0.014746
3764.93 0.048682
3767.60 -0.048122
3770.27 0.016579
3772.94 0.000720
3775.61 -0.006332
3778.28 0.000458
3780.95 0.017804
3783.62 -0.022845
3786.29 -0.009890
3788.96 -0.000036
3791.63 0.018464
3794.30 -0.008297
3796.97 -0.046420
3799.64 -0.012679
3802.31 -0.009258
3804.98 -0.063653
3807.65 -0.016426
3810.32 0.029825
3812.99 0.017178
3815.66 -0.011867
3818.33 0.044013
3821.00 0.042662
3823.67 0.020754
3826.34 0.009672
3829.01 -0.023077
3831.68 -0.007698
3834.35 -0.023403
3837.02 0.022936
3839.69 -0.017163
3842.36 -0.012816
3845.03 -0.020683
3847.70 0.018421
3850.37 0.025227
3853.04 -0.033080
3855.71 0.000479
3858.38 -0.003723
3861.05 0.046131
3863.72 -0.010797
3866.39 0.083778
3869.06 0.030808
3871.73 0.006623
3874.40 0.005646
3877.07 -0.013743
3879.74 -0.017060
3882.41 0.021816
3885.08 -0.009720
3887.75 -0.028953
3890.42 -0.005082
3893.09 -0.024903
3895.76 -0.027921
3898.43 -0.005047
3901.10 -0.044998
3903.77 -0.070511
3906.44 -0.003425
3909.11 -0.004208
3911.78 -0.018457
3914.45 -0.010286
3917.12 -0.018620
3919.79 0.001279
3922.46 -0.021010
3925.13 -0.022167
3927.80 -0.006497
3930.47 -0.011170
3933.14 -0.016785
3935.81 0.009047
3938.48 0.031258
3941.15 -0.014933
3943.82 0.002934
3946.49 0.051004
3949.16 -0.043771
3951.83 0.009953
3954.50 -0.008795
3957.17 0.027256
3959.84 0.037414
3962.51 0.017966
3965.18 0.025900
3967.85 0.028433
3970.52 0.056159
3973.19 0.023176
3975.86 0.020295
3978.53 0.012714
3981.20 0.034343
3983.87 0.046383
3986.54 0.013065
3989.21 -0.005108
3991.88 0.010305
3994.55 -0.034493
3997.22 -0.000373
3999.89 0.029634
4002.56 0.024261
4005.23 -0.023722
4007.90 0.003703
4010.57 0.007644
4013.24 -0.007880
4015.91 -0.019014
4018.58 0.010323
4021.25 0.009904
4023.92 0.013145
4026.59 0.003096
4029.26 -0.021483
4031.93 0.012729
4034.60 0.005704
4037.27 0.005160
4039.94 0.008964
4042.61 -0.003739
4045.28 -0.013936
4047.95 0.014345
4050.62 -0.021679
4053.29 -0.005607
4055.96 0.028020
4058.63 0.024892
4061.30 0.027608
4063.97 -0.013909
4066.64 0.032564
4069.31 0.001413
4071.98 0.019486
4074.65 -0.008657
4077.32 -0.011154
4079.99 -0.010338
4082.66 -0.036330
4085.33 0.021249
4088.00 0.017405
4090.67 -0.002851
4093.34 -0.006300
4096.01 -0.013591
4098.68 -0.006060
4101.35 -0.008111
4104.02 0.027493
4106.69 0.015229
4109.36 0.041127
4112.03 0.017842
4114.70 0.049731
4117.37 0.018401
4120.04 0.041874
4122.71 0.013174
4125.38 0.005681
4128.05 0.026419
4130.72 -0.010730
4133.39 0.029863
4136.06 0.027396
4138.73 -0.053469
4141.40 0.018684
4144.07 0.001823
4146.74 -0.019702
4149.41 -0.024818
4152.08 -0.011972
4154.75 -0.026887
4157.42 -0.041607
4160.09 -0.035035
4162.76 -0.001626
4165.43 -0.018942
4168.10 -0.011923
4170.77 -0.027737
4173.44 0.007276
4176.11 0.011327
4178.78 0.030107
4181.45 -0.007076
4184.12 0.037828
4186.79 0.032579
4189.46 -0.011201
4192.13 0.010901
4194.80 0.011024
4197.47 0.032209
4200.14 -0.001173
4202.81 -0.019679
4205.48 0.004564
4208.15 -0.017863
4210.82 -0.022559
4213.49 0.005342
4216.16 0.012820
4218.83 0.028952
4221.50 0.009516
4224.17 -0.012652
4226.84 0.007799
4229.51 0.019409
4232.18 -0.000633
4234.85 0.036833
4237.52 0.001241
4240.19 0.011784
4242.86 -0.002187
4245.53 0.034629
4248.20 0.021065
4250.87 0.030180
4253.54 0.022702
4256.21 -0.023657
4258.88 -0.018099
4261.55 -0.000850
4264.22 0.025782
4266.89 -0.012402
4269.56 -0.001916
4272.23 0.021640
4274.90 0.021942
4277.57 0.002348
4280.24 0.019234
4282.91 0.011725
4285.58 0.025217
4288.25 0.008464
4290.92 0.038153
4293.59 0.020501
4296.26 0.006607
4298.93 0.038940
4301.60 0.039926
4304.27 0.010285
4306.94 -0.005717
4309.61 0.021790
4312.28 0.016034
4314.95 -0.003084
4317.62 0.013031
4320.29 0.014051
4322.96 0.018201
4325.63 0.025657
4328.30 -0.000691
4330.97 0.018977
4333.64 0.005201
4336.31 -0.030373
4338.98 -0.008282
4341.65 0.019476
4344.32 0.020263
4346.99 0.015595
4349.66 0.012985
4352.33 0.001461
4355.00 0.001922
4357.67 0.028466
4360.34 0.024423
4363.01 0.036600
4365.68 -0.011330
4368.35 -0.011691
4371.02 0.006192
4373.69 -0.006946
4376.36 0.020374
4379.03 -0.024803
4381.70 -0.039610
4384.37 0.014173
4387.04 0.013985
4389.71 0.003784
4392.38 0.008262
4395.05 0.015889
4397.72 0.020104
4400.39 0.002175
4403.06 0.032915
4405.73 -0.005574
4408.40 0.004832
4411.07 -0.019444
4413.74 0.000010
4416.41 0.028870
4419.08 0.016312
4421.75 0.003968
4424.42 -0.022500
4427.09 -0.030937
4429.76 -0.023406
4432.43 0.006227
4435.10 -0.008691
4437.77 -0.021440
4440.44 -0.009585
4443.11 0.001969
4445.78 -0.026021
4448.45 -0.026316
4451.12 -0.005760
4453.79 0.001754
4456.46 -0.006910
4459.13 -0.011356
4461.80 -0.007335
4464.47 -0.012642
4467.14 0.018530
4469.81 -0.007720
4472.48 -0.004608
4475.15 -0.038424
4477.82 -0.025872
4480.49 -0.038652
4483.16 -0.009635
4485.83 -0.008093
4488.50 -0.030537
4491.17 0.020354
4493.84 -0.026669
4496.51 -0.017478
4499.18 -0.017484
4501.85 0.009232
4504.52 -0.006030
4507.19 0.037607
4509.86 -0.025466
4512.53 -0.028009
4515.20 -0.010175
4517.87 -0.003045
4520.54 -0.012006
4523.21 0.002211
4525.88 -0.028271
4528.55 0.000756
4531.22 0.034660
4533.89 0.002621
4536.56 -0.019147
4539.23 -0.013112
4541.90 -0.006720
4544.57 -0.013228
4547.24 -0.013167
4549.91 -0.029358
4552.58 -0.016984
4555.25 -0.004338
4557.92 -0.013378
4560.59 -0.016559
4563.26 0.021477
4565.93 -0.011600
4568.60 0.005952
4571.27 -0.031350
4573.94 -0.002045
4576.61 0.028252
4579.28 -0.017472
4581.95 -0.006434
4584.62 -0.010217
4587.29 -0.045226
4589.96 -0.018127
4592.63 -0.009417
4595.30 0.023624
4597.97 -0.024046
4600.64 -0.045672
4603.31 -0.017271
4605.98 -0.003092
4608.65 -0.029140
4611.32 -0.012712
4613.99 -0.014471
4616.66 -0.014766
4619.33 0.011064
4622.00 -0.021525
4624.67 0.007861
4627.34 0.019051
4630.01 -0.026791
4632.68 -0.010831
4635.35 -0.006213
4638.02 0.005790
4640.69 0.015415
4643.36 -0.002212
4646.03 -0.007737
4648.70 -0.011245
4651.37 0.004087
4654.04 -0.002560
4656.71 -0.001491
4659.38 0.007541
4662.05 0.011503
4664.72 -0.008460
4667.39 -0.008152
4670.06 0.000835
4672.73 0.013554
4675.40 -0.011683
4678.07 -0.008546
4680.74 -0.010848
4683.41 -0.000461
4686.08 0.019343
4688.75 0.007437
4691.42 -0.015574
4694.09 -0.002540
4696.76 0.016173
4699.43 -0.000211
4702.10 0.014030
4704.77 0.016223
4707.44 0.000251
4710.11 0.002210
4712.78 -0.011146
4715.45 0.008856
4718.12 0.008218
4720.79 -0.011870
4723.46 -0.012527
4726.13 -0.007015
4728.80 -0.007226
4731.47 -0.011600
4734.14 0.008559
4736.81 0.011533
4739.48 -0.007593
4742.15 0.011226
4744.82 0.000578
4747.49 0.013248
4750.16 0.009742
4752.83 0.003330
4755.50 0.026676
4758.17 -0.008462
4760.84 -0.005357
4763.51 0.014023
4766.18 0.023155
4768.85 -0.011690
4771.52 -0.004460
4774.19 -0.025560
4776.86 0.017386
4779.53 0.004911
4782.20 -0.001669
4784.87 0.023092
4787.54 0.034319
4790.21 0.003884
4792.88 0.041004
4795.55 0.026734
4798.22 -0.027056
4800.89 -0.009366
4803.56 0.011109
4806.23 -0.017529
4808.90 -0.002638
4811.57 -0.000956
4814.24 0.002199
4816.91 -0.020307
4819.58 -0.025032
4822.25 -0.037183
4824.92 0.006349
4827.59 -0.019552
4830.26 -0.009527
4832.93 -0.019393
4835.60 0.000197
4838.27 -0.008213
4840.94 -0.037514
4843.61 -0.028058
4846.28 -0.027975
4848.95 0.004268
4851.62 -0.005945
4854.29 -0.010357
4856.96 -0.037884
4859.63 -0.003583
4862.30 -0.025746
4864.97 -0.055234
4867.64 -0.015315
4870.31 -0.012944
4872.98 0.029874
4875.65 0.012674
4878.32 0.049343
4880.99 0.031395
4883.66 0.041656
4886.33 -0.005490
4889.00 0.066573
4891.67 0.011036
4894.34 0.015937
4897.01 -0.007372
4899.68 0.019175
4902.35 -0.011878
4905.02 -0.032258
4907.69 -0.011612
4910.36 -0.030982
4913.03 -0.012668
4915.70 -0.025454
4918.37 -0.037709
4921.04 -0.012940
4923.71 -0.029620
4926.38 -0.045152
4929.05 -0.027547
4931.72 -0.049796
4934.39 -0.010781
4937.06 -0.021236
4939.73 -0.001098
4942.40 -0.021520
4945.07 -0.006647
4947.74 -0.020888
4950.41 -0.039903
4953.08 -0.021313
4955.75 -0.047547
4958.42 -0.028066
4961.09 -0.006244
4963.76 -0.005287
4966.43 0.002222
4969.10 -0.006153
4971.77 0.036006
4974.44 0.000714
4977.11 -0.027675
4979.78 -0.001633
4982.45 0.003351
4985.12 0.014280
4987.79 0.001468
4990.46 0.029608
4993.13 -0.011317
4995.80 -0.034036
4998.47 -0.044151
5001.14 -0.055575
5003.81 -0.041496
5006.48 0.027133
5009.15 0.053027
5011.82 -0.053575
5014.49 -0.012969
5017.16 0.010802
5019.83 0.008666
5022.50 0.006083
5025.17 0.000025
5027.84 -0.002299
5030.51 0.030458
5033.18 -0.016941
5035.85 -0.001161
5038.52 0.001271
5041.19 -0.022748
5043.86 0.034463
5046.53 -0.022863
5049.20 -0.016628
5051.87 -0.003623
5054.54 0.000971
5057.21 -0.029982
5059.88 -0.017198
5062.55 -0.018653
5065.22 -0.037815
5067.89 -0.021928
5070.56 0.007469
5073.23 0.008938
5075.90 -0.015297
5078.57 0.006641
5081.24 0.000821
5083.91 0.000710
5086.58 0.017160
5089.25 0.034550
5091.92 0.016101
5094.59 0.016576
5097.26 -0.007619
5099.93 -0.012647
5102.60 -0.009384
5105.27 0.007820
5107.94 0.010010
5110.61 -0.001286
5113.28 0.009212
5115.95 -0.015516
5118.62 0.001968
5121.29 0.019637
5123.96 -0.021479
5126.63 0.013464
5129.30 -0.004714
5131.97 0.016925
5134.64 0.011727
5137.31 0.036268
5139.98 0.022692
5142.65 0.019531
5145.32 0.013044
5147.99 0.040947
5150.66 -0.021324
5153.33 -0.019165
5156.00 0.043697
5158.67 -0.007630
5161.34 0.019141
5164.01 -0.028143
5166.68 0.043998
5169.35 0.002010
5172.02 0.014410
5174.69 -0.035666
5177.36 -0.019559
5180.03 0.025652
5182.70 -0.011227
5185.37 0.040155
5188.04 0.011301
5190.71 0.008352
5193.38 -0.006374
5196.05 0.004506
5198.72 0.005639
5201.39 0.036054
5204.06 0.007589
5206.73 0.017417
5209.40 0.009060
5212.07 0.021083
5214.74 -0.005158
5217.41 -0.020852
5220.08 0.029018
5222.75 0.040788
5225.42 -0.028484
5228.09 0.004970
5230.76 0.023542
5233.43 0.016238
5236.10 0.017614
5238.77 -0.014537
5241.44 0.007294
5244.11 0.015861
5246.78 -0.032564
5249.45 -0.017088
5252.12 -0.004576
5254.79 -0.003913
5257.46 0.005005
5260.13 0.007899
5262.80 -0.009621
5265.47 -0.013973
5268.14 0.046110
5270.81 0.031154
5273.48 -0.002300
5276.15 0.039232
5278.82 0.036544
5281.49 -0.000774
5284.16 0.016193
5286.83 0.004212
5289.50 -0.030197
5292.17 -0.018787
5294.84 -0.005096
5297.51 0.032693
5300.18 0.001282
5302.85 -0.005957
5305.52 0.008542
5308.19 -0.002713
5310.86 0.007043
5313.53 0.002590
5316.20 -0.002053
5318.87 0.003029
5321.54 -0.011446
5324.21 -0.007733
5326.88 -0.005430
5329.55 0.011743
5332.22 0.015358
5334.89 -0.001917
5337.56 0.040648
5340.23 0.024746
5342.90 0.025861
5345.57 0.034792
5348.24 0.009448
5350.91 0.026469
5353.58 0.020656
5356.25 0.020924
5358.92 -0.010891
5361.59 0.001964
5364.26 0.003506
5366.93 -0.000793
5369.60 -0.012009
5372.27 -0.007951
5374.94 -0.007829
5377.61 -0.019525
5380.28 0.019846
5382.95 -0.026796
5385.62 -0.007212
5388.29 -0.000222
5390.96 -0.014623
5393.63 0.001054
5396.30 -0.014766
5398.97 0.007166
5401.64 0.023645
5404.31 -0.009727
5406.98 -0.000440
5409.65 0.019230
5412.32 -0.023969
5414.99 0.017233
5417.66 -0.001863
5420.33 0.011371
5423.00 0.001289
5425.67 -0.012045
5428.34 0.015019
5431.01 -0.001124
5433.68 -0.045691
5436.35 -0.018072
5439.02 0.025662
5441.69 0.019811
5444.36 -0.027238
5447.03 0.022310
5449.70 0.057682
5452.37 -0.022389
5455.04 0.006337
5457.71 0.042919
5460.38 0.025936
5463.05 -0.011958
5465.72 0.008673
5468.39 -0.004201
5471.06 0.013925
5473.73 -0.015396
5476.40 -0.020405
5479.07 0.010006
5481.74 -0.012273
5484.41 0.028528
5487.08 0.002215
5489.75 0.000781
5492.42 0.012187
5495.09 -0.004599
5497.76 -0.008897
5500.43 -0.004360
5503.10 0.020097
5505.77 -0.024863
5508.44 0.017822
5511.11 -0.000081
5513.78 -0.003580
5516.45 0.015436
5519.12 -0.015994
5521.79 -0.001035
5524.46 0.027954
5527.13 0.014890
5529.80 0.007667
5532.47 0.021096
5535.14 0.030703
5537.81 0.023396
5540.48 0.006446
5543.15 0.003851
5545.82 -0.006802
5548.49 0.023935
5551.16 0.002617
5553.83 0.031452
5556.50 -0.031385
5559.17 0.004273
5561.84 -0.000811
5564.51 0.032451
5567.18 -0.011087
5569.85 0.005043
5572.52 -0.011667
5575.19 -0.005515
5577.86 -0.002587
5580.53 0.014829
5583.20 -0.005758
5585.87 -0.002640
5588.54 0.000644
5591.21 -0.024073
5593.88 -0.034076
5596.55 -0.003344
5599.22 0.017299
5601.89 0.017861
5604.56 -0.015263
5607.23 -0.004980
5609.90 0.006294
5612.57 0.052954
5615.24 0.012890
5617.91 0.016181
5620.58 -0.009688
5623.25 -0.003752
5625.92 -0.007788
5628.59 -0.038271
5631.26 -0.026535
5633.93 0.000468
5636.60 -0.048826
5639.27 -0.014688
5641.94 -0.026911
5644.61 0.013516
5647.28 0.012745
5649.95 -0.004446
5652.62 0.002562
5655.29 0.014635
5657.96 -0.006125
5660.63 0.018104
5663.30 -0.011655
5665.97 -0.035757
5668.64 -0.006681
5671.31 -0.038831
5673.98 -0.001270
5676.65 -0.037905
5679.32 -0.015560
5681.99 -0.020710
5684.66 -0.029195
5687.33 -0.034150
5690.00 -0.025043
5692.67 -0.036811
5695.34 -0.037102
5698.01 -0.030724
5700.68 -0.028200
5703.35 -0.018943
5706.02 -0.006271
5708.69 -0.017942
5711.36 -0.013716
5714.03 0.019123
5716.70 0.001124
5719.37 -0.020778
5722.04 -0.022476
5724.71 0.002396
5727.38 -0.003080
5730.05 0.006250
5732.72 0.000063
5735.39 -0.000246
5738.06 -0.042914
5740.73 0.034202
5743.40 -0.018427
5746.07 0.009516
5748.74 -0.006175
5751.41 0.005895
5754.08 0.043178
5756.75 0.000346
5759.42 -0.021938
5762.09 -0.014027
5764.76 0.031498
5767.43 0.012891
5770.10 -0.027241
5772.77 0.005006
5775.44 0.006579
5778.11 -0.007287
5780.78 0.012442
5783.45 0.032448
5786.12 0.000089
5788.79 0.000472
5791.46 0.025508
5794.13 -0.011499
5796.80 0.013072
5799.47 -0.022274
5802.14 -0.034842
5804.81 0.019027
5807.48 0.012759
5810.15 0.081756
5812.82 -0.010955
5815.49 -0.015748
5818.16 0.030595
5820.83 0.001793
5823.50 0.053644
5826.17 -0.017503
5828.84 0.016813
5831.51 -0.017785
5834.18 0.001430
5836.85 -0.001973
5839.52 -0.003604
5842.19 0.012226
5844.86 0.000716
5847.53 -0.017769
5850.20 -0.043609
5852.87 0.016202
5855.54 0.023654
5858.21 0.022256
5860.88 0.015277
5863.55 -0.000174
5866.22 -0.003867
5868.89 0.014062
5871.56 0.014768
5874.23 -0.017151
5876.90 -0.002567
5879.57 -0.045861
5882.24 0.019444
5884.91 -0.052644
5887.58 0.010697
5890.25 -0.037953
5892.92 0.015018
5895.59 0.023864
5898.26 0.033480
5900.93 0.059739
5903.60 -0.000815
5906.27 0.037798
5908.94 -0.010412
5911.61 -0.044976
5914.28 -0.037413
5916.95 0.013988
5919.62 0.025130
5922.29 -0.001302
5924.96 0.012885
5927.63 0.020797
5930.30 0.026111
5932.97 0.016814
5935.64 -0.019928
5938.31 -0.053141
5940.98 -0.018212
5943.65 -0.000620
5946.32 -0.016737
5948.99 -0.003923
5951.66 -0.010028
5954.33 -0.000783
5957.00 -0.027855
5959.67 -0.020830
5962.34 -0.027108
5965.01 0.013702
5967.68 -0.038453
5970.35 -0.017199
5973.02 -0.003987
5975.69 -0.051442
5978.36 -0.026214
5981.03 0.004282
5983.70 0.008221
5986.37 -0.038115
5989.04 -0.040829
5991.71 -0.067235
5994.38 -0.093621
5997.05 -0.022010
5999.72 -0.060454
6002.39 0.013622
6005.06 0.028367
6007.73 -0.061098
6010.40 -0.038795
6013.07 -0.011496
6015.74 0.022341
6018.41 -0.006345
6021.08 -0.078286
6023.75 -0.080600
6026.42 0.009361
6029.09 0.019267
6031.76 0.025397
6034.43 -0.035677
6037.10 -0.021001
6039.77 -0.031092
6042.44 0.008867
6045.11 -0.012828
6047.78 -0.003881
6050.45 -0.009670
6053.12 0.020779
6055.79 0.018308
6058.46 0.031621
6061.13 0.015528
6063.80 -0.003425
6066.47 0.025078
6069.14 0.018884
6071.81 -0.008448
6074.48 0.006577
6077.15 0.023916
6079.82 0.007399
6082.49 0.017871
6085.16 -0.034969
6087.83 0.017041
6090.50 -0.006774
6093.17 0.015423
6095.84 0.028093
6098.51 0.014581
6101.18 -0.053239
6103.85 0.028555
6106.52 0.045757
6109.19 -0.000775
6111.86 -0.022727
6114.53 0.003265
6117.20 0.038278
6119.87 0.061593
6122.54 0.010753
6125.21 0.063746
6127.88 -0.038887
6130.55 0.066831
6133.22 0.036987
6135.89 -0.018755
6138.56 -0.034443
6141.23 0.006298
6143.90 0.044458
6146.57 -0.039966
6149.24 -0.025125
6151.91 0.015282
6154.58 -0.015717
6157.25 -0.025910
6159.92 -0.023086
6162.59 0.015336
6165.26 -0.021355
6167.93 -0.007262
6170.60 -0.006445
6173.27 -0.045057
6175.94 -0.006930
6178.61 0.037570
6181.28 -0.025243
6183.95 -0.007503
6186.62 -0.015496
6189.29 0.026138
6191.96 0.027491
6194.63 -0.002950
6197.30 0.014660
6199.97 0.002843
6202.64 0.028455
6205.31 0.034393
6207.98 -0.003235
6210.65 0.011929
6213.32 0.021598
6215.99 0.041434
6218.66 0.013456
6221.33 0.015801
6224.00 0.006473
6226.67 -0.001501
6229.34 0.032487
6232.01 0.024666
6234.68 0.003645
6237.35 0.015293
6240.02 -0.008704
6242.69 0.051356
6245.36 0.011198
6248.03 -0.026022
6250.70 -0.001167
6253.37 0.001960
6256.04 0.021975
6258.71 0.013546
6261.38 -0.003840
6264.05 -0.005097
6266.72 -0.027941
6269.39 0.004175
6272.06 -0.022506
6274.73 -0.020722
6277.40 0.002217
6280.07 0.011791
6282.74 0.029234
6285.41 0.010823
6288.08 0.006417
6290.75 0.000874
6293.42 -0.005585
6296.09 0.006979
6298.76 -0.004179
6301.43 -0.008184
6304.10 -0.003377
6306.77 -0.015943
6309.44 -0.002021
6312.11 -0.004301
6314.78 0.023189
6317.45 -0.002613
6320.12 0.015107
6322.79 0.008776
6325.46 0.006444
6328.13 0.012859
6330.80 -0.000866
6333.47 0.011206
6336.14 0.028930
6338.81 0.009657
6341.48 0.031872
6344.15 -0.010342
6346.82 -0.006093
6349.49 -0.001509
6352.16 0.009392
6354.83 0.020555
6357.50 0.005933
6360.17 0.002155
6362.84 0.011509
6365.51 -0.000666
6368.18 0.016726
6370.85 0.020626
6373.52 0.024375
6376.19 0.012015
6378.86 -0.004115
6381.53 0.009508
6384.20 0.007651
6386.87 -0.003073
6389.54 -0.010106
6392.21 -0.004486
6394.88 0.008316
6397.55 0.004037
6400.22 0.007418
6402.89 0.008867
6405.56 0.010646
6408.23 0.014065
6410.90 -0.029337
6413.57 -0.018098
6416.24 -0.013802
6418.91 -0.010265
6421.58 -0.005890
6424.25 -0.017628
6426.92 -0.010909
6429.59 -0.007653
6432.26 0.002454
6434.93 0.024061
6437.60 -0.000001
6440.27 0.017934
6442.94 0.004696
6445.61 -0.010328
6448.28 0.005444
6450.95 0.003055
6453.62 0.013011
6456.29 -0.020755
6458.96 -0.004190
6461.63 0.008250
6464.30 0.003201
6466.97 0.014558
6469.64 -0.013255
6472.31 -0.007507
6474.98 0.008236
6477.65 -0.000395
6480.32 0.002226
6482.99 0.000790
6485.66 0.000415
6488.33 0.015551
6491.00 -0.008605
6493.67 -0.011868
6496.34 -0.003983
6499.01 0.012263
6501.68 0.017510
6504.35 0.002670
6507.02 -0.002582
6509.69 0.000886
6512.36 0.003619
6515.03 0.020313
6517.70 0.003023
6520.37 -0.003473
6523.04 0.002256
6525.71 -0.022435
6528.38 -0.001425
6531.05 -0.023151
6533.72 -0.048878
6536.39 -0.031847
6539.06 -0.031364
6541.73 -0.019685
6544.40 -0.031515
6547.07 -0.030369
6549.74 -0.016894
6552.41 -0.007077
6555.08 -0.010067
6557.75 -0.014133
6560.42 0.000234
6563.09 -0.003789
6565.76 -0.013380
6568.43 -0.015424
6571.10 -0.013669
6573.77 -0.011841
6576.44 -0.013266
6579.11 -0.007389
6581.78 -0.006086
6584.45 0.000228
6587.12 0.003590
6589.79 0.005301
6592.46 0.003126
6595.13 0.001936
6597.80 0.005528
6600.47 0.006422
6603.14 0.002858
6605.81 0.007195
6608.48 0.002390
6611.15 0.006331
6613.82 0.003399
6616.49 0.001740
6619.16 0.009487
6621.83 0.005714
6624.50 0.007554
6627.17 0.006463
6629.84 0.010198
6632.51 0.010282
6635.18 0.008371
6637.85 0.008162
6640.52 0.008991
6643.19 0.008891
6645.86 0.012767
6648.53 0.008509
6651.20 0.007938
6653.87 0.009595
6656.54 0.006606
6659.21 0.002271
6661.88 0.003815
6664.55 0.003369
6667.22 0.005622
6669.89 0.005105
6672.56 0.002276
6675.23 0.000869
6677.90 -0.000540
6680.57 0.003448
6683.24 0.002641
6685.91 0.002387
6688.58 0.000884
6691.25 -0.002033
6693.92 0.001893
6696.59 0.001166
6699.26 -0.000011
6701.93 0.001606
6704.60 -0.000040
6707.27 -0.000512
6709.94 0.002453
6712.61 0.002416
6715.28 0.002476
6717.95 0.002538
6720.62 0.002446
6723.29 0.002429
6725.96 0.002415
6728.63 0.002371
6731.30 0.002370
6733.97 0.002348
6736.64 0.002277
6739.31 0.002207
6741.98 0.002185
6744.65 0.002174
6747.32 0.002112
6749.99 0.002084
6752.66 0.002077
6755.33 0.002055
6758.00 0.002075
6760.67 0.002034
6763.34 0.002041
6766.01 0.002012
6768.68 0.002002
6771.35 0.002005
6774.02 0.002031
6776.69 0.001994
6779.36 0.001985
6782.03 0.001987
6784.70 0.002027
6787.37 0.002051
6790.04 0.002018
6792.71 0.002007
6795.38 0.002004
6798.05 0.001961
6800.72 0.001964
6803.39 0.001984
6806.06 0.001995
6808.73 0.001958
6811.40 0.001970
6814.07 0.001973
6816.74 0.001990
6819.41 0.002029
6822.08 0.001964
6824.75 0.001982
6827.42 0.001970
6830.09 0.001999
6832.76 0.001967
6835.43 0.001963
6838.10 0.001968
6840.77 0.001975
6843.44 0.001934
6846.11 0.001926
6848.78 0.001938
6851.45 0.001918
6854.12 0.001930
6856.79 0.001944
6859.46 0.001939
6862.13 0.001897
6864.80 0.001932
6867.47 0.001986
6870.14 0.001940
6872.81 0.001976
6875.48 0.001945
6878.15 0.001952
6880.82 0.001942
6883.49 0.001940
6886.16 0.001961
6888.83 0.001851
6891.50 0.001954
6894.17 0.001945
6896.84 0.001926
6899.51 0.001936
6902.18 0.001935
6904.85 0.001894
6907.52 0.001863
6910.19 0.001978
6912.86 0.002026
6915.53 0.002039
6918.20 0.002029
6920.87 0.001942
6923.54 0.001964
6926.21 0.001931
6928.88 0.001953
6931.55 0.001963
6934.22 0.001957
6936.89 0.001971
6939.56 0.001991
6942.23 0.001911
6944.90 0.001872
6947.57 0.001873
6950.24 0.001980
6952.91 0.002023
6955.58 0.002052
6958.25 0.002016
6960.92 0.002046
6963.59 0.002051
6966.26 0.002036
6968.93 0.002077
6971.60 0.002005
6974.27 0.002071
6976.94 0.002109
6979.61 0.002142
6982.28 0.002223
6984.95 0.002182
6987.62 0.002202
6990.29 0.002146
6992.96 0.002154
6995.63 0.002189
6998.30 0.002185
7000.97 0.002155
7003.64 0.002159
7006.31 0.002165
7008.98 0.002071
7011.65 0.002153
7014.32 0.002144
7016.99 0.002095
7019.66 0.002180
7022.33 0.002132
7025.00 0.002188
7027.67 0.002226
7030.34 0.002188
7033.01 0.002196
7035.68 0.002203
7038.35 0.002245
7041.02 0.002325
7043.69 0.002250
7046.36 0.002208
7049.03 0.002288
7051.70 0.002232
7054.37 0.002158
7057.04 0.002093
7059.71 0.002093
7062.38 0.002201
7065.05 0.002294
7067.72 0.002221
7070.39 0.002172
7073.06 0.002058
7075.73 0.002152
7078.40 0.002196
7081.07 0.002224
7083.74 0.002174
7086.41 0.002063
7089.08 0.002040
7091.75 0.002163
7094.42 0.002150
7097.09 0.002116
7099.76 0.002085
7102.43 0.002104
7105.10 0.002127
7107.77 0.002217
7110.44 0.002201
7113.11 0.002218
7115.78 0.002195
7118.45 0.002257
7121.12 0.002187
7123.79 0.002209
7126.46 0.002216
7129.13 0.002230
7131.80 0.002255
7134.47 0.002216
7137.14 0.002266
7139.81 0.002219
7142.48 0.002190
7145.15 0.002184
7147.82 0.002179
7150.49 0.002183
7153.16 0.002151
7155.83 0.002137
7158.50 0.002200
7161.17 0.002150
7163.84 0.002173
7166.51 0.002107
7169.18 0.002172
7171.85 0.002171
7174.52 0.002209
7177.19 0.002191
7179.86 0.002199
7182.53 0.002229
7185.20 0.002313
7187.87 0.002243
7190.54 0.002198
7193.21 0.002129
7195.88 0.002111
7198.55 0.002238
7201.22 0.002097
7203.89 0.002115
7206.56 0.002099
7209.23 0.002097
7211.90 0.002165
7214.57 0.002169
7217.24 0.002116
7219.91 0.002144
7222.58 0.002128
7225.25 0.002184
7227.92 0.002223
7230.59 0.002143
7233.26 0.002114
7235.93 0.002164
7238.60 0.002192
7241.27 0.002165
7243.94 0.002175
7246.61 0.002124
7249.28 0.002133
7251.95 0.002155
7254.62 0.002140
7257.29 0.002148
7259.96 0.002110
7262.63 0.002085
7265.30 0.002123
7267.97 0.002108
7270.64 0.002126
7273.31 0.002175
7275.98 0.002141
7278.65 0.002092
7281.32 0.002022
7283.99 0.002064
7286.66 0.002169
7289.33 0.002183
7292.00 0.002095
7294.67 0.002112
7297.34 0.002156
7300.01 0.002126
7302.68 0.002124
7305.35 0.002101
7308.02 0.002223
7310.69 0.002129
7313.36 0.002168
7316.03 0.002163
7318.70 0.002244
7321.37 0.002262
7324.04 0.002215
7326.71 0.002224
7329.38 0.002229
7332.05 0.002182
7334.72 0.002208
7337.39 0.002199
7340.06 0.002138
7342.73 0.002165
7345.40 0.002133
7348.07 0.002137
7350.74 0.002128
7353.41 0.002109
7356.08 0.002091
7358.75 0.002199
7361.42 0.002137
7364.09 0.002155
7366.76 0.002175
7369.43 0.002168
7372.10 0.002133
7374.77 0.002173
7377.44 0.002066
7380.11 0.002187
7382.78 0.002204
7385.45 0.002086
7388.12 0.002112
7390.79 0.002110
7393.46 0.002113
7396.13 0.002082
7398.80 0.002091
7401.47 0.002024
7404.14 0.002131
7406.81 0.002109
7409.48 0.002096
7412.15 0.002148
7414.82 0.001975
7417.49 0.002052
7420.16 0.002104
7422.83 0.002176
7425.50 0.002111
7428.17 0.002119
7430.84 0.001999
7433.51 0.002022
7436.18 0.002087
7438.85 0.002034
7441.52 0.002084
7444.19 0.002128
7446.86 0.002083
7449.53 0.002022
7452.20 0.002095
7454.87 0.002106
7457.54 0.002176
7460.21 0.002196
7462.88 0.002148
7465.55 0.002199
7468.22 0.002184
7470.89 0.002178
7473.56 0.002201
7476.23 0.002212
7478.90 0.002177
7481.57 0.002197
7484.24 0.002174
7486.91 0.002171
7489.58 0.002225
7492.25 0.002184
7494.92 0.002169
7497.59 0.002158
