2486.00 0.021900
2488.67 0.037139
2491.34 0.010404
2494.01 0.057366
2496.68 0.066169
2499.35 0.102247
2502.02 0.082998
2504.69 0.055820
2507.36 0.109082
2510.03 -0.025875
2512.70 -0.048485
2515.37 -0.043555
2518.04 0.085055
2520.71 -0.064276
2523.38 -0.019944
2526.05 -0.071921
2528.72 0.013687
2531.39 -0.073730
2534.06 -0.052836
2536.73 -0.015309
2539.40 0.015863
2542.07 0.001541
2544.74 -0.059784
2547.41 -0.056337
2550.08 0.042759
2552.75 -0.058562
2555.42 -0.065607
2558.09 0.012244
2560.76 0.014756
2563.43 0.086647
2566.10 0.048962
2568.77 -0.022009
2571.44 -0.000243
2574.11 0.007845
2576.78 0.008453
2579.45 -0.126475
2582.12 -0.091793
2584.79 0.061493
2587.46 0.026449
2590.13 0.038240
2592.80 0.001406
2595.47 0.110996
2598.14 -0.012442
2600.81 -0.054428
2603.48 0.014190
2606.15 0.061370
2608.82 0.080340
2611.49 -0.105964
2614.16 0.092172
2616.83 -0.098635
2619.50 0.009741
2622.17 -0.020282
2624.84 -0.044191
2627.51 -0.024311
2630.18 -0.018201
2632.85 -0.007667
2635.52 0.077887
2638.19 0.116208
2640.86 -0.019980
2643.53 0.065326
2646.20 -0.040457
2648.87 -0.055968
2651.54 -0.050163
2654.21 -0.083549
2656.88 -0.002820
2659.55 -0.031342
2662.22 -0.022839
2664.89 0.003259
2667.56 0.017859
2670.23 -0.003898
2672.90 0.039754
2675.57 0.004909
2678.24 -0.101854
2680.91 -0.106196
2683.58 -0.060564
2686.25 0.020554
2688.92 -0.002449
2691.59 -0.018209
2694.26 -0.013572
2696.93 0.050510
2699.60 0.054651
2702.27 0.045615
2704.94 0.003431
2707.61 0.002883
2710.28 -0.037652
2712.95 -0.018694
2715.62 -0.025522
2718.29 0.014522
2720.96 -0.003394
2723.63 -0.015641
2726.30 0.014179
2728.97 -0.015477
2731.64 -0.010330
2734.31 -0.006310
2736.98 -0.056988
2739.65 0.002499
2742.32 0.115788
2744.99 -0.033857
2747.66 0.010413
2750.33 0.005463
2753.00 0.015444
2755.67 0.020413
2758.34 -0.010783
2761.01 0.004665
2763.68 -0.011777
2766.35 -0.057292
2769.02 0.010559
2771.69 -0.027727
2774.36 -0.011626
2777.03 0.057083
2779.70 -0.096069
2782.37 0.044466
2785.04 0.031030
2787.71 0.008021
2790.38 0.036769
2793.05 0.026006
2795.72 -0.051178
2798.39 0.064846
2801.06 -0.003033
2803.73 -0.035669
2806.40 0.014221
2809.07 -0.016361
2811.74 -0.009446
2814.41 -0.119131
2817.08 -0.072799
2819.75 -0.035340
2822.42 -0.061875
2825.09 0.006365
2827.76 0.021843
2830.43 0.045567
2833.10 0.057631
2835.77 -0.010966
2838.44 0.011259
2841.11 -0.016136
2843.78 -0.054471
2846.45 -0.058358
2849.12 0.002844
2851.79 -0.023495
2854.46 -0.015886
2857.13 0.007656
2859.80 0.000038
2862.47 0.041309
2865.14 0.011012
2867.81 0.054278
2870.48 -0.007687
2873.15 0.079741
2875.82 0.009553
2878.49 0.052177
2881.16 -0.036921
2883.83 -0.015097
2886.50 -0.019907
2889.17 0.077840
2891.84 -0.004521
2894.51 0.005797
2897.18 0.042123
2899.85 0.003940
2902.52 0.047308
2905.19 0.007153
2907.86 0.029150
2910.53 0.005178
2913.20 -0.017792
2915.87 0.038097
2918.54 0.017830
2921.21 -0.006948
2923.88 0.005209
2926.55 -0.028614
2929.22 -0.019139
2931.89 -0.021842
2934.56 0.055283
2937.23 -0.003045
2939.90 -0.039826
2942.57 0.049768
2945.24 0.026424
2947.91 0.027740
2950.58 -0.068247
2953.25 0.011011
2955.92 -0.007951
2958.59 -0.040506
2961.26 -0.049908
2963.93 0.027146
2966.60 -0.009791
2969.27 0.023834
2971.94 0.051215
2974.61 -0.041666
2977.28 0.054327
2979.95 -0.001317
2982.62 0.051251
2985.29 0.004950
2987.96 0.048715
2990.63 -0.005619
2993.30 -0.028446
2995.97 0.002459
2998.64 0.025402
3001.31 -0.007737
3003.98 0.035710
3006.65 0.028872
3009.32 0.028125
3011.99 -0.019443
3014.66 0.001484
3017.33 0.011773
3020.00 0.019976
3022.67 0.040401
3025.34 0.002142
3028.01 0.000157
3030.68 -0.019061
3033.35 -0.031013
3036.02 -0.013626
3038.69 -0.015874
3041.36 0.017295
3044.03 -0.002268
3046.70 -0.046932
3049.37 -0.017865
3052.04 0.017407
3054.71 0.000094
3057.38 0.014642
3060.05 -0.026649
3062.72 -0.032416
3065.39 -0.057558
3068.06 0.040326
3070.73 0.004756
3073.40 0.009032
3076.07 0.047745
3078.74 0.012325
3081.41 -0.011045
3084.08 -0.053519
3086.75 0.020371
3089.42 -0.035025
3092.09 -0.054369
3094.76 -0.039067
3097.43 -0.011617
3100.10 -0.033645
3102.77 0.001932
3105.44 0.008004
3108.11 0.010514
3110.78 -0.013473
3113.45 -0.040039
3116.12 -0.008947
3118.79 -0.012780
3121.46 0.014648
3124.13 -0.016028
3126.80 -0.005629
3129.47 -0.043518
3132.14 -0.047084
3134.81 0.016963
3137.48 -0.029408
3140.15 0.043261
3142.82 -0.033668
3145.49 0.004037
3148.16 0.008776
3150.83 -0.000035
3153.50 -0.000095
3156.17 0.017767
3158.84 0.029400
3161.51 -0.010570
3164.18 -0.001128
3166.85 -0.002950
3169.52 0.010747
3172.19 0.004188
3174.86 0.041879
3177.53 -0.024960
3180.20 -0.034914
3182.87 -0.020959
3185.54 0.028677
3188.21 0.009738
3190.88 -0.011613
3193.55 0.015537
3196.22 -0.046089
3198.89 -0.007749
3201.56 -0.009828
3204.23 0.028029
3206.90 -0.019360
3209.57 0.015292
3212.24 0.007434
3214.91 -0.027600
3217.58 0.020604
3220.25 0.014684
3222.92 0.026456
3225.59 -0.012639
3228.26 0.003100
3230.93 0.018000
3233.60 0.031946
3236.27 0.007397
3238.94 0.019986
3241.61 0.022434
3244.28 -0.000126
3246.95 0.014243
3249.62 0.018345
3252.29 0.026238
3254.96 0.018717
3257.63 0.018533
3260.30 0.034593
3262.97 -0.013317
3265.64 -0.011085
3268.31 0.000749
3270.98 0.010583
3273.65 0.043556
3276.32 0.016264
3278.99 -0.052971
3281.66 0.004006
3284.33 0.020158
3287.00 0.003543
3289.67 0.032839
3292.34 -0.010320
3295.01 -0.010025
3297.68 0.006066
3300.35 0.029249
3303.02 0.016657
3305.69 -0.017017
3308.36 0.000741
3311.03 -0.050881
3313.70 -0.034552
3316.37 0.000570
3319.04 -0.001607
3321.71 0.028817
3324.38 0.008362
3327.05 -0.015739
3329.72 -0.007670
3332.39 0.016487
3335.06 -0.011567
3337.73 -0.035312
3340.40 0.010887
3343.07 -0.005187
3345.74 -0.015556
3348.41 0.004311
3351.08 -0.012666
3353.75 -0.048233
3356.42 -0.031095
3359.09 -0.023243
3361.76 -0.004070
3364.43 -0.026162
3367.10 -0.026038
3369.77 -0.018095
3372.44 -0.002713
3375.11 -0.007307
3377.78 0.002142
3380.45 0.015085
3383.12 0.014480
3385.79 0.013516
3388.46 0.022682
3391.13 -0.017748
3393.80 -0.009063
3396.47 0.007672
3399.14 -0.016432
3401.81 -0.048575
3404.48 0.021291
3407.15 -0.009817
3409.82 -0.016605
3412.49 0.022243
3415.16 0.006680
3417.83 0.039209
3420.50 0.010621
3423.17 -0.029079
3425.84 -0.018011
3428.51 0.001563
3431.18 -0.003116
3433.85 0.045861
3436.52 0.005037
3439.19 -0.004860
3441.86 -0.001775
3444.53 -0.008802
3447.20 0.024514
3449.87 -0.002918
3452.54 0.009430
3455.21 0.027507
3457.88 -0.018714
3460.55 -0.008366
3463.22 0.007868
3465.89 -0.033755
3468.56 0.024459
3471.23 0.032111
3473.90 0.031372
3476.57 0.011261
3479.24 0.019811
3481.91 -0.021184
3484.58 0.009506
3487.25 0.001875
3489.92 -0.024549
3492.59 -0.023866
3495.26 0.007589
3497.93 -0.001768
3500.60 -0.013836
3503.27 0.003684
3505.94 -0.016352
3508.61 -0.024695
3511.28 -0.001063
3513.95 0.015759
3516.62 0.045677
3519.29 0.000673
3521.96 0.010968
3524.63 0.004683
3527.30 -0.006416
3529.97 0.031439
3532.64 0.013635
3535.31 0.004431
3537.98 0.004050
3540.65 0.048112
3543.32 0.025633
3545.99 -0.025934
3548.66 -0.003923
3551.33 -0.021412
3554.00 0.007500
3556.67 -0.018032
3559.34 -0.021024
3562.01 0.010980
3564.68 -0.005734
3567.35 0.014942
3570.02 0.014837
3572.69 -0.001808
3575.36 -0.012624
3578.03 0.002733
3580.70 0.016771
3583.37 -0.016024
3586.04 0.019574
3588.71 0.003111
3591.38 -0.017372
3594.05 0.019859
3596.72 0.021875
3599.39 0.019228
3602.06 -0.006221
3604.73 0.004903
3607.40 0.009492
3610.07 -0.008559
3612.74 -0.003586
3615.41 0.008250
3618.08 -0.019860
3620.75 0.007642
3623.42 0.025826
3626.09 -0.023378
3628.76 0.025146
3631.43 -0.009271
3634.10 -0.029992
3636.77 -0.009950
3639.44 0.019415
3642.11 0.024875
3644.78 0.042447
3647.45 0.014908
3650.12 0.045540
3652.79 0.008226
3655.46 0.013940
3658.13 0.019120
3660.80 -0.011078
3663.47 0.009422
3666.14 0.015844
3668.81 0.032667
3671.48 0.015228
3674.15 0.011411
3676.82 0.010300
3679.49 0.048575
3682.16 0.019775
3684.83 0.042581
3687.50 0.013251
3690.17 0.021218
3692.84 0.010117
3695.51 0.005895
3698.18 0.024184
3700.85 0.007666
3703.52 0.022534
3706.19 0.001646
3708.86 0.027030
3711.53 0.021641
3714.20 0.045870
3716.87 -0.002534
3719.54 0.001554
3722.21 0.031386
3724.88 0.033954
3727.55 0.020487
3730.22 0.028150
3732.89 0.002003
3735.56 0.018107
3738.23 -0.013458
3740.90 0.000819
3743.57 0.021605
3746.24 -0.011994
3748.91 0.020056
3751.58 0.004259
3754.25 -0.004974
3756.92 -0.026886
3759.59 -0.024521
3762.26 0.006376
3764.93 -0.016921
3767.60 0.022297
3770.27 -0.013205
3772.94 0.012342
3775.61 -0.031480
3778.28 0.007084
3780.95 -0.014295
3783.62 -0.014159
3786.29 -0.027921
3788.96 -0.026579
3791.63 -0.011150
3794.30 -0.014912
3796.97 -0.014675
3799.64 0.025461
3802.31 0.010533
3804.98 0.008417
3807.65 0.009279
3810.32 0.004605
3812.99 -0.018537
3815.66 0.009557
3818.33 -0.030062
3821.00 -0.044078
3823.67 -0.026913
3826.34 0.005655
3829.01 0.022810
3831.68 0.010726
3834.35 0.007439
3837.02 0.004465
3839.69 0.007121
3842.36 0.015638
3845.03 0.030601
3847.70 0.013830
3850.37 -0.037463
3853.04 -0.041725
3855.71 0.009668
3858.38 0.051935
3861.05 0.008191
3863.72 0.011840
3866.39 -0.016324
3869.06 -0.007588
3871.73 -0.007329
3874.40 -0.007851
3877.07 -0.010564
3879.74 -0.007555
3882.41 0.009962
3885.08 0.001172
3887.75 0.021711
3890.42 0.006285
3893.09 0.011384
3895.76 -0.017742
3898.43 -0.004985
3901.10 0.005676
3903.77 -0.019456
3906.44 -0.012238
3909.11 -0.007216
3911.78 -0.031881
3914.45 0.015579
3917.12 -0.019552
3919.79 -0.016071
3922.46 -0.027614
3925.13 -0.019504
3927.80 0.012766
3930.47 -0.045039
3933.14 -0.031974
3935.81 -0.023470
3938.48 0.009028
3941.15 -0.008359
3943.82 -0.003885
3946.49 -0.001145
3949.16 0.027050
3951.83 -0.005848
3954.50 0.002979
3957.17 -0.011830
3959.84 -0.012505
3962.51 -0.017108
3965.18 0.005946
3967.85 -0.004614
3970.52 0.022903
3973.19 0.036646
3975.86 0.029417
3978.53 0.022429
3981.20 -0.012970
3983.87 -0.027375
3986.54 0.009015
3989.21 0.013405
3991.88 0.002817
3994.55 -0.019632
3997.22 -0.004329
3999.89 -0.021100
4002.56 0.023709
4005.23 0.015846
4007.90 0.002542
4010.57 0.000056
4013.24 -0.011439
4015.91 -0.005866
4018.58 -0.031508
4021.25 0.004072
4023.92 0.011076
4026.59 0.015715
4029.26 0.004018
4031.93 -0.029216
4034.60 0.017664
4037.27 0.001843
4039.94 0.001627
4042.61 0.019880
4045.28 -0.011337
4047.95 0.009002
4050.62 -0.003471
4053.29 0.020798
4055.96 -0.010089
4058.63 0.001348
4061.30 -0.015225
4063.97 0.029221
4066.64 0.003690
4069.31 -0.011105
4071.98 -0.031273
4074.65 -0.019154
4077.32 -0.011593
4079.99 -0.025809
4082.66 -0.009512
4085.33 -0.017982
4088.00 -0.006877
4090.67 -0.008887
4093.34 -0.020610
4096.01 -0.024915
4098.68 -0.031141
4101.35 -0.004435
4104.02 -0.003848
4106.69 -0.000135
4109.36 0.005298
4112.03 0.003949
4114.70 -0.017483
4117.37 -0.030547
4120.04 0.000997
4122.71 -0.023720
4125.38 -0.013788
4128.05 -0.001258
4130.72 -0.000691
4133.39 -0.009218
4136.06 -0.016632
4138.73 -0.005329
4141.40 0.003078
4144.07 -0.004000
4146.74 -0.008979
4149.41 -0.009621
4152.08 0.007042
4154.75 0.021969
4157.42 0.003641
4160.09 -0.000987
4162.76 -0.024581
4165.43 0.001494
4168.10 -0.003182
4170.77 -0.011463
4173.44 -0.012548
4176.11 -0.015435
4178.78 0.002959
4181.45 -0.003947
4184.12 0.003560
4186.79 0.009858
4189.46 -0.010746
4192.13 -0.023951
4194.80 -0.012861
4197.47 -0.043399
4200.14 -0.004747
4202.81 -0.011570
4205.48 0.000430
4208.15 -0.000024
4210.82 -0.002254
4213.49 -0.002793
4216.16 -0.015364
4218.83 0.029878
4221.50 -0.001107
4224.17 -0.008579
4226.84 -0.017292
4229.51 -0.001879
4232.18 0.001644
4234.85 0.025378
4237.52 0.004483
4240.19 0.014346
4242.86 0.015271
4245.53 0.011613
4248.20 -0.020361
4250.87 -0.005447
4253.54 -0.013090
4256.21 0.002344
4258.88 0.009664
4261.55 0.004443
4264.22 -0.021515
4266.89 -0.024346
4269.56 0.000502
4272.23 0.025790
4274.90 0.009827
4277.57 0.018347
4280.24 0.007562
4282.91 0.037494
4285.58 0.031611
4288.25 0.010114
4290.92 -0.000872
4293.59 -0.016782
4296.26 -0.002397
4298.93 -0.030063
4301.60 0.011433
4304.27 -0.001142
4306.94 0.010030
4309.61 -0.004711
4312.28 0.000948
4314.95 0.008423
4317.62 -0.020180
4320.29 0.017304
4322.96 -0.023636
4325.63 -0.008135
4328.30 -0.011636
4330.97 0.026480
4333.64 0.015897
4336.31 -0.012600
4338.98 -0.005802
4341.65 -0.006154
4344.32 0.011147
4346.99 0.021240
4349.66 0.020090
4352.33 0.011227
4355.00 -0.004951
4357.67 -0.008920
4360.34 0.028648
4363.01 0.013633
4365.68 0.000459
4368.35 -0.043674
4371.02 -0.003021
4373.69 -0.014376
4376.36 0.008535
4379.03 0.003543
4381.70 -0.011887
4384.37 -0.017866
4387.04 -0.010268
4389.71 0.020663
4392.38 -0.017295
4395.05 0.011036
4397.72 0.002698
4400.39 0.010304
4403.06 0.011296
4405.73 0.008103
4408.40 0.020287
4411.07 0.038471
4413.74 0.004028
4416.41 -0.013029
4419.08 0.008664
4421.75 -0.007944
4424.42 -0.027513
4427.09 -0.018208
4429.76 0.015042
4432.43 0.018117
4435.10 -0.007315
4437.77 -0.003344
4440.44 0.013160
4443.11 -0.006131
4445.78 0.005407
4448.45 0.011061
4451.12 0.018926
4453.79 -0.005235
4456.46 -0.001299
4459.13 0.004600
4461.80 -0.017219
4464.47 0.000876
4467.14 0.013370
4469.81 0.009807
4472.48 -0.002336
4475.15 0.005811
4477.82 0.001118
4480.49 0.003522
4483.16 -0.009950
4485.83 -0.012728
4488.50 -0.033263
4491.17 -0.019578
4493.84 -0.006488
4496.51 0.012998
4499.18 0.017614
4501.85 -0.008323
4504.52 -0.009448
4507.19 -0.010076
4509.86 -0.003633
4512.53 -0.004831
4515.20 -0.008755
4517.87 -0.004560
4520.54 0.013765
4523.21 -0.003154
4525.88 -0.001355
4528.55 -0.022820
4531.22 -0.001771
4533.89 -0.006536
4536.56 -0.013788
4539.23 -0.023604
4541.90 -0.018243
4544.57 -0.024108
4547.24 -0.029743
4549.91 -0.005664
4552.58 -0.000382
4555.25 -0.008180
4557.92 -0.008761
4560.59 -0.012660
4563.26 0.004183
4565.93 -0.022249
4568.60 -0.008822
4571.27 0.001882
4573.94 -0.014720
4576.61 -0.010021
4579.28 -0.018218
4581.95 -0.047751
4584.62 -0.018397
4587.29 -0.009492
4589.96 -0.008600
4592.63 -0.005858
4595.30 0.008513
4597.97 -0.001048
4600.64 0.017839
4603.31 0.012290
4605.98 -0.008530
4608.65 -0.012419
4611.32 -0.018620
4613.99 -0.013467
4616.66 -0.010367
4619.33 0.017977
4622.00 -0.008721
4624.67 0.001959
4627.34 0.009631
4630.01 0.004849
4632.68 0.004883
4635.35 0.002264
4638.02 0.014386
4640.69 -0.009486
4643.36 0.014569
4646.03 -0.014638
4648.70 -0.014580
4651.37 -0.018157
4654.04 -0.016389
4656.71 -0.022318
4659.38 -0.018407
4662.05 -0.024483
4664.72 -0.028673
4667.39 -0.007514
4670.06 -0.006503
4672.73 0.025308
4675.40 -0.018104
4678.07 -0.017302
4680.74 -0.010936
4683.41 -0.034419
4686.08 -0.003234
4688.75 -0.012867
4691.42 0.006644
4694.09 -0.026743
4696.76 -0.011059
4699.43 -0.013678
4702.10 -0.008845
4704.77 -0.017529
4707.44 -0.018277
4710.11 0.005106
4712.78 0.008147
4715.45 -0.009672
4718.12 -0.006037
4720.79 -0.005656
4723.46 -0.005410
4726.13 -0.022953
4728.80 -0.021402
4731.47 -0.015223
4734.14 0.005800
4736.81 -0.023213
4739.48 -0.004054
4742.15 -0.002192
4744.82 -0.019266
4747.49 0.006604
4750.16 0.010966
4752.83 -0.005083
4755.50 -0.003873
4758.17 0.013496
4760.84 -0.009576
4763.51 -0.003146
4766.18 -0.003887
4768.85 0.002452
4771.52 -0.030860
4774.19 -0.012282
4776.86 -0.016326
4779.53 -0.013325
4782.20 -0.012563
4784.87 -0.043279
4787.54 -0.006464
4790.21 -0.000190
4792.88 -0.027162
4795.55 -0.001925
4798.22 0.009675
4800.89 -0.012069
4803.56 -0.001219
4806.23 -0.004416
4808.90 -0.016725
4811.57 0.003259
4814.24 0.021372
4816.91 0.031075
4819.58 0.014628
4822.25 0.008067
4824.92 0.001619
4827.59 -0.028819
4830.26 0.021864
4832.93 0.007303
4835.60 -0.002310
4838.27 -0.000182
4840.94 0.003293
4843.61 -0.020131
4846.28 0.003008
4848.95 0.017248
4851.62 0.003014
4854.29 -0.018996
4856.96 0.004914
4859.63 0.000872
4862.30 0.018314
4864.97 -0.017385
4867.64 -0.002971
4870.31 0.012094
4872.98 0.019782
4875.65 -0.003940
4878.32 -0.003767
4880.99 -0.028336
4883.66 -0.004597
4886.33 -0.015215
4889.00 -0.016625
4891.67 -0.005181
4894.34 0.010654
4897.01 0.015395
4899.68 0.021466
4902.35 -0.016311
4905.02 0.014059
4907.69 -0.010658
4910.36 0.007007
4913.03 0.025397
4915.70 0.017282
4918.37 0.006558
4921.04 0.013074
4923.71 0.019785
4926.38 0.007918
4929.05 0.008247
4931.72 -0.000609
4934.39 0.050493
4937.06 0.020555
4939.73 0.033979
4942.40 0.025291
4945.07 0.026575
4947.74 0.011287
4950.41 0.014026
4953.08 0.043725
4955.75 0.033774
4958.42 -0.002485
4961.09 0.042902
4963.76 -0.017667
4966.43 -0.006214
4969.10 0.018722
4971.77 0.029495
4974.44 0.043599
4977.11 0.013102
4979.78 0.002045
4982.45 0.017027
4985.12 0.026719
4987.79 0.036170
4990.46 0.071016
4993.13 0.069098
4995.80 0.079009
4998.47 0.070884
5001.14 0.081704
5003.81 -0.065323
5006.48 0.028949
5009.15 0.042986
5011.82 -0.067950
5014.49 -0.094698
5017.16 -0.022444
5019.83 -0.045652
5022.50 -0.019301
5025.17 -0.030184
5027.84 -0.006229
5030.51 -0.032973
5033.18 -0.017706
5035.85 -0.045682
5038.52 0.006390
5041.19 -0.000183
5043.86 0.007638
5046.53 -0.010270
5049.20 -0.004692
5051.87 0.017631
5054.54 -0.017247
5057.21 -0.018247
5059.88 -0.001503
5062.55 0.007901
5065.22 -0.017967
5067.89 -0.016882
5070.56 -0.021758
5073.23 -0.002496
5075.90 0.018682
5078.57 0.011430
5081.24 0.014772
5083.91 -0.003470
5086.58 0.013039
5089.25 -0.008928
5091.92 -0.016509
5094.59 -0.015023
5097.26 -0.006858
5099.93 -0.002613
5102.60 0.014101
5105.27 -0.009313
5107.94 0.005679
5110.61 0.009168
5113.28 0.010881
5115.95 -0.020920
5118.62 0.002042
5121.29 0.039513
5123.96 0.022646
5126.63 0.022387
5129.30 0.008614
5131.97 -0.010762
5134.64 -0.015806
5137.31 0.008446
5139.98 -0.038306
5142.65 -0.005312
5145.32 0.008884
5147.99 -0.006367
5150.66 -0.026171
5153.33 -0.012025
5156.00 0.000396
5158.67 -0.015610
5161.34 -0.027990
5164.01 0.010289
5166.68 0.007122
5169.35 -0.014354
5172.02 -0.005108
5174.69 -0.073017
5177.36 -0.023324
5180.03 -0.055787
5182.70 -0.027687
5185.37 -0.013134
5188.04 -0.002604
5190.71 -0.006606
5193.38 0.000722
5196.05 -0.023797
5198.72 0.011205
5201.39 0.012937
5204.06 -0.003734
5206.73 0.004216
5209.40 -0.000830
5212.07 0.019776
5214.74 0.013865
5217.41 -0.012354
5220.08 -0.008078
5222.75 -0.006676
5225.42 -0.012850
5228.09 0.011579
5230.76 0.033190
5233.43 0.020965
5236.10 0.009700
5238.77 0.030179
5241.44 0.032966
5244.11 0.008500
5246.78 -0.031211
5249.45 -0.011236
5252.12 -0.001281
5254.79 0.026076
5257.46 0.002434
5260.13 0.026562
5262.80 0.022430
5265.47 -0.000050
5268.14 -0.002543
5270.81 0.005710
5273.48 0.008490
5276.15 -0.002650
5278.82 -0.045061
5281.49 -0.021410
5284.16 0.009407
5286.83 0.016829
5289.50 0.015945
5292.17 0.021991
5294.84 0.004515
5297.51 0.036221
5300.18 0.031672
5302.85 0.004032
5305.52 -0.006171
5308.19 0.043329
5310.86 0.011210
5313.53 0.019202
5316.20 -0.005324
5318.87 -0.004994
5321.54 -0.003093
5324.21 -0.000649
5326.88 0.008233
5329.55 -0.000843
5332.22 -0.021463
5334.89 -0.015257
5337.56 0.018243
5340.23 0.003386
5342.90 -0.013107
5345.57 0.010618
5348.24 -0.020056
5350.91 0.019494
5353.58 0.002443
5356.25 0.000016
5358.92 0.003587
5361.59 -0.001860
5364.26 0.028667
5366.93 0.015576
5369.60 0.018531
5372.27 0.004026
5374.94 0.011909
5377.61 0.035150
5380.28 0.034626
5382.95 0.014425
5385.62 0.016579
5388.29 -0.011756
5390.96 -0.008916
5393.63 0.008733
5396.30 -0.027850
5398.97 -0.005361
5401.64 -0.004761
5404.31 -0.003882
5406.98 0.007204
5409.65 -0.003133
5412.32 0.038135
5414.99 -0.005227
5417.66 0.023648
5420.33 0.012692
5423.00 0.003325
5425.67 0.024544
5428.34 -0.008235
5431.01 0.004974
5433.68 0.007630
5436.35 0.005876
5439.02 -0.005523
5441.69 0.011071
5444.36 0.011378
5447.03 -0.004561
5449.70 -0.024222
5452.37 -0.053370
5455.04 -0.031302
5457.71 -0.009988
5460.38 0.025346
5463.05 0.027144
5465.72 -0.016258
5468.39 -0.012135
5471.06 0.003652
5473.73 -0.000581
5476.40 -0.005577
5479.07 -0.005736
5481.74 -0.027679
5484.41 -0.022950
5487.08 0.020516
5489.75 0.011596
5492.42 -0.007942
5495.09 -0.006847
5497.76 -0.023494
5500.43 0.037958
5503.10 0.002237
5505.77 0.002477
5508.44 0.000454
5511.11 0.000110
5513.78 0.022116
5516.45 0.022887
5519.12 0.020889
5521.79 0.021852
5524.46 0.024251
5527.13 0.005049
5529.80 -0.000615
5532.47 0.000230
5535.14 0.002369
5537.81 -0.013095
5540.48 0.008875
5543.15 -0.008754
5545.82 0.013690
5548.49 0.000035
5551.16 0.002498
5553.83 -0.000531
5556.50 0.000862
5559.17 -0.009641
5561.84 0.024185
5564.51 -0.024246
5567.18 0.005523
5569.85 0.005503
5572.52 -0.046345
5575.19 -0.011469
5577.86 -0.007350
5580.53 -0.005694
5583.20 -0.007041
5585.87 0.002255
5588.54 -0.029879
5591.21 -0.030331
5593.88 -0.012076
5596.55 0.001147
5599.22 -0.004631
5601.89 -0.001931
5604.56 -0.016608
5607.23 0.001502
5609.90 -0.049711
5612.57 -0.027073
5615.24 -0.042790
5617.91 -0.027708
5620.58 -0.039421
5623.25 -0.034763
5625.92 -0.024522
5628.59 -0.013288
5631.26 -0.019339
5633.93 0.000083
5636.60 -0.035386
5639.27 -0.005188
5641.94 -0.038592
5644.61 -0.025031
5647.28 -0.012764
5649.95 0.011715
5652.62 -0.003632
5655.29 -0.006517
5657.96 -0.020675
5660.63 0.016827
5663.30 -0.020876
5665.97 -0.019879
5668.64 -0.015054
5671.31 -0.028158
5673.98 -0.016747
5676.65 -0.033457
5679.32 -0.018163
5681.99 -0.009781
5684.66 0.023068
5687.33 0.038872
5690.00 0.008408
5692.67 0.031948
5695.34 -0.004957
5698.01 0.021969
5700.68 -0.024253
5703.35 -0.009284
5706.02 0.049116
5708.69 0.020603
5711.36 -0.008733
5714.03 -0.000479
5716.70 0.008392
5719.37 -0.042593
5722.04 -0.020582
5724.71 -0.020397
5727.38 -0.033549
5730.05 -0.031057
5732.72 0.023885
5735.39 -0.007320
5738.06 -0.018268
5740.73 -0.037156
5743.40 -0.028347
5746.07 0.003238
5748.74 -0.022119
5751.41 0.003199
5754.08 -0.007310
5756.75 0.012226
5759.42 0.017390
5762.09 0.032593
5764.76 0.011804
5767.43 -0.017101
5770.10 -0.005754
5772.77 -0.006075
5775.44 -0.007076
5778.11 -0.018172
5780.78 0.026714
5783.45 0.005770
5786.12 0.010217
5788.79 0.013592
5791.46 0.017097
5794.13 0.022811
5796.80 0.002697
5799.47 -0.005848
5802.14 -0.050005
5804.81 -0.039329
5807.48 -0.026308
5810.15 -0.031174
5812.82 0.003110
5815.49 -0.004939
5818.16 0.002267
5820.83 -0.016647
5823.50 -0.011804
5826.17 -0.016232
5828.84 0.024389
5831.51 -0.016848
5834.18 -0.005780
5836.85 0.018409
5839.52 0.003134
5842.19 0.005311
5844.86 0.022175
5847.53 -0.005665
5850.20 -0.014727
5852.87 -0.010912
5855.54 0.005156
5858.21 0.017382
5860.88 -0.025149
5863.55 -0.040065
5866.22 0.008097
5868.89 0.028710
5871.56 0.016574
5874.23 0.005352
5876.90 -0.017024
5879.57 -0.004846
5882.24 0.018387
5884.91 -0.054454
5887.58 -0.087480
5890.25 -0.085241
5892.92 -0.019370
5895.59 -0.002033
5898.26 -0.020072
5900.93 -0.028878
5903.60 -0.040072
5906.27 -0.011460
5908.94 -0.040936
5911.61 -0.057822
5914.28 -0.045116
5916.95 -0.006306
5919.62 -0.032680
5922.29 -0.031557
5924.96 0.024576
5927.63 0.032554
5930.30 0.019634
5932.97 0.007597
5935.64 -0.015274
5938.31 -0.016417
5940.98 0.027887
5943.65 0.013607
5946.32 0.029805
5948.99 -0.006522
5951.66 0.020708
5954.33 0.011656
5957.00 0.034898
5959.67 -0.009139
5962.34 -0.028781
5965.01 0.048025
5967.68 0.037267
5970.35 0.036655
5973.02 -0.030594
5975.69 -0.025699
5978.36 0.027639
5981.03 -0.015821
5983.70 -0.002907
5986.37 0.016614
5989.04 -0.013055
5991.71 -0.029255
5994.38 -0.035633
5997.05 -0.025158
5999.72 -0.003762
6002.39 0.028907
6005.06 0.057434
6007.73 0.048190
6010.40 0.019690
6013.07 0.023251
6015.74 0.023917
6018.41 -0.007665
6021.08 0.018459
6023.75 -0.016102
6026.42 0.000772
6029.09 0.018670
6031.76 -0.024218
6034.43 0.043901
6037.10 -0.009723
6039.77 0.028643
6042.44 -0.007480
6045.11 -0.015630
6047.78 0.004213
6050.45 -0.009237
6053.12 -0.005617
6055.79 -0.002062
6058.46 -0.003141
6061.13 0.022950
6063.80 0.043538
6066.47 0.027588
6069.14 0.011611
6071.81 0.006158
6074.48 -0.025364
6077.15 -0.030352
6079.82 -0.017195
6082.49 -0.047918
6085.16 -0.022565
6087.83 0.002736
6090.50 0.012934
6093.17 0.004301
6095.84 0.015427
6098.51 -0.004640
6101.18 0.001337
6103.85 0.023919
6106.52 0.032993
6109.19 0.002857
6111.86 -0.025034
6114.53 0.045760
6117.20 0.039877
6119.87 0.000670
6122.54 0.017323
6125.21 0.018995
6127.88 -0.006823
6130.55 -0.029262
6133.22 -0.030527
6135.89 0.012354
6138.56 0.027098
6141.23 0.040526
6143.90 0.006619
6146.57 -0.021195
6149.24 0.012302
6151.91 -0.009583
6154.58 -0.001595
6157.25 -0.026871
6159.92 -0.014582
6162.59 -0.031172
6165.26 -0.020282
6167.93 -0.013356
6170.60 0.035810
6173.27 0.022932
6175.94 -0.022024
6178.61 0.006395
6181.28 -0.001971
6183.95 0.028503
6186.62 0.016092
6189.29 0.032044
6191.96 0.001726
6194.63 -0.004469
6197.30 0.024420
6199.97 -0.020446
6202.64 -0.001199
6205.31 0.019494
6207.98 -0.005752
6210.65 0.014896
6213.32 0.004513
6215.99 0.034041
6218.66 0.006419
6221.33 0.017286
6224.00 0.007138
6226.67 0.018032
6229.34 0.040542
6232.01 0.044041
6234.68 0.037538
6237.35 0.032628
6240.02 0.014006
6242.69 0.038350
6245.36 0.003868
6248.03 0.021821
6250.70 0.034490
6253.37 0.004862
6256.04 0.055989
6258.71 0.027583
6261.38 -0.005406
6264.05 0.022518
6266.72 0.039102
6269.39 0.046354
6272.06 0.014000
6274.73 -0.006237
6277.40 0.014481
6280.07 0.011016
6282.74 -0.000920
6285.41 -0.001865
6288.08 0.020722
6290.75 -0.022177
6293.42 0.005530
6296.09 0.016575
6298.76 -0.014684
6301.43 -0.017790
6304.10 -0.010960
6306.77 -0.004403
6309.44 0.001358
6312.11 -0.010666
6314.78 -0.029083
6317.45 -0.013822
6320.12 -0.025705
6322.79 -0.026850
6325.46 -0.021217
6328.13 -0.019432
6330.80 -0.027660
6333.47 -0.030701
6336.14 -0.039461
6338.81 -0.025951
6341.48 -0.040809
6344.15 -0.010578
6346.82 -0.015794
6349.49 -0.019225
6352.16 -0.016968
6354.83 -0.026936
6357.50 -0.013621
6360.17 -0.030962
6362.84 -0.010942
6365.51 -0.007267
6368.18 -0.012732
6370.85 -0.005910
6373.52 -0.012589
6376.19 -0.004128
6378.86 -0.003272
6381.53 -0.012398
6384.20 -0.001047
6386.87 0.005947
6389.54 -0.003959
6392.21 0.016589
6394.88 -0.002451
6397.55 -0.005278
6400.22 -0.008732
6402.89 -0.000645
6405.56 -0.004901
6408.23 -0.010640
6410.90 0.002667
6413.57 -0.005575
6416.24 -0.007312
6418.91 -0.002142
6421.58 -0.014587
6424.25 -0.005068
6426.92 0.005684
6429.59 0.001362
6432.26 -0.003377
6434.93 -0.006154
6437.60 -0.010698
6440.27 -0.004684
6442.94 -0.007366
6445.61 -0.002649
6448.28 -0.010477
6450.95 -0.010282
6453.62 -0.002843
6456.29 -0.007312
6458.96 -0.007120
6461.63 -0.014673
6464.30 -0.015148
6466.97 -0.003345
6469.64 -0.008612
6472.31 -0.012718
6474.98 -0.012757
6477.65 -0.011079
6480.32 -0.008286
6482.99 -0.013494
6485.66 -0.012929
6488.33 -0.017580
6491.00 -0.017640
6493.67 -0.007345
6496.34 -0.010511
6499.01 -0.011885
6501.68 -0.008440
6504.35 -0.011264
6507.02 -0.003818
6509.69 -0.002774
6512.36 -0.005379
6515.03 -0.000308
6517.70 -0.005152
6520.37 -0.006192
6523.04 -0.007931
6525.71 -0.010543
6528.38 -0.006371
6531.05 -0.010591
6533.72 -0.015736
6536.39 -0.007929
6539.06 -0.008494
6541.73 -0.006820
6544.40 -0.005721
6547.07 -0.005513
6549.74 -0.000564
6552.41 0.002484
6555.08 0.017203
6557.75 0.019056
6560.42 0.010847
6563.09 0.013797
6565.76 0.019918
6568.43 0.020905
6571.10 0.019177
6573.77 0.017607
6576.44 0.017929
6579.11 0.013877
6581.78 0.012636
6584.45 0.008384
6587.12 0.006062
6589.79 0.004577
6592.46 0.005455
6595.13 0.005812
6597.80 0.003219
6600.47 0.002358
6603.14 0.004240
6605.81 0.001180
6608.48 0.003965
6611.15 0.001276
6613.82 0.002874
6616.49 0.003573
6619.16 -0.001416
6621.83 0.000891
6624.50 -0.000431
6627.17 0.000038
6629.84 -0.002358
6632.51 -0.002562
6635.18 -0.001390
6637.85 -0.001345
6640.52 -0.001953
6643.19 -0.002018
6645.86 -0.004537
6648.53 -0.001926
6651.20 -0.001593
6653.87 -0.002680
6656.54 -0.000839
6659.21 0.001741
6661.88 0.000751
6664.55 0.000950
6667.22 -0.000559
6669.89 -0.000233
6672.56 0.001437
6675.23 0.002228
6677.90 0.003088
6680.57 0.000570
6683.24 0.001079
6685.91 0.001072
6688.58 0.001976
6691.25 0.003737
6693.92 0.001278
6696.59 0.001728
6699.26 0.002417
6701.93 0.001402
6704.60 0.002385
6707.27 0.002667
6709.94 0.000852
6712.61 0.000834
6715.28 0.000855
6717.95 0.000876
6720.62 0.000844
6723.29 0.000839
6725.96 0.000834
6728.63 0.000819
6731.30 0.000818
6733.97 0.000811
6736.64 0.000787
6739.31 0.000762
6741.98 0.000754
6744.65 0.000751
6747.32 0.000729
6749.99 0.000719
6752.66 0.000717
6755.33 0.000710
6758.00 0.000716
6760.67 0.000702
6763.34 0.000705
6766.01 0.000695
6768.68 0.000691
6771.35 0.000692
6774.02 0.000701
6776.69 0.000689
6779.36 0.000685
6782.03 0.000686
6784.70 0.000700
6787.37 0.000708
6790.04 0.000697
6792.71 0.000693
6795.38 0.000692
6798.05 0.000677
6800.72 0.000678
6803.39 0.000685
6806.06 0.000689
6808.73 0.000676
6811.40 0.000680
6814.07 0.000681
6816.74 0.000687
6819.41 0.000701
6822.08 0.000678
6824.75 0.000684
6827.42 0.000680
6830.09 0.000690
6832.76 0.000679
6835.43 0.000678
6838.10 0.000679
6840.77 0.000682
6843.44 0.000668
6846.11 0.000665
6848.78 0.000670
6851.45 0.000662
6854.12 0.000667
6856.79 0.000671
6859.46 0.000670
6862.13 0.000655
6864.80 0.000667
6867.47 0.000686
6870.14 0.000670
6872.81 0.000682
6875.48 0.000671
6878.15 0.000674
6880.82 0.000671
6883.49 0.000670
6886.16 0.000677
6888.83 0.000639
6891.50 0.000674
6894.17 0.000672
6896.84 0.000665
6899.51 0.000668
6902.18 0.000668
6904.85 0.000654
6907.52 0.000643
6910.19 0.000683
6912.86 0.000699
6915.53 0.000704
6918.20 0.000701
6920.87 0.000671
6923.54 0.000678
6926.21 0.000667
6928.88 0.000674
6931.55 0.000678
6934.22 0.000676
6936.89 0.000681
6939.56 0.000687
6942.23 0.000660
6944.90 0.000646
6947.57 0.000647
6950.24 0.000684
6952.91 0.000699
6955.58 0.000708
6958.25 0.000696
6960.92 0.000706
6963.59 0.000708
6966.26 0.000703
6968.93 0.000717
6971.60 0.000692
6974.27 0.000715
6976.94 0.000728
6979.61 0.000740
6982.28 0.000768
6984.95 0.000753
6987.62 0.000760
6990.29 0.000741
6992.96 0.000744
6995.63 0.000756
6998.30 0.000754
7000.97 0.000744
7003.64 0.000745
7006.31 0.000748
7008.98 0.000715
7011.65 0.000743
7014.32 0.000741
7016.99 0.000723
7019.66 0.000753
7022.33 0.000736
7025.00 0.000755
7027.67 0.000768
7030.34 0.000755
7033.01 0.000758
7035.68 0.000761
7038.35 0.000775
7041.02 0.000802
7043.69 0.000777
7046.36 0.000763
7049.03 0.000790
7051.70 0.000771
7054.37 0.000745
7057.04 0.000722
7059.71 0.000723
7062.38 0.000760
7065.05 0.000792
7067.72 0.000767
7070.39 0.000750
7073.06 0.000711
7075.73 0.000743
7078.40 0.000758
7081.07 0.000768
7083.74 0.000750
7086.41 0.000712
7089.08 0.000705
7091.75 0.000747
7094.42 0.000742
7097.09 0.000731
7099.76 0.000720
7102.43 0.000727
7105.10 0.000735
7107.77 0.000765
7110.44 0.000760
7113.11 0.000766
7115.78 0.000758
7118.45 0.000780
7121.12 0.000755
7123.79 0.000762
7126.46 0.000765
7129.13 0.000770
7131.80 0.000779
7134.47 0.000765
7137.14 0.000783
7139.81 0.000766
7142.48 0.000756
7145.15 0.000754
7147.82 0.000752
7150.49 0.000754
7153.16 0.000743
7155.83 0.000738
7158.50 0.000760
7161.17 0.000742
7163.84 0.000750
7166.51 0.000727
7169.18 0.000750
7171.85 0.000749
7174.52 0.000763
7177.19 0.000757
7179.86 0.000759
7182.53 0.000770
7185.20 0.000799
7187.87 0.000775
7190.54 0.000759
7193.21 0.000735
7195.88 0.000729
7198.55 0.000773
7201.22 0.000724
7203.89 0.000731
7206.56 0.000725
7209.23 0.000724
7211.90 0.000747
7214.57 0.000749
7217.24 0.000730
7219.91 0.000740
7222.58 0.000735
7225.25 0.000754
7227.92 0.000767
7230.59 0.000740
7233.26 0.000730
7235.93 0.000747
7238.60 0.000757
7241.27 0.000747
7243.94 0.000751
7246.61 0.000733
7249.28 0.000737
7251.95 0.000744
7254.62 0.000739
7257.29 0.000742
7259.96 0.000728
7262.63 0.000720
7265.30 0.000733
7267.97 0.000728
7270.64 0.000734
7273.31 0.000751
7275.98 0.000739
7278.65 0.000722
7281.32 0.000698
7283.99 0.000713
7286.66 0.000749
7289.33 0.000754
7292.00 0.000723
7294.67 0.000729
7297.34 0.000745
7300.01 0.000734
7302.68 0.000734
7305.35 0.000725
7308.02 0.000767
7310.69 0.000735
7313.36 0.000749
7316.03 0.000747
7318.70 0.000774
7321.37 0.000781
7324.04 0.000765
7326.71 0.000768
7329.38 0.000770
7332.05 0.000754
7334.72 0.000762
7337.39 0.000759
7340.06 0.000738
7342.73 0.000748
7345.40 0.000736
7348.07 0.000738
7350.74 0.000735
7353.41 0.000728
7356.08 0.000722
7358.75 0.000759
7361.42 0.000738
7364.09 0.000744
7366.76 0.000751
7369.43 0.000749
7372.10 0.000737
7374.77 0.000750
7377.44 0.000713
7380.11 0.000755
7382.78 0.000761
7385.45 0.000720
7388.12 0.000729
7390.79 0.000729
7393.46 0.000730
7396.13 0.000719
7398.80 0.000722
7401.47 0.000699
7404.14 0.000736
7406.81 0.000728
7409.48 0.000724
7412.15 0.000741
7414.82 0.000682
7417.49 0.000708
7420.16 0.000727
7422.83 0.000751
7425.50 0.000729
7428.17 0.000732
7430.84 0.000690
7433.51 0.000698
7436.18 0.000720
7438.85 0.000702
7441.52 0.000720
7444.19 0.000735
7446.86 0.000719
7449.53 0.000698
7452.20 0.000723
7454.87 0.000727
7457.54 0.000751
7460.21 0.000758
7462.88 0.000742
7465.55 0.000759
7468.22 0.000754
7470.89 0.000752
7473.56 0.000760
7476.23 0.000764
7478.90 0.000751
7481.57 0.000758
7484.24 0.000751
7486.91 0.000750
7489.58 0.000768
7492.25 0.000754
7494.92 0.000749
7497.59 0.000745
