2486.00 0.034725
2488.67 0.031847
2491.34 0.036524
2494.01 0.027291
2496.68 -0.007113
2499.35 -0.024711
2502.02 -0.050727
2504.69 -0.028812
2507.36 -0.023849
2510.03 -0.008646
2512.70 -0.024376
2515.37 -0.010639
2518.04 -0.019838
2520.71 -0.028910
2523.38 0.011417
2526.05 -0.022331
2528.72 -0.049602
2531.39 -0.005250
2534.06 -0.012753
2536.73 -0.012126
2539.40 0.003183
2542.07 0.042738
2544.74 0.038204
2547.41 0.001127
2550.08 0.084640
2552.75 0.028876
2555.42 0.029042
2558.09 0.015980
2560.76 0.049291
2563.43 0.013999
2566.10 0.069581
2568.77 -0.070119
2571.44 -0.012079
2574.11 -0.033297
2576.78 0.022907
2579.45 -0.062291
2582.12 -0.059835
2584.79 -0.060667
2587.46 0.058122
2590.13 0.022713
2592.80 0.092112
2595.47 0.033384
2598.14 -0.016839
2600.81 -0.040557
2603.48 0.094544
2606.15 0.042598
2608.82 -0.060464
2611.49 0.104311
2614.16 0.073895
2616.83 -0.013843
2619.50 -0.087313
2622.17 0.159835
2624.84 0.017012
2627.51 -0.004226
2630.18 -0.011743
2632.85 0.010764
2635.52 -0.030131
2638.19 -0.019551
2640.86 -0.016246
2643.53 -0.092717
2646.20 -0.005249
2648.87 -0.133542
2651.54 -0.024015
2654.21 -0.076553
2656.88 -0.016446
2659.55 0.022920
2662.22 -0.048348
2664.89 -0.005847
2667.56 -0.025792
2670.23 -0.014631
2672.90 -0.039753
2675.57 -0.008466
2678.24 -0.017871
2680.91 -0.033994
2683.58 0.021307
2686.25 -0.058745
2688.92 0.069008
2691.59 -0.056316
2694.26 0.009994
2696.93 0.041879
2699.60 0.062719
2702.27 -0.015969
2704.94 0.018419
2707.61 0.004842
2710.28 0.020469
2712.95 0.012381
2715.62 0.006249
2718.29 0.037710
2720.96 0.023050
2723.63 0.018289
2726.30 0.015735
2728.97 0.071406
2731.64 0.079139
2734.31 -0.224198
2736.98 -0.131584
2739.65 0.045271
2742.32 -0.172072
2744.99 0.030992
2747.66 0.090692
2750.33 -0.009364
2753.00 -0.030247
2755.67 0.055203
2758.34 0.071131
2761.01 0.012975
2763.68 -0.004086
2766.35 -0.083306
2769.02 -0.024170
2771.69 -0.091889
2774.36 0.006206
2777.03 -0.009066
2779.70 0.015804
2782.37 -0.007632
2785.04 0.051488
2787.71 0.033423
2790.38 -0.032683
2793.05 0.138403
2795.72 0.058177
2798.39 0.011860
2801.06 0.033672
2803.73 0.010204
2806.40 -0.090015
2809.07 0.011447
2811.74 0.022495
2814.41 0.062120
2817.08 0.010815
2819.75 0.017225
2822.42 -0.034386
2825.09 0.029309
2827.76 -0.007378
2830.43 0.015422
2833.10 -0.028767
2835.77 -0.046244
2838.44 -0.042483
2841.11 -0.009935
2843.78 -0.038952
2846.45 0.019819
2849.12 0.060671
2851.79 -0.039925
2854.46 -0.024884
2857.13 0.025739
2859.80 0.041608
2862.47 -0.048435
2865.14 -0.013922
2867.81 -0.020147
2870.48 0.002443
2873.15 -0.005586
2875.82 0.044629
2878.49 -0.016958
2881.16 -0.056625
2883.83 0.025343
2886.50 0.063983
2889.17 0.017768
2891.84 -0.022055
2894.51 -0.017207
2897.18 -0.029950
2899.85 -0.082160
2902.52 -0.056751
2905.19 -0.067808
2907.86 -0.009462
2910.53 0.012281
2913.20 0.009168
2915.87 0.023474
2918.54 0.054231
2921.21 0.006795
2923.88 -0.030422
2926.55 0.010552
2929.22 0.045084
2931.89 -0.046762
2934.56 0.000015
2937.23 0.016228
2939.90 -0.013292
2942.57 -0.005777
2945.24 -0.043491
2947.91 -0.044799
2950.58 -0.028168
2953.25 -0.030810
2955.92 -0.049980
2958.59 -0.030086
2961.26 -0.059537
2963.93 -0.012728
2966.60 0.011862
2969.27 -0.052323
2971.94 -0.016566
2974.61 0.008651
2977.28 0.020851
2979.95 0.035801
2982.62 0.007568
2985.29 -0.026844
2987.96 -0.007535
2990.63 -0.007012
2993.30 -0.036664
2995.97 -0.010922
2998.64 0.011579
3001.31 0.020681
3003.98 -0.006564
3006.65 -0.016362
3009.32 -0.009951
3011.99 0.011818
3014.66 -0.066877
3017.33 0.008889
3020.00 0.038160
3022.67 0.004375
3025.34 0.010200
3028.01 0.025014
3030.68 0.003167
3033.35 0.043366
3036.02 0.026673
3038.69 0.040840
3041.36 0.018448
3044.03 0.036172
3046.70 0.055153
3049.37 0.055163
3052.04 0.005935
3054.71 -0.030751
3057.38 -0.005585
3060.05 0.001833
3062.72 0.023897
3065.39 -0.010956
3068.06 -0.019514
3070.73 -0.008869
3073.40 -0.011456
3076.07 -0.005949
3078.74 0.001990
3081.41 -0.000712
3084.08 0.009591
3086.75 -0.008286
3089.42 0.000828
3092.09 0.007620
3094.76 -0.006641
3097.43 0.021012
3100.10 0.007212
3102.77 -0.008091
3105.44 -0.002239
3108.11 -0.006212
3110.78 0.000830
3113.45 0.011567
3116.12 0.036999
3118.79 -0.002032
3121.46 -0.017152
3124.13 -0.044975
3126.80 -0.003610
3129.47 0.011727
3132.14 0.025112
3134.81 -0.004268
3137.48 0.008583
3140.15 -0.039269
3142.82 0.078617
3145.49 0.037982
3148.16 -0.015025
3150.83 0.003114
3153.50 -0.006220
3156.17 0.047114
3158.84 0.008905
3161.51 -0.006007
3164.18 0.005706
3166.85 -0.007376
3169.52 -0.002803
3172.19 -0.004224
3174.86 0.000895
3177.53 -0.034251
3180.20 0.040592
3182.87 0.073722
3185.54 -0.008196
3188.21 0.031173
3190.88 0.005086
3193.55 0.024032
3196.22 0.026993
3198.89 0.015658
3201.56 -0.027792
3204.23 -0.027250
3206.90 0.002155
3209.57 0.008485
3212.24 0.007249
3214.91 0.036823
3217.58 0.001731
3220.25 -0.008544
3222.92 0.003684
3225.59 -0.011172
3228.26 0.033722
3230.93 0.032511
3233.60 -0.006313
3236.27 -0.006976
3238.94 0.008995
3241.61 0.025843
3244.28 -0.003460
3246.95 0.018445
3249.62 0.003364
3252.29 0.042644
3254.96 -0.028698
3257.63 -0.022191
3260.30 -0.002844
3262.97 0.002723
3265.64 -0.051485
3268.31 -0.003978
3270.98 -0.021395
3273.65 -0.024818
3276.32 0.039497
3278.99 0.002689
3281.66 -0.003020
3284.33 0.008010
3287.00 0.020415
3289.67 0.012823
3292.34 -0.006852
3295.01 -0.006326
3297.68 -0.029152
3300.35 -0.010737
3303.02 -0.006517
3305.69 -0.001172
3308.36 -0.017175
3311.03 0.008622
3313.70 0.012260
3316.37 0.019277
3319.04 -0.023657
3321.71 0.017219
3324.38 -0.020428
3327.05 0.027993
3329.72 -0.004066
3332.39 -0.020035
3335.06 0.029078
3337.73 0.011612
3340.40 0.005266
3343.07 0.021720
3345.74 0.015033
3348.41 0.007604
3351.08 -0.006141
3353.75 -0.057885
3356.42 0.019008
3359.09 -0.005032
3361.76 -0.016764
3364.43 -0.011965
3367.10 -0.013686
3369.77 -0.018992
3372.44 -0.029888
3375.11 -0.009558
3377.78 0.012125
3380.45 -0.001370
3383.12 0.002313
3385.79 0.010366
3388.46 0.017369
3391.13 0.018917
3393.80 0.007374
3396.47 -0.015316
3399.14 0.014756
3401.81 -0.022660
3404.48 -0.024880
3407.15 -0.002322
3409.82 -0.014951
3412.49 -0.035541
3415.16 -0.022881
3417.83 -0.002565
3420.50 0.021555
3423.17 0.009579
3425.84 0.020095
3428.51 -0.024458
3431.18 0.027220
3433.85 0.005939
3436.52 0.003798
3439.19 0.002083
3441.86 -0.000146
3444.53 -0.004575
3447.20 -0.006304
3449.87 -0.011726
3452.54 0.019674
3455.21 0.018759
3457.88 0.034314
3460.55 0.003630
3463.22 0.004366
3465.89 0.007087
3468.56 -0.016016
3471.23 0.037114
3473.90 -0.006345
3476.57 -0.029676
3479.24 -0.000605
3481.91 -0.007060
3484.58 -0.005539
3487.25 0.050005
3489.92 -0.004803
3492.59 -0.017366
3495.26 0.001629
3497.93 -0.016876
3500.60 0.014814
3503.27 0.000305
3505.94 0.004520
3508.61 -0.021368
3511.28 -0.030443
3513.95 -0.036639
3516.62 -0.002968
3519.29 0.003417
3521.96 -0.022067
3524.63 -0.024963
3527.30 0.015815
3529.97 0.002728
3532.64 -0.006307
3535.31 -0.001469
3537.98 0.032468
3540.65 0.023638
3543.32 -0.011352
3545.99 0.007522
3548.66 0.026446
3551.33 0.033220
3554.00 0.017668
3556.67 0.007570
3559.34 0.013587
3562.01 0.010432
3564.68 0.031922
3567.35 0.027121
3570.02 0.001321
3572.69 -0.010846
3575.36 -0.013683
3578.03 0.024551
3580.70 0.016029
3583.37 -0.021826
3586.04 0.018956
3588.71 0.011894
3591.38 0.000619
3594.05 0.013355
3596.72 0.021787
3599.39 0.032355
3602.06 -0.004287
3604.73 -0.017187
3607.40 0.010290
3610.07 0.008864
3612.74 0.002948
3615.41 0.032102
3618.08 -0.011816
3620.75 0.005589
3623.42 -0.010035
3626.09 0.005476
3628.76 0.009228
3631.43 0.000550
3634.10 0.006495
3636.77 0.007647
3639.44 0.009978
3642.11 0.027480
3644.78 0.021525
3647.45 0.020241
3650.12 -0.001649
3652.79 0.034109
3655.46 0.034762
3658.13 0.020555
3660.80 0.013802
3663.47 0.043775
3666.14 0.023750
3668.81 0.026009
3671.48 -0.013009
3674.15 -0.010077
3676.82 -0.047144
3679.49 0.025124
3682.16 -0.015790
3684.83 0.034985
3687.50 0.023072
3690.17 -0.013521
3692.84 0.026459
3695.51 0.022365
3698.18 -0.012523
3700.85 0.008313
3703.52 0.021329
3706.19 -0.007552
3708.86 -0.003055
3711.53 0.032766
3714.20 0.017983
3716.87 0.010440
3719.54 -0.001667
3722.21 -0.019040
3724.88 -0.034431
3727.55 -0.076456
3730.22 -0.065099
3732.89 -0.038664
3735.56 0.008817
3738.23 -0.005315
3740.90 0.014363
3743.57 -0.014490
3746.24 -0.015639
3748.91 0.000918
3751.58 -0.040528
3754.25 -0.004929
3756.92 -0.004535
3759.59 -0.009679
3762.26 -0.034824
3764.93 -0.019074
3767.60 -0.014139
3770.27 0.002141
3772.94 -0.006983
3775.61 -0.010243
3778.28 0.005156
3780.95 -0.012781
3783.62 -0.006865
3786.29 -0.021071
3788.96 -0.019820
3791.63 -0.007825
3794.30 0.005483
3796.97 -0.014665
3799.64 0.001942
3802.31 0.001264
3804.98 -0.035249
3807.65 -0.030459
3810.32 0.022865
3812.99 -0.006044
3815.66 -0.011892
3818.33 -0.038396
3821.00 -0.017639
3823.67 -0.023945
3826.34 -0.030831
3829.01 -0.029167
3831.68 0.014944
3834.35 0.009411
3837.02 -0.000829
3839.69 0.013294
3842.36 -0.012459
3845.03 0.025196
3847.70 -0.008451
3850.37 -0.026271
3853.04 0.005011
3855.71 0.013710
3858.38 0.024713
3861.05 -0.008053
3863.72 -0.005751
3866.39 -0.062709
3869.06 -0.027593
3871.73 -0.036602
3874.40 -0.020255
3877.07 -0.011447
3879.74 0.023556
3882.41 -0.033785
3885.08 -0.037163
3887.75 0.005982
3890.42 0.008991
3893.09 -0.017413
3895.76 0.027092
3898.43 -0.027606
3901.10 0.016022
3903.77 0.009514
3906.44 -0.030772
3909.11 -0.012822
3911.78 -0.009610
3914.45 0.009015
3917.12 0.011872
3919.79 0.000675
3922.46 -0.005468
3925.13 -0.050330
3927.80 -0.027529
3930.47 0.025700
3933.14 -0.005861
3935.81 -0.025014
3938.48 -0.019054
3941.15 -0.035408
3943.82 -0.011260
3946.49 -0.020165
3949.16 -0.034478
3951.83 0.005094
3954.50 0.000030
3957.17 0.010421
3959.84 0.015100
3962.51 0.017829
3965.18 -0.011841
3967.85 0.059722
3970.52 -0.003166
3973.19 -0.018158
3975.86 -0.019778
3978.53 -0.034588
3981.20 -0.030180
3983.87 0.009312
3986.54 0.012573
3989.21 -0.019058
3991.88 0.018111
3994.55 -0.015028
3997.22 0.016761
3999.89 0.042160
4002.56 -0.002521
4005.23 -0.011896
4007.90 0.003625
4010.57 0.008219
4013.24 0.007246
4015.91 0.018886
4018.58 0.030875
4021.25 0.020871
4023.92 -0.002208
4026.59 0.016854
4029.26 -0.008805
4031.93 -0.002448
4034.60 0.024553
4037.27 0.029108
4039.94 0.006382
4042.61 0.017371
4045.28 0.018139
4047.95 0.025600
4050.62 0.005947
4053.29 0.017016
4055.96 0.026018
4058.63 0.037635
4061.30 0.012561
4063.97 0.004692
4066.64 0.020621
4069.31 0.036560
4071.98 0.026339
4074.65 0.012098
4077.32 0.009874
4079.99 0.015102
4082.66 -0.010582
4085.33 -0.013769
4088.00 0.002336
4090.67 0.018554
4093.34 0.020018
4096.01 0.029749
4098.68 0.027579
4101.35 0.023710
4104.02 -0.031241
4106.69 -0.001356
4109.36 0.014430
4112.03 0.014092
4114.70 0.024486
4117.37 0.044989
4120.04 0.030257
4122.71 -0.012469
4125.38 -0.006907
4128.05 -0.004290
4130.72 -0.001401
4133.39 0.008112
4136.06 -0.003897
4138.73 0.005864
4141.40 -0.008669
4144.07 -0.002518
4146.74 0.013525
4149.41 0.004185
4152.08 -0.004654
4154.75 0.016157
4157.42 -0.007004
4160.09 0.004915
4162.76 0.012807
4165.43 -0.003879
4168.10 0.004216
4170.77 0.017566
4173.44 -0.001142
4176.11 0.013641
4178.78 -0.007810
4181.45 0.006129
4184.12 0.007435
4186.79 0.014029
4189.46 -0.003203
4192.13 -0.003511
4194.80 0.008554
4197.47 0.004885
4200.14 0.019559
4202.81 0.014396
4205.48 0.002768
4208.15 0.031547
4210.82 0.006287
4213.49 0.015994
4216.16 0.014608
4218.83 0.007019
4221.50 0.002629
4224.17 0.016719
4226.84 0.012618
4229.51 -0.004875
4232.18 -0.002796
4234.85 -0.036289
4237.52 -0.010756
4240.19 -0.010389
4242.86 0.006017
4245.53 0.046832
4248.20 0.022865
4250.87 0.014553
4253.54 0.003959
4256.21 -0.022145
4258.88 -0.000026
4261.55 0.002965
4264.22 0.008192
4266.89 0.006760
4269.56 -0.006885
4272.23 -0.010474
4274.90 0.005659
4277.57 0.015885
4280.24 0.002042
4282.91 0.008210
4285.58 0.011098
4288.25 0.014063
4290.92 0.001757
4293.59 -0.006268
4296.26 0.001651
4298.93 -0.008676
4301.60 -0.008503
4304.27 0.001174
4306.94 -0.019278
4309.61 -0.009332
4312.28 -0.018543
4314.95 -0.042835
4317.62 -0.013215
4320.29 -0.008154
4322.96 -0.000214
4325.63 0.026686
4328.30 0.004372
4330.97 0.004167
4333.64 0.004088
4336.31 -0.000672
4338.98 0.021760
4341.65 0.038459
4344.32 0.016170
4346.99 0.002801
4349.66 0.015637
4352.33 0.006747
4355.00 -0.020786
4357.67 -0.000662
4360.34 0.005170
4363.01 -0.004343
4365.68 -0.028684
4368.35 -0.004093
4371.02 0.013331
4373.69 -0.020403
4376.36 -0.005169
4379.03 0.004889
4381.70 0.006934
4384.37 0.018953
4387.04 0.002300
4389.71 0.001592
4392.38 -0.002715
4395.05 -0.019724
4397.72 0.001831
4400.39 0.019136
4403.06 0.008800
4405.73 -0.012307
4408.40 0.031442
4411.07 0.005108
4413.74 0.017608
4416.41 0.007020
4419.08 0.035533
4421.75 -0.012265
4424.42 -0.009980
4427.09 0.014694
4429.76 0.005208
4432.43 0.001346
4435.10 0.005073
4437.77 -0.002195
4440.44 0.015968
4443.11 0.016611
4445.78 0.021016
4448.45 0.008190
4451.12 0.013198
4453.79 0.012577
4456.46 0.005276
4459.13 -0.001317
4461.80 0.012564
4464.47 -0.012016
4467.14 0.014322
4469.81 0.001041
4472.48 0.000390
4475.15 0.010712
4477.82 0.005269
4480.49 0.009940
4483.16 0.005063
4485.83 0.032597
4488.50 0.009747
4491.17 0.009094
4493.84 0.022437
4496.51 0.016563
4499.18 0.006153
4501.85 -0.000201
4504.52 0.007333
4507.19 0.013285
4509.86 -0.002559
4512.53 -0.017044
4515.20 -0.011540
4517.87 -0.007976
4520.54 -0.005900
4523.21 0.007188
4525.88 -0.014517
4528.55 -0.009946
4531.22 -0.010435
4533.89 -0.009632
4536.56 -0.009776
4539.23 -0.000830
4541.90 -0.017225
4544.57 -0.017440
4547.24 -0.023899
4549.91 0.000696
4552.58 -0.002872
4555.25 -0.019371
4557.92 -0.039159
4560.59 -0.039243
4563.26 -0.027955
4565.93 -0.031229
4568.60 -0.011715
4571.27 0.000052
4573.94 -0.020076
4576.61 -0.022460
4579.28 -0.017650
4581.95 -0.006697
4584.62 -0.006568
4587.29 -0.021670
4589.96 -0.027636
4592.63 -0.037807
4595.30 -0.010013
4597.97 -0.014504
4600.64 -0.002557
4603.31 0.005095
4605.98 0.015375
4608.65 -0.002659
4611.32 -0.011253
4613.99 -0.006788
4616.66 -0.017659
4619.33 -0.002226
4622.00 -0.024382
4624.67 0.004458
4627.34 0.002447
4630.01 0.005640
4632.68 -0.014517
4635.35 0.000104
4638.02 -0.014899
4640.69 -0.001851
4643.36 -0.007012
4646.03 0.001135
4648.70 -0.014851
4651.37 -0.019847
4654.04 -0.001298
4656.71 0.004717
4659.38 -0.010434
4662.05 -0.013521
4664.72 -0.008785
4667.39 -0.000483
4670.06 -0.000838
4672.73 -0.001551
4675.40 -0.020151
4678.07 0.009798
4680.74 -0.008542
4683.41 0.009874
4686.08 0.000527
4688.75 0.006338
4691.42 -0.017819
4694.09 0.006149
4696.76 -0.005442
4699.43 -0.005446
4702.10 -0.007739
4704.77 -0.007190
4707.44 0.019224
4710.11 -0.003652
4712.78 -0.009071
4715.45 0.002625
4718.12 -0.003044
4720.79 0.012380
4723.46 0.008249
4726.13 0.014383
4728.80 0.025104
4731.47 0.018488
4734.14 -0.012670
4736.81 0.012291
4739.48 -0.006617
4742.15 0.001754
4744.82 -0.001316
4747.49 0.000478
4750.16 0.002891
4752.83 -0.019430
4755.50 -0.009509
4758.17 -0.013135
4760.84 0.010481
4763.51 0.004006
4766.18 -0.011376
4768.85 -0.018044
4771.52 0.000862
4774.19 -0.011203
4776.86 -0.007941
4779.53 0.021210
4782.20 -0.011129
4784.87 0.016108
4787.54 0.011232
4790.21 -0.017232
4792.88 -0.009740
4795.55 -0.009926
4798.22 0.011430
4800.89 0.002999
4803.56 -0.017806
4806.23 -0.018796
4808.90 -0.004743
4811.57 -0.012518
4814.24 -0.010648
4816.91 -0.026850
4819.58 -0.005121
4822.25 -0.015551
4824.92 -0.015548
4827.59 -0.035061
4830.26 -0.038835
4832.93 -0.032275
4835.60 -0.017636
4838.27 -0.021668
4840.94 -0.000685
4843.61 -0.012234
4846.28 -0.005182
4848.95 -0.018414
4851.62 0.003270
4854.29 -0.021270
4856.96 0.039429
4859.63 0.013311
4862.30 -0.018742
4864.97 -0.023885
4867.64 -0.054115
4870.31 -0.050888
4872.98 -0.030274
4875.65 -0.021657
4878.32 -0.024137
4880.99 0.021428
4883.66 -0.012407
4886.33 0.006758
4889.00 -0.024029
4891.67 -0.021490
4894.34 -0.026192
4897.01 -0.015539
4899.68 -0.016447
4902.35 -0.034592
4905.02 -0.008111
4907.69 -0.012653
4910.36 0.005574
4913.03 -0.020310
4915.70 -0.004461
4918.37 -0.002834
4921.04 -0.002930
4923.71 0.017196
4926.38 -0.015116
4929.05 0.004086
4931.72 -0.015885
4934.39 0.000867
4937.06 -0.006948
4939.73 -0.013065
4942.40 -0.010379
4945.07 -0.006183
4947.74 -0.008696
4950.41 0.041042
4953.08 0.010831
4955.75 0.010550
4958.42 0.005074
4961.09 0.008323
4963.76 0.010616
4966.43 0.019516
4969.10 0.030356
4971.77 0.013203
4974.44 0.032060
4977.11 0.030127
4979.78 0.034362
4982.45 0.055557
4985.12 0.004049
4987.79 0.023419
4990.46 -0.006294
4993.13 -0.005823
4995.80 -0.008391
4998.47 0.016619
5001.14 -0.024181
5003.81 -0.011179
5006.48 0.009281
5009.15 -0.029076
5011.82 0.012785
5014.49 0.066917
5017.16 0.054909
5019.83 -0.009897
5022.50 -0.035798
5025.17 -0.015538
5027.84 -0.004727
5030.51 -0.014685
5033.18 -0.014714
5035.85 -0.011730
5038.52 -0.007319
5041.19 -0.027910
5043.86 0.022390
5046.53 -0.015040
5049.20 -0.027062
5051.87 -0.013095
5054.54 -0.021317
5057.21 0.012198
5059.88 -0.000277
5062.55 0.002007
5065.22 -0.027384
5067.89 -0.016134
5070.56 0.000030
5073.23 0.000529
5075.90 0.018666
5078.57 -0.012446
5081.24 0.005325
5083.91 -0.009221
5086.58 -0.012844
5089.25 0.001360
5091.92 -0.010082
5094.59 -0.010093
5097.26 0.002433
5099.93 0.007658
5102.60 0.006027
5105.27 0.005658
5107.94 -0.009482
5110.61 -0.019853
5113.28 0.004716
5115.95 0.000452
5118.62 0.022242
5121.29 0.033556
5123.96 0.014311
5126.63 -0.006250
5129.30 0.032667
5131.97 0.014259
5134.64 0.004963
5137.31 0.017710
5139.98 0.017008
5142.65 0.007184
5145.32 0.009877
5147.99 0.009108
5150.66 -0.013444
5153.33 0.018138
5156.00 -0.007917
5158.67 -0.003382
5161.34 -0.012666
5164.01 -0.008706
5166.68 -0.015450
5169.35 0.024899
5172.02 -0.007947
5174.69 -0.017117
5177.36 -0.012781
5180.03 -0.044729
5182.70 -0.031180
5185.37 -0.004971
5188.04 0.005228
5190.71 0.000970
5193.38 0.011015
5196.05 0.012970
5198.72 -0.023055
5201.39 -0.011394
5204.06 -0.017085
5206.73 -0.001534
5209.40 -0.008886
5212.07 -0.002274
5214.74 0.003090
5217.41 -0.002871
5220.08 -0.010720
5222.75 -0.004321
5225.42 -0.007325
5228.09 0.021893
5230.76 -0.015090
5233.43 -0.003125
5236.10 -0.011100
5238.77 0.016674
5241.44 0.013299
5244.11 0.007369
5246.78 0.020931
5249.45 0.028326
5252.12 0.013284
5254.79 0.028936
5257.46 -0.004821
5260.13 0.024929
5262.80 0.010067
5265.47 0.021031
5268.14 0.027236
5270.81 0.020651
5273.48 0.033326
5276.15 -0.004883
5278.82 -0.024225
5281.49 0.003319
5284.16 -0.003401
5286.83 0.014431
5289.50 -0.005219
5292.17 0.045682
5294.84 0.011169
5297.51 0.010220
5300.18 0.017300
5302.85 -0.033221
5305.52 -0.005277
5308.19 -0.031617
5310.86 -0.005922
5313.53 -0.010921
5316.20 0.007480
5318.87 0.012359
5321.54 -0.012528
5324.21 -0.006102
5326.88 0.001280
5329.55 0.002231
5332.22 0.011301
5334.89 0.014078
5337.56 -0.010943
5340.23 0.015992
5342.90 0.025120
5345.57 0.000550
5348.24 0.003205
5350.91 0.018003
5353.58 0.032449
5356.25 0.051739
5358.92 0.025343
5361.59 0.024311
5364.26 -0.003352
5366.93 -0.020521
5369.60 0.019116
5372.27 0.001975
5374.94 0.029016
5377.61 -0.000266
5380.28 -0.002978
5382.95 0.005759
5385.62 0.023595
5388.29 0.028050
5390.96 0.007988
5393.63 0.039544
5396.30 0.022528
5398.97 0.009989
5401.64 0.015585
5404.31 0.029701
5406.98 0.008544
5409.65 0.002859
5412.32 -0.020783
5414.99 0.007127
5417.66 0.015834
5420.33 0.008045
5423.00 0.019175
5425.67 -0.001587
5428.34 -0.006085
5431.01 0.000157
5433.68 0.012974
5436.35 0.009154
5439.02 0.012080
5441.69 0.003639
5444.36 0.009603
5447.03 0.000467
5449.70 0.013319
5452.37 -0.017871
5455.04 0.022792
5457.71 -0.010800
5460.38 -0.003505
5463.05 0.008769
5465.72 -0.004919
5468.39 0.006491
5471.06 0.020866
5473.73 0.028008
5476.40 0.034209
5479.07 0.013746
5481.74 -0.004481
5484.41 -0.013530
5487.08 -0.002779
5489.75 0.006040
5492.42 0.016240
5495.09 0.002306
5497.76 0.031750
5500.43 0.022164
5503.10 0.019870
5505.77 0.028503
5508.44 0.012213
5511.11 0.008722
5513.78 -0.013819
5516.45 -0.023859
5519.12 0.004713
5521.79 0.014417
5524.46 0.020342
5527.13 0.013614
5529.80 0.025390
5532.47 0.030328
5535.14 0.032834
5537.81 -0.003987
5540.48 0.024670
5543.15 -0.026891
5545.82 0.020023
5548.49 0.003121
5551.16 0.007132
5553.83 -0.001777
5556.50 0.020434
5559.17 0.022074
5561.84 0.007650
5564.51 -0.006241
5567.18 -0.005456
5569.85 0.004375
5572.52 0.022848
5575.19 0.017941
5577.86 0.016780
5580.53 0.011546
5583.20 -0.002468
5585.87 0.024344
5588.54 0.003067
5591.21 0.032069
5593.88 -0.003817
5596.55 0.016280
5599.22 -0.005731
5601.89 0.010926
5604.56 -0.022205
5607.23 -0.004038
5609.90 0.030529
5612.57 0.013920
5615.24 -0.029120
5617.91 0.006389
5620.58 0.010887
5623.25 -0.000500
5625.92 0.009977
5628.59 0.022498
5631.26 -0.006466
5633.93 0.000214
5636.60 -0.013299
5639.27 0.021300
5641.94 0.006653
5644.61 0.002097
5647.28 0.032957
5649.95 0.020570
5652.62 -0.009382
5655.29 0.034863
5657.96 0.021248
5660.63 0.016153
5663.30 0.001486
5665.97 0.018667
5668.64 0.037075
5671.31 -0.015654
5673.98 0.008242
5676.65 0.012979
5679.32 0.007722
5681.99 0.010864
5684.66 0.011724
5687.33 -0.003179
5690.00 0.010273
5692.67 0.002918
5695.34 -0.004275
5698.01 0.007016
5700.68 0.016041
5703.35 0.005701
5706.02 0.012357
5708.69 -0.005259
5711.36 0.016229
5714.03 0.025254
5716.70 0.011531
5719.37 0.024474
5722.04 0.000698
5724.71 0.002393
5727.38 -0.004390
5730.05 -0.008718
5732.72 0.000469
5735.39 -0.023400
5738.06 -0.008543
5740.73 -0.010202
5743.40 0.027194
5746.07 0.009702
5748.74 0.008500
5751.41 0.005751
5754.08 -0.008405
5756.75 0.009565
5759.42 -0.019265
5762.09 -0.007603
5764.76 0.009760
5767.43 -0.008678
5770.10 0.042143
5772.77 -0.004204
5775.44 0.010573
5778.11 0.010671
5780.78 -0.005722
5783.45 -0.006643
5786.12 -0.019201
5788.79 -0.008636
5791.46 -0.017264
5794.13 -0.021334
5796.80 -0.037996
5799.47 -0.037864
5802.14 0.004742
5804.81 0.021806
5807.48 -0.003932
5810.15 -0.031526
5812.82 -0.026819
5815.49 -0.014908
5818.16 -0.014623
5820.83 0.000580
5823.50 -0.024732
5826.17 0.007823
5828.84 -0.001833
5831.51 0.015490
5834.18 -0.015897
5836.85 -0.007072
5839.52 -0.035732
5842.19 0.008266
5844.86 -0.009900
5847.53 -0.014766
5850.20 0.006492
5852.87 -0.018721
5855.54 -0.023918
5858.21 -0.030311
5860.88 -0.017365
5863.55 -0.032749
5866.22 -0.012405
5868.89 0.020295
5871.56 0.022898
5874.23 0.000335
5876.90 0.029839
5879.57 0.028491
5882.24 -0.032784
5884.91 -0.008602
5887.58 0.034638
5890.25 0.004848
5892.92 -0.017620
5895.59 -0.039877
5898.26 0.013850
5900.93 0.001705
5903.60 0.001821
5906.27 0.000665
5908.94 -0.010491
5911.61 -0.020739
5914.28 0.017345
5916.95 0.009985
5919.62 0.000533
5922.29 -0.014178
5924.96 0.025856
5927.63 -0.026226
5930.30 0.017384
5932.97 0.009320
5935.64 0.027235
5938.31 0.007274
5940.98 0.001711
5943.65 0.012937
5946.32 0.023809
5948.99 0.044659
5951.66 0.000964
5954.33 0.018583
5957.00 0.008081
5959.67 -0.009211
5962.34 0.022127
5965.01 -0.074875
5967.68 -0.005967
5970.35 0.014923
5973.02 -0.012993
5975.69 0.014603
5978.36 0.056535
5981.03 0.012542
5983.70 0.026216
5986.37 0.017420
5989.04 0.002243
5991.71 0.034236
5994.38 -0.002989
5997.05 0.000736
5999.72 0.028046
6002.39 0.005842
6005.06 0.045370
6007.73 0.017456
6010.40 0.022137
6013.07 0.056588
6015.74 0.015165
6018.41 0.000987
6021.08 -0.039762
6023.75 0.032521
6026.42 0.017310
6029.09 0.027966
6031.76 0.034763
6034.43 -0.032046
6037.10 -0.025686
6039.77 0.019420
6042.44 -0.012631
6045.11 -0.066465
6047.78 -0.007993
6050.45 0.030617
6053.12 -0.026623
6055.79 -0.026185
6058.46 -0.016743
6061.13 -0.021481
6063.80 -0.019150
6066.47 -0.015697
6069.14 -0.011828
6071.81 0.007495
6074.48 -0.020751
6077.15 -0.010816
6079.82 -0.016973
6082.49 0.026061
6085.16 0.000988
6087.83 -0.008105
6090.50 0.000401
6093.17 0.002423
6095.84 0.008707
6098.51 0.025692
6101.18 -0.013923
6103.85 -0.005716
6106.52 -0.021458
6109.19 -0.027562
6111.86 -0.003493
6114.53 -0.004406
6117.20 -0.058241
6119.87 -0.031366
6122.54 -0.015835
6125.21 0.019855
6127.88 -0.024234
6130.55 -0.067532
6133.22 -0.059930
6135.89 -0.025940
6138.56 -0.009068
6141.23 0.012330
6143.90 -0.023779
6146.57 -0.021018
6149.24 -0.021392
6151.91 0.007774
6154.58 -0.024107
6157.25 0.013565
6159.92 -0.040704
6162.59 -0.026161
6165.26 -0.026963
6167.93 -0.001089
6170.60 -0.011845
6173.27 0.021062
6175.94 -0.000176
6178.61 -0.026374
6181.28 0.010222
6183.95 -0.028872
6186.62 0.007761
6189.29 -0.001533
6191.96 -0.029649
6194.63 -0.011527
6197.30 0.003952
6199.97 -0.003164
6202.64 -0.013923
6205.31 0.016902
6207.98 0.002860
6210.65 0.021732
6213.32 0.016324
6215.99 -0.010097
6218.66 -0.006706
6221.33 0.013099
6224.00 0.019049
6226.67 0.007203
6229.34 0.056781
6232.01 0.005236
6234.68 0.030244
6237.35 -0.003715
6240.02 -0.013960
6242.69 -0.012368
6245.36 0.007018
6248.03 -0.060907
6250.70 -0.015949
6253.37 -0.012040
6256.04 0.006561
6258.71 -0.014871
6261.38 -0.026262
6264.05 -0.014928
6266.72 -0.028600
6269.39 -0.042672
6272.06 -0.044962
6274.73 -0.017495
6277.40 -0.040865
6280.07 0.015539
6282.74 0.001368
6285.41 -0.001977
6288.08 -0.061981
6290.75 -0.071657
6293.42 -0.016170
6296.09 -0.021487
6298.76 -0.050338
6301.43 -0.047215
6304.10 -0.039451
6306.77 -0.044712
6309.44 -0.031645
6312.11 -0.040735
6314.78 -0.009172
6317.45 -0.006809
6320.12 0.009179
6322.79 -0.008265
6325.46 -0.025515
6328.13 -0.000891
6330.80 -0.001129
6333.47 -0.000501
6336.14 0.025437
6338.81 0.024882
6341.48 0.014862
6344.15 -0.005039
6346.82 -0.029438
6349.49 0.004316
6352.16 -0.032692
6354.83 -0.000819
6357.50 0.014790
6360.17 0.024218
6362.84 0.016960
6365.51 -0.009230
6368.18 0.008611
6370.85 0.001491
6373.52 0.012639
6376.19 0.044600
6378.86 0.015770
6381.53 0.035945
6384.20 0.009540
6386.87 0.002106
6389.54 -0.031719
6392.21 -0.048780
6394.88 0.028847
6397.55 0.017655
6400.22 -0.008218
6402.89 -0.030182
6405.56 -0.017208
6408.23 0.023152
6410.90 -0.011044
6413.57 -0.000254
6416.24 -0.022099
6418.91 -0.034247
6421.58 0.009694
6424.25 -0.006251
6426.92 -0.020055
6429.59 -0.014983
6432.26 0.002441
6434.93 0.011930
6437.60 -0.005141
6440.27 0.004370
6442.94 -0.000247
6445.61 -0.017480
6448.28 -0.008613
6450.95 -0.002802
6453.62 -0.003370
6456.29 -0.017222
6458.96 -0.003548
6461.63 0.002230
6464.30 -0.004757
6466.97 -0.007050
6469.64 -0.014846
6472.31 -0.016178
6474.98 0.002170
6477.65 -0.001846
6480.32 -0.006528
6482.99 -0.017580
6485.66 -0.011419
6488.33 0.001135
6491.00 0.002196
6493.67 -0.013569
6496.34 -0.009753
6499.01 -0.013902
6501.68 -0.015237
6504.35 -0.016461
6507.02 -0.012840
6509.69 -0.010804
6512.36 -0.011724
6515.03 -0.006330
6517.70 -0.019249
6520.37 -0.019066
6523.04 -0.016777
6525.71 -0.023545
6528.38 -0.015614
6531.05 -0.030211
6533.72 -0.039313
6536.39 -0.025963
6539.06 -0.027543
6541.73 -0.019738
6544.40 -0.024589
6547.07 -0.023897
6549.74 -0.011440
6552.41 -0.003032
6555.08 0.012387
6557.75 0.012450
6560.42 0.010062
6563.09 0.011330
6565.76 0.013517
6568.43 0.013688
6571.10 0.012729
6573.77 0.011941
6576.44 0.011725
6579.11 0.010110
6581.78 0.009438
6584.45 0.007793
6587.12 0.006867
6589.79 0.006114
6592.46 0.006141
6595.13 0.006041
6597.80 0.004946
6600.47 0.004476
6603.14 0.004927
6605.81 0.003670
6608.48 0.004505
6611.15 0.003448
6613.82 0.003865
6616.49 0.003912
6619.16 0.002106
6621.83 0.002873
6624.50 0.002318
6627.17 0.002356
6629.84 0.001494
6632.51 0.001337
6635.18 0.001728
6637.85 0.001695
6640.52 0.001433
6643.19 0.001338
6645.86 0.000413
6648.53 0.001285
6651.20 0.001386
6653.87 0.000982
6656.54 0.001601
6659.21 0.002417
6661.88 0.002061
6664.55 0.002084
6667.22 0.001506
6669.89 0.001620
6672.56 0.002139
6675.23 0.002361
6677.90 0.002646
6680.57 0.001763
6683.24 0.001942
6685.91 0.001843
6688.58 0.002135
6691.25 0.002707
6693.92 0.001856
6696.59 0.002008
6699.26 0.002219
6701.93 0.001866
6704.60 0.002180
6707.27 0.002269
6709.94 0.001665
6712.61 0.001639
6715.28 0.001680
6717.95 0.001721
6720.62 0.001658
6723.29 0.001647
6725.96 0.001638
6728.63 0.001607
6731.30 0.001607
6733.97 0.001592
6736.64 0.001545
6739.31 0.001497
6741.98 0.001482
6744.65 0.001475
6747.32 0.001432
6749.99 0.001413
6752.66 0.001408
6755.33 0.001394
6758.00 0.001407
6760.67 0.001380
6763.34 0.001384
6766.01 0.001364
6768.68 0.001358
6771.35 0.001359
6774.02 0.001377
6776.69 0.001352
6779.36 0.001346
6782.03 0.001347
6784.70 0.001375
6787.37 0.001391
6790.04 0.001369
6792.71 0.001361
6795.38 0.001359
6798.05 0.001330
6800.72 0.001332
6803.39 0.001345
6806.06 0.001353
6808.73 0.001328
6811.40 0.001336
6814.07 0.001338
6816.74 0.001349
6819.41 0.001376
6822.08 0.001332
6824.75 0.001344
6827.42 0.001336
6830.09 0.001355
6832.76 0.001334
6835.43 0.001332
6838.10 0.001334
6840.77 0.001340
6843.44 0.001311
6846.11 0.001306
6848.78 0.001315
6851.45 0.001300
6854.12 0.001309
6856.79 0.001318
6859.46 0.001315
6862.13 0.001286
6864.80 0.001310
6867.47 0.001347
6870.14 0.001316
6872.81 0.001340
6875.48 0.001319
6878.15 0.001324
6880.82 0.001317
6883.49 0.001316
6886.16 0.001330
6888.83 0.001256
6891.50 0.001325
6894.17 0.001319
6896.84 0.001306
6899.51 0.001313
6902.18 0.001312
6904.85 0.001284
6907.52 0.001263
6910.19 0.001341
6912.86 0.001374
6915.53 0.001382
6918.20 0.001376
6920.87 0.001317
6923.54 0.001332
6926.21 0.001309
6928.88 0.001325
6931.55 0.001332
6934.22 0.001327
6936.89 0.001337
6939.56 0.001350
6942.23 0.001296
6944.90 0.001269
6947.57 0.001271
6950.24 0.001343
6952.91 0.001372
6955.58 0.001392
6958.25 0.001367
6960.92 0.001388
6963.59 0.001391
6966.26 0.001381
6968.93 0.001408
6971.60 0.001360
6974.27 0.001404
6976.94 0.001430
6979.61 0.001453
6982.28 0.001508
6984.95 0.001480
6987.62 0.001493
6990.29 0.001455
6992.96 0.001461
6995.63 0.001485
6998.30 0.001482
7000.97 0.001462
7003.64 0.001464
7006.31 0.001468
7008.98 0.001405
7011.65 0.001460
7014.32 0.001454
7016.99 0.001420
7019.66 0.001478
7022.33 0.001446
7025.00 0.001484
7027.67 0.001509
7030.34 0.001484
7033.01 0.001489
7035.68 0.001494
7038.35 0.001522
7041.02 0.001576
7043.69 0.001526
7046.36 0.001497
7049.03 0.001552
7051.70 0.001514
7054.37 0.001463
7057.04 0.001419
7059.71 0.001419
7062.38 0.001492
7065.05 0.001556
7067.72 0.001506
7070.39 0.001473
7073.06 0.001396
7075.73 0.001459
7078.40 0.001490
7081.07 0.001508
7083.74 0.001474
7086.41 0.001399
7089.08 0.001384
7091.75 0.001467
7094.42 0.001458
7097.09 0.001435
7099.76 0.001414
7102.43 0.001427
7105.10 0.001442
7107.77 0.001503
7110.44 0.001492
7113.11 0.001504
7115.78 0.001488
7118.45 0.001531
7121.12 0.001483
7123.79 0.001498
7126.46 0.001503
7129.13 0.001512
7131.80 0.001530
7134.47 0.001503
7137.14 0.001537
7139.81 0.001505
7142.48 0.001485
7145.15 0.001481
7147.82 0.001478
7150.49 0.001480
7153.16 0.001458
7155.83 0.001449
7158.50 0.001492
7161.17 0.001458
7163.84 0.001473
7166.51 0.001429
7169.18 0.001473
7171.85 0.001472
7174.52 0.001498
7177.19 0.001486
7179.86 0.001491
7182.53 0.001512
7185.20 0.001569
7187.87 0.001521
7190.54 0.001491
7193.21 0.001443
7195.88 0.001431
7198.55 0.001518
7201.22 0.001422
7203.89 0.001435
7206.56 0.001424
7209.23 0.001422
7211.90 0.001468
7214.57 0.001471
7217.24 0.001435
7219.91 0.001454
7222.58 0.001443
7225.25 0.001481
7227.92 0.001507
7230.59 0.001454
7233.26 0.001434
7235.93 0.001467
7238.60 0.001486
7241.27 0.001468
7243.94 0.001475
7246.61 0.001441
7249.28 0.001446
7251.95 0.001461
7254.62 0.001451
7257.29 0.001457
7259.96 0.001431
7262.63 0.001414
7265.30 0.001440
7267.97 0.001429
7270.64 0.001442
7273.31 0.001475
7275.98 0.001452
7278.65 0.001419
7281.32 0.001372
7283.99 0.001400
7286.66 0.001471
7289.33 0.001480
7292.00 0.001421
7294.67 0.001432
7297.34 0.001462
7300.01 0.001442
7302.68 0.001440
7305.35 0.001424
7308.02 0.001508
7310.69 0.001444
7313.36 0.001470
7316.03 0.001466
7318.70 0.001522
7321.37 0.001534
7324.04 0.001502
7326.71 0.001509
7329.38 0.001512
7332.05 0.001480
7334.72 0.001497
7337.39 0.001491
7340.06 0.001450
7342.73 0.001468
7345.40 0.001447
7348.07 0.001449
7350.74 0.001443
7353.41 0.001430
7356.08 0.001417
7358.75 0.001491
7361.42 0.001449
7364.09 0.001461
7366.76 0.001475
7369.43 0.001471
7372.10 0.001447
7374.77 0.001473
7377.44 0.001401
7380.11 0.001483
7382.78 0.001494
7385.45 0.001415
7388.12 0.001433
7390.79 0.001431
7393.46 0.001433
7396.13 0.001412
7398.80 0.001418
7401.47 0.001373
7404.14 0.001445
7406.81 0.001430
7409.48 0.001421
7412.15 0.001457
7414.82 0.001339
7417.49 0.001391
7420.16 0.001427
7422.83 0.001475
7425.50 0.001432
7428.17 0.001438
7430.84 0.001356
7433.51 0.001371
7436.18 0.001415
7438.85 0.001380
7441.52 0.001413
7444.19 0.001443
7446.86 0.001413
7449.53 0.001371
7452.20 0.001421
7454.87 0.001428
7457.54 0.001475
7460.21 0.001490
7462.88 0.001457
7465.55 0.001491
7468.22 0.001481
7470.89 0.001477
7473.56 0.001492
7476.23 0.001500
7478.90 0.001476
7481.57 0.001490
7484.24 0.001475
7486.91 0.001472
7489.58 0.001509
7492.25 0.001481
7494.92 0.001471
7497.59 0.001463
