2486.00 0.007036
2488.67 0.011753
2491.34 0.002719
2494.01 0.015354
2496.68 -0.006194
2499.35 -0.015709
2502.02 -0.041770
2504.69 0.044339
2507.36 0.028513
2510.03 -0.045079
2512.70 -0.068191
2515.37 -0.008436
2518.04 0.002216
2520.71 -0.018216
2523.38 -0.066174
2526.05 0.021391
2528.72 -0.002780
2531.39 -0.006708
2534.06 -0.006899
2536.73 -0.025931
2539.40 -0.075986
2542.07 -0.005113
2544.74 -0.030450
2547.41 0.026939
2550.08 -0.000366
2552.75 -0.016517
2555.42 0.071547
2558.09 0.052704
2560.76 -0.035120
2563.43 0.055293
2566.10 0.039716
2568.77 0.002608
2571.44 -0.010966
2574.11 0.005744
2576.78 -0.061793
2579.45 0.024690
2582.12 -0.016736
2584.79 0.068529
2587.46 -0.011917
2590.13 0.141443
2592.80 -0.058546
2595.47 -0.041117
2598.14 -0.022572
2600.81 0.041716
2603.48 -0.031746
2606.15 0.117035
2608.82 0.165033
2611.49 0.102607
2614.16 0.064322
2616.83 0.073590
2619.50 -0.015139
2622.17 0.009784
2624.84 -0.028189
2627.51 -0.005459
2630.18 0.040310
2632.85 0.013438
2635.52 0.012130
2638.19 -0.004119
2640.86 -0.023930
2643.53 -0.078077
2646.20 -0.042634
2648.87 -0.008481
2651.54 -0.045168
2654.21 0.028550
2656.88 -0.110215
2659.55 -0.006056
2662.22 -0.062487
2664.89 0.051187
2667.56 -0.082244
2670.23 -0.066161
2672.90 0.041884
2675.57 0.011677
2678.24 -0.036846
2680.91 -0.014265
2683.58 -0.005629
2686.25 -0.061533
2688.92 0.066682
2691.59 -0.019688
2694.26 -0.015035
2696.93 -0.052621
2699.60 -0.012918
2702.27 -0.028019
2704.94 -0.071800
2707.61 0.013425
2710.28 -0.016672
2712.95 -0.062849
2715.62 -0.037743
2718.29 -0.040563
2720.96 -0.002980
2723.63 0.006381
2726.30 0.110174
2728.97 0.032861
2731.64 -0.057940
2734.31 -0.015594
2736.98 0.065402
2739.65 0.081579
2742.32 -0.019669
2744.99 0.062334
2747.66 0.010492
2750.33 -0.010338
2753.00 0.051880
2755.67 0.022201
2758.34 -0.019590
2761.01 -0.002925
2763.68 -0.013952
2766.35 -0.005369
2769.02 -0.034302
2771.69 -0.015938
2774.36 -0.007553
2777.03 0.019460
2779.70 -0.023856
2782.37 -0.010585
2785.04 -0.062693
2787.71 -0.043412
2790.38 -0.033071
2793.05 -0.040002
2795.72 -0.048188
2798.39 -0.043696
2801.06 0.084030
2803.73 0.101049
2806.40 0.096181
2809.07 0.033129
2811.74 0.056467
2814.41 0.008587
2817.08 0.057175
2819.75 0.017023
2822.42 0.001309
2825.09 0.011458
2827.76 -0.108316
2830.43 -0.080016
2833.10 -0.010504
2835.77 -0.041946
2838.44 0.021421
2841.11 -0.032762
2843.78 -0.034230
2846.45 -0.016105
2849.12 -0.028163
2851.79 -0.018086
2854.46 -0.007782
2857.13 -0.002810
2859.80 0.009923
2862.47 -0.023072
2865.14 0.007625
2867.81 -0.019287
2870.48 0.005820
2873.15 -0.043418
2875.82 -0.010114
2878.49 -0.004843
2881.16 -0.024893
2883.83 0.012963
2886.50 -0.055158
2889.17 0.028489
2891.84 -0.063049
2894.51 0.001678
2897.18 -0.011821
2899.85 -0.019503
2902.52 -0.005691
2905.19 0.042605
2907.86 -0.047716
2910.53 -0.025970
2913.20 -0.031077
2915.87 -0.055666
2918.54 -0.014174
2921.21 -0.000113
2923.88 0.036413
2926.55 -0.009101
2929.22 0.004096
2931.89 -0.057031
2934.56 0.033376
2937.23 -0.000653
2939.90 0.042048
2942.57 0.064634
2945.24 -0.041597
2947.91 0.074926
2950.58 -0.042882
2953.25 0.018291
2955.92 0.039053
2958.59 0.022863
2961.26 0.027952
2963.93 -0.017929
2966.60 -0.018586
2969.27 -0.022324
2971.94 0.026376
2974.61 0.013279
2977.28 0.017828
2979.95 -0.028798
2982.62 -0.010985
2985.29 -0.014151
2987.96 -0.001933
2990.63 0.014923
2993.30 -0.007771
2995.97 -0.033706
2998.64 0.018748
3001.31 0.022790
3003.98 0.019755
3006.65 -0.009174
3009.32 -0.011949
3011.99 -0.016785
3014.66 -0.039236
3017.33 -0.005870
3020.00 -0.037728
3022.67 -0.035155
3025.34 -0.024552
3028.01 0.009182
3030.68 -0.007402
3033.35 0.027987
3036.02 -0.054786
3038.69 -0.022499
3041.36 0.000364
3044.03 -0.020695
3046.70 -0.023988
3049.37 -0.020201
3052.04 0.013932
3054.71 -0.030604
3057.38 0.011119
3060.05 0.012013
3062.72 -0.060737
3065.39 0.012852
3068.06 0.014031
3070.73 -0.019211
3073.40 -0.027275
3076.07 0.029183
3078.74 -0.028716
3081.41 0.019243
3084.08 0.039431
3086.75 0.000762
3089.42 0.007418
3092.09 0.044011
3094.76 0.027116
3097.43 0.043573
3100.10 -0.014317
3102.77 0.048492
3105.44 0.022943
3108.11 -0.005416
3110.78 -0.009568
3113.45 -0.003082
3116.12 0.001299
3118.79 0.013568
3121.46 -0.004146
3124.13 0.009165
3126.80 -0.010386
3129.47 -0.035738
3132.14 -0.029526
3134.81 -0.018364
3137.48 -0.021326
3140.15 -0.004584
3142.82 0.030694
3145.49 0.009660
3148.16 -0.016228
3150.83 -0.005926
3153.50 0.010046
3156.17 -0.014958
3158.84 0.010432
3161.51 0.033779
3164.18 0.040646
3166.85 0.072506
3169.52 0.006267
3172.19 0.017992
3174.86 0.019838
3177.53 -0.001083
3180.20 0.024206
3182.87 -0.005425
3185.54 -0.000810
3188.21 0.026100
3190.88 0.044348
3193.55 0.083767
3196.22 0.033671
3198.89 0.032065
3201.56 0.019973
3204.23 -0.010217
3206.90 -0.002182
3209.57 0.025132
3212.24 0.009731
3214.91 0.049169
3217.58 0.024774
3220.25 -0.000098
3222.92 0.010291
3225.59 0.036574
3228.26 0.052598
3230.93 0.017998
3233.60 0.018704
3236.27 -0.018705
3238.94 0.023202
3241.61 0.022847
3244.28 0.010996
3246.95 0.004656
3249.62 0.042326
3252.29 0.043233
3254.96 0.029059
3257.63 0.012732
3260.30 0.025583
3262.97 0.046474
3265.64 -0.007614
3268.31 0.000786
3270.98 0.019099
3273.65 0.021171
3276.32 0.029061
3278.99 -0.018474
3281.66 0.025532
3284.33 0.013614
3287.00 0.001151
3289.67 0.012674
3292.34 0.025623
3295.01 0.001879
3297.68 -0.020559
3300.35 -0.009884
3303.02 -0.019803
3305.69 -0.013390
3308.36 0.011820
3311.03 0.007893
3313.70 -0.005334
3316.37 -0.004947
3319.04 -0.032471
3321.71 0.019228
3324.38 0.018310
3327.05 0.040408
3329.72 -0.023689
3332.39 0.054047
3335.06 -0.011631
3337.73 0.003805
3340.40 0.051910
3343.07 0.002276
3345.74 -0.018400
3348.41 -0.002390
3351.08 -0.008443
3353.75 -0.002326
3356.42 0.008334
3359.09 -0.011810
3361.76 -0.017781
3364.43 0.011323
3367.10 0.043574
3369.77 -0.002940
3372.44 0.011697
3375.11 0.012971
3377.78 0.057208
3380.45 0.014522
3383.12 0.013891
3385.79 -0.013912
3388.46 0.007689
3391.13 0.039263
3393.80 0.012099
3396.47 0.007458
3399.14 -0.010955
3401.81 0.000534
3404.48 0.008207
3407.15 0.008634
3409.82 -0.006821
3412.49 0.001060
3415.16 0.014935
3417.83 -0.010355
3420.50 0.036838
3423.17 0.012298
3425.84 -0.061981
3428.51 -0.079996
3431.18 -0.024194
3433.85 -0.023127
3436.52 -0.027629
3439.19 0.001335
3441.86 -0.010734
3444.53 -0.013792
3447.20 -0.010536
3449.87 -0.005665
3452.54 -0.039230
3455.21 0.016376
3457.88 0.009572
3460.55 -0.013296
3463.22 0.005232
3465.89 -0.052802
3468.56 -0.043842
3471.23 0.008614
3473.90 0.007022
3476.57 0.013433
3479.24 -0.046059
3481.91 -0.001754
3484.58 -0.008105
3487.25 0.018083
3489.92 -0.025599
3492.59 0.014049
3495.26 0.043360
3497.93 0.025090
3500.60 0.002241
3503.27 -0.020724
3505.94 0.007472
3508.61 -0.011061
3511.28 0.013091
3513.95 0.001734
3516.62 0.010000
3519.29 0.022599
3521.96 -0.023182
3524.63 -0.002616
3527.30 -0.011136
3529.97 -0.013592
3532.64 0.018239
3535.31 0.024380
3537.98 0.006709
3540.65 -0.005042
3543.32 0.001630
3545.99 0.016643
3548.66 0.005079
3551.33 -0.011312
3554.00 0.005855
3556.67 0.004920
3559.34 -0.004314
3562.01 0.003613
3564.68 -0.005974
3567.35 -0.021338
3570.02 0.012387
3572.69 0.009789
3575.36 -0.008882
3578.03 0.021512
3580.70 -0.000603
3583.37 -0.013388
3586.04 -0.018862
3588.71 -0.017822
3591.38 0.030660
3594.05 -0.000224
3596.72 0.021423
3599.39 -0.002501
3602.06 -0.002191
3604.73 -0.003093
3607.40 0.016107
3610.07 -0.003525
3612.74 0.016890
3615.41 -0.005913
3618.08 0.007969
3620.75 -0.006337
3623.42 -0.001099
3626.09 0.005837
3628.76 0.000057
3631.43 0.016407
3634.10 -0.008387
3636.77 0.034672
3639.44 0.005597
3642.11 0.004138
3644.78 -0.009133
3647.45 -0.021237
3650.12 0.013513
3652.79 -0.007633
3655.46 -0.031487
3658.13 -0.016864
3660.80 -0.013237
3663.47 0.011333
3666.14 0.022960
3668.81 -0.022647
3671.48 0.001995
3674.15 -0.017270
3676.82 -0.026816
3679.49 -0.014347
3682.16 0.016449
3684.83 -0.020784
3687.50 -0.006919
3690.17 -0.025549
3692.84 0.003506
3695.51 -0.021737
3698.18 -0.011542
3700.85 0.003721
3703.52 -0.001276
3706.19 -0.006127
3708.86 0.013939
3711.53 0.003693
3714.20 0.006965
3716.87 -0.047826
3719.54 0.007097
3722.21 0.032710
3724.88 0.010996
3727.55 0.021779
3730.22 0.032723
3732.89 -0.004945
3735.56 -0.007046
3738.23 -0.002539
3740.90 -0.026040
3743.57 -0.048843
3746.24 -0.037042
3748.91 -0.011234
3751.58 0.004058
3754.25 -0.014153
3756.92 -0.025656
3759.59 -0.003576
3762.26 -0.002095
3764.93 -0.030283
3767.60 -0.030503
3770.27 -0.028773
3772.94 0.012074
3775.61 0.006602
3778.28 -0.012597
3780.95 -0.020016
3783.62 -0.031745
3786.29 -0.048654
3788.96 0.013878
3791.63 0.013302
3794.30 -0.001515
3796.97 -0.018876
3799.64 -0.027916
3802.31 0.000064
3804.98 0.005948
3807.65 -0.003834
3810.32 0.001671
3812.99 -0.048822
3815.66 -0.036984
3818.33 -0.013425
3821.00 -0.005097
3823.67 -0.025399
3826.34 -0.004295
3829.01 -0.006425
3831.68 -0.004919
3834.35 -0.017469
3837.02 0.010783
3839.69 -0.013468
3842.36 -0.034585
3845.03 0.006171
3847.70 0.018212
3850.37 0.015297
3853.04 -0.012925
3855.71 0.001704
3858.38 0.042688
3861.05 -0.008791
3863.72 -0.003058
3866.39 -0.009411
3869.06 -0.058963
3871.73 -0.053460
3874.40 -0.015665
3877.07 -0.003328
3879.74 -0.017984
3882.41 -0.008169
3885.08 -0.005146
3887.75 -0.018699
3890.42 -0.019474
3893.09 -0.001319
3895.76 -0.000441
3898.43 -0.000691
3901.10 -0.005720
3903.77 0.017529
3906.44 -0.010065
3909.11 0.025944
3911.78 -0.004146
3914.45 -0.049013
3917.12 0.020593
3919.79 0.029392
3922.46 -0.013114
3925.13 0.019333
3927.80 0.003078
3930.47 0.013378
3933.14 0.024086
3935.81 0.007965
3938.48 0.014062
3941.15 -0.004769
3943.82 -0.000678
3946.49 -0.019112
3949.16 -0.004954
3951.83 -0.001298
3954.50 0.001043
3957.17 -0.014945
3959.84 -0.006590
3962.51 -0.014586
3965.18 -0.023026
3967.85 -0.005751
3970.52 0.006463
3973.19 0.015939
3975.86 -0.012443
3978.53 0.002409
3981.20 0.029512
3983.87 -0.008110
3986.54 -0.005679
3989.21 0.014619
3991.88 -0.008916
3994.55 -0.004432
3997.22 -0.015090
3999.89 -0.012568
4002.56 0.017337
4005.23 -0.008115
4007.90 -0.044001
4010.57 -0.027618
4013.24 -0.020868
4015.91 -0.010146
4018.58 0.008384
4021.25 -0.019241
4023.92 0.011714
4026.59 0.004642
4029.26 0.004372
4031.93 0.022583
4034.60 -0.023079
4037.27 -0.008155
4039.94 -0.005710
4042.61 0.011105
4045.28 0.014320
4047.95 -0.000092
4050.62 -0.001052
4053.29 -0.017789
4055.96 0.028865
4058.63 0.009337
4061.30 -0.022159
4063.97 -0.003008
4066.64 0.019627
4069.31 -0.025635
4071.98 0.041469
4074.65 -0.022866
4077.32 0.040860
4079.99 0.009952
4082.66 0.019384
4085.33 0.005808
4088.00 -0.008432
4090.67 0.005277
4093.34 -0.038743
4096.01 -0.012095
4098.68 0.013321
4101.35 -0.014660
4104.02 0.022465
4106.69 -0.012937
4109.36 -0.002965
4112.03 -0.020537
4114.70 -0.008390
4117.37 -0.017506
4120.04 -0.002806
4122.71 -0.014320
4125.38 -0.027251
4128.05 -0.003559
4130.72 0.006880
4133.39 0.001430
4136.06 -0.001902
4138.73 -0.041712
4141.40 -0.009442
4144.07 -0.018350
4146.74 -0.024796
4149.41 0.018872
4152.08 0.000184
4154.75 0.001928
4157.42 -0.002848
4160.09 -0.027144
4162.76 -0.001886
4165.43 0.009203
4168.10 0.005616
4170.77 -0.015010
4173.44 0.012456
4176.11 0.008255
4178.78 0.005190
4181.45 0.014138
4184.12 0.007671
4186.79 -0.016227
4189.46 -0.023862
4192.13 -0.009707
4194.80 0.010460
4197.47 -0.032559
4200.14 -0.006478
4202.81 -0.028431
4205.48 -0.028219
4208.15 -0.024024
4210.82 -0.023884
4213.49 -0.034710
4216.16 -0.014631
4218.83 -0.026672
4221.50 -0.015901
4224.17 -0.010473
4226.84 0.004732
4229.51 -0.008300
4232.18 -0.005525
4234.85 -0.010796
4237.52 -0.003591
4240.19 0.005557
4242.86 0.008579
4245.53 -0.015684
4248.20 0.010055
4250.87 -0.001562
4253.54 -0.000283
4256.21 -0.006601
4258.88 0.016252
4261.55 -0.014884
4264.22 0.000109
4266.89 -0.014885
4269.56 0.006946
4272.23 -0.001306
4274.90 0.006405
4277.57 0.019114
4280.24 0.004552
4282.91 0.013175
4285.58 0.010755
4288.25 0.026952
4290.92 0.032285
4293.59 0.056287
4296.26 0.021068
4298.93 0.015553
4301.60 0.034630
4304.27 0.030741
4306.94 0.006966
4309.61 -0.000293
4312.28 0.026462
4314.95 0.013616
4317.62 0.006978
4320.29 -0.013703
4322.96 0.029975
4325.63 -0.006850
4328.30 -0.005572
4330.97 -0.000302
4333.64 -0.015499
4336.31 0.014269
4338.98 -0.032968
4341.65 0.000426
4344.32 0.004888
4346.99 -0.000178
4349.66 -0.025755
4352.33 -0.019955
4355.00 -0.012205
4357.67 -0.005939
4360.34 0.008314
4363.01 -0.019327
4365.68 -0.035278
4368.35 -0.027125
4371.02 -0.006668
4373.69 -0.012250
4376.36 -0.011582
4379.03 -0.013843
4381.70 -0.001750
4384.37 0.014558
4387.04 0.008133
4389.71 -0.003530
4392.38 0.007158
4395.05 -0.014184
4397.72 0.018804
4400.39 0.015411
4403.06 0.000981
4405.73 -0.004443
4408.40 0.003245
4411.07 -0.023251
4413.74 0.011886
4416.41 0.012245
4419.08 0.015035
4421.75 -0.002644
4424.42 -0.015605
4427.09 -0.001595
4429.76 0.006318
4432.43 0.022740
4435.10 0.011415
4437.77 0.001353
4440.44 0.001807
4443.11 -0.004561
4445.78 -0.015306
4448.45 -0.002903
4451.12 -0.003132
4453.79 0.006404
4456.46 0.005020
4459.13 0.004178
4461.80 -0.001120
4464.47 0.002540
4467.14 0.008862
4469.81 0.006386
4472.48 -0.014212
4475.15 -0.012109
4477.82 -0.002233
4480.49 -0.012310
4483.16 0.009666
4485.83 -0.032872
4488.50 0.004162
4491.17 0.021967
4493.84 0.010193
4496.51 0.006737
4499.18 -0.000890
4501.85 -0.000007
4504.52 -0.022010
4507.19 -0.001317
4509.86 -0.006013
4512.53 0.010841
4515.20 -0.010871
4517.87 -0.006969
4520.54 -0.010774
4523.21 0.002764
4525.88 -0.014901
4528.55 -0.013529
4531.22 0.016222
4533.89 0.004671
4536.56 0.003515
4539.23 0.005736
4541.90 0.000421
4544.57 0.012216
4547.24 0.012152
4549.91 0.011221
4552.58 -0.010959
4555.25 0.003435
4557.92 -0.008624
4560.59 0.000624
4563.26 -0.004473
4565.93 0.010880
4568.60 -0.011014
4571.27 0.027345
4573.94 -0.002868
4576.61 0.005659
4579.28 -0.015887
4581.95 0.021271
4584.62 0.014585
4587.29 -0.015412
4589.96 0.027211
4592.63 0.022829
4595.30 0.018432
4597.97 -0.012345
4600.64 0.011448
4603.31 0.018353
4605.98 0.012534
4608.65 0.021085
4611.32 0.023391
4613.99 0.001973
4616.66 0.007267
4619.33 0.012484
4622.00 -0.009782
4624.67 0.003520
4627.34 0.013345
4630.01 0.030385
4632.68 0.017402
4635.35 0.029559
4638.02 0.021473
4640.69 0.038254
4643.36 0.002068
4646.03 0.035502
4648.70 0.024032
4651.37 0.024134
4654.04 0.021987
4656.71 -0.001300
4659.38 -0.018143
4662.05 0.012496
4664.72 0.008668
4667.39 0.038219
4670.06 0.016209
4672.73 0.039551
4675.40 0.008092
4678.07 -0.001407
4680.74 -0.011809
4683.41 0.016907
4686.08 0.007781
4688.75 -0.001797
4691.42 -0.005121
4694.09 0.041087
4696.76 -0.012428
4699.43 0.004251
4702.10 0.004302
4704.77 0.013186
4707.44 0.021039
4710.11 0.012599
4712.78 0.013045
4715.45 0.005942
4718.12 0.011508
4720.79 -0.004376
4723.46 0.003431
4726.13 0.019007
4728.80 0.020142
4731.47 0.027182
4734.14 0.023667
4736.81 0.000458
4739.48 0.016428
4742.15 0.019917
4744.82 0.008835
4747.49 0.011308
4750.16 0.013453
4752.83 -0.000535
4755.50 0.010243
4758.17 0.004082
4760.84 0.021525
4763.51 0.007583
4766.18 0.007800
4768.85 0.018279
4771.52 0.018875
4774.19 0.002199
4776.86 0.014240
4779.53 0.026298
4782.20 0.007386
4784.87 0.031310
4787.54 0.037628
4790.21 0.047451
4792.88 0.037293
4795.55 0.033052
4798.22 0.021022
4800.89 0.040424
4803.56 0.051628
4806.23 0.015116
4808.90 0.001479
4811.57 0.034604
4814.24 0.011893
4816.91 0.010936
4819.58 0.036697
4822.25 0.010561
4824.92 0.027214
4827.59 -0.020929
4830.26 0.026596
4832.93 0.024105
4835.60 0.011417
4838.27 -0.010042
4840.94 -0.006462
4843.61 -0.010893
4846.28 0.010674
4848.95 -0.007587
4851.62 -0.013229
4854.29 -0.018441
4856.96 -0.059029
4859.63 -0.016397
4862.30 -0.030321
4864.97 0.011939
4867.64 0.006676
4870.31 -0.007153
4872.98 0.023229
4875.65 0.006703
4878.32 -0.026318
4880.99 -0.038944
4883.66 -0.013532
4886.33 0.019660
4889.00 0.013535
4891.67 -0.025889
4894.34 0.016179
4897.01 -0.022513
4899.68 -0.021189
4902.35 -0.002248
4905.02 -0.034362
4907.69 -0.018291
4910.36 -0.018725
4913.03 -0.026708
4915.70 0.014944
4918.37 -0.012087
4921.04 0.002281
4923.71 -0.020715
4926.38 -0.004695
4929.05 -0.024743
4931.72 -0.030116
4934.39 0.011196
4937.06 -0.007354
4939.73 -0.007744
4942.40 -0.008225
4945.07 -0.001865
4947.74 -0.011362
4950.41 -0.007684
4953.08 0.010672
4955.75 0.044680
4958.42 -0.036897
4961.09 -0.005329
4963.76 0.010024
4966.43 -0.003342
4969.10 0.016443
4971.77 0.027549
4974.44 0.000602
4977.11 0.009241
4979.78 0.000402
4982.45 -0.017689
4985.12 0.016338
4987.79 0.000964
4990.46 0.013511
4993.13 0.031899
4995.80 0.016556
4998.47 0.032829
5001.14 0.074603
5003.81 0.022841
5006.48 0.002571
5009.15 0.032190
5011.82 -0.008907
5014.49 -0.023635
5017.16 0.027974
5019.83 0.047232
5022.50 -0.001216
5025.17 -0.002010
5027.84 0.020995
5030.51 -0.004785
5033.18 -0.012091
5035.85 -0.006958
5038.52 0.000592
5041.19 -0.014054
5043.86 -0.019848
5046.53 -0.026388
5049.20 -0.011601
5051.87 -0.007930
5054.54 0.010053
5057.21 0.000895
5059.88 0.002200
5062.55 -0.011087
5065.22 0.000150
5067.89 -0.008844
5070.56 0.006525
5073.23 0.028449
5075.90 -0.000198
5078.57 0.002748
5081.24 0.029704
5083.91 -0.006043
5086.58 0.025637
5089.25 -0.004999
5091.92 -0.008026
5094.59 0.031824
5097.26 0.036047
5099.93 -0.004948
5102.60 -0.009320
5105.27 0.025409
5107.94 0.011486
5110.61 -0.000917
5113.28 0.019922
5115.95 -0.035358
5118.62 -0.017480
5121.29 0.025224
5123.96 0.006810
5126.63 0.032006
5129.30 -0.000214
5131.97 -0.029184
5134.64 0.007819
5137.31 -0.025804
5139.98 -0.027409
5142.65 0.009068
5145.32 -0.026157
5147.99 -0.013358
5150.66 -0.011365
5153.33 -0.018742
5156.00 -0.014395
5158.67 0.000794
5161.34 -0.039128
5164.01 0.015075
5166.68 0.012153
5169.35 0.010505
5172.02 0.005863
5174.69 0.009139
5177.36 -0.011513
5180.03 -0.017177
5182.70 -0.010138
5185.37 0.012808
5188.04 -0.009956
5190.71 -0.003015
5193.38 0.012099
5196.05 0.008720
5198.72 0.002528
5201.39 0.008407
5204.06 0.010981
5206.73 -0.005767
5209.40 -0.010792
5212.07 0.003377
5214.74 0.001747
5217.41 -0.025718
5220.08 -0.002122
5222.75 -0.039268
5225.42 -0.020587
5228.09 0.001576
5230.76 0.008158
5233.43 0.013046
5236.10 0.008968
5238.77 0.020310
5241.44 0.010473
5244.11 -0.003807
5246.78 -0.012969
5249.45 -0.002217
5252.12 -0.006597
5254.79 0.012387
5257.46 -0.003394
5260.13 0.007368
5262.80 0.003033
5265.47 -0.011689
5268.14 0.024191
5270.81 -0.004030
5273.48 0.020325
5276.15 0.032884
5278.82 0.022121
5281.49 0.008166
5284.16 -0.012025
5286.83 -0.019572
5289.50 -0.002774
5292.17 -0.044931
5294.84 -0.016501
5297.51 0.008587
5300.18 0.022869
5302.85 -0.010858
5305.52 0.015107
5308.19 -0.052084
5310.86 0.008520
5313.53 0.012735
5316.20 0.016529
5318.87 0.018502
5321.54 -0.025391
5324.21 0.001884
5326.88 -0.014322
5329.55 -0.024785
5332.22 -0.016400
5334.89 -0.018934
5337.56 -0.018860
5340.23 -0.006024
5342.90 -0.036591
5345.57 -0.028319
5348.24 -0.007531
5350.91 -0.028341
5353.58 -0.006858
5356.25 -0.046450
5358.92 0.013500
5361.59 0.039118
5364.26 -0.009375
5366.93 -0.003281
5369.60 -0.000821
5372.27 -0.009838
5374.94 -0.017034
5377.61 -0.030037
5380.28 -0.004611
5382.95 0.007487
5385.62 0.002175
5388.29 0.004925
5390.96 0.016313
5393.63 -0.012992
5396.30 -0.014030
5398.97 -0.012490
5401.64 0.001115
5404.31 0.011361
5406.98 0.021927
5409.65 -0.013046
5412.32 0.016348
5414.99 0.017622
5417.66 0.009950
5420.33 0.007749
5423.00 -0.020448
5425.67 -0.014135
5428.34 -0.010202
5431.01 0.002522
5433.68 -0.009998
5436.35 -0.008726
5439.02 0.005707
5441.69 -0.012693
5444.36 -0.005844
5447.03 0.012959
5449.70 0.001892
5452.37 -0.008380
5455.04 0.007098
5457.71 -0.032963
5460.38 -0.004337
5463.05 -0.012004
5465.72 -0.009142
5468.39 0.003257
5471.06 0.021814
5473.73 0.006051
5476.40 0.006237
5479.07 -0.025659
5481.74 -0.021384
5484.41 -0.012636
5487.08 -0.000122
5489.75 0.000680
5492.42 -0.014031
5495.09 -0.014771
5497.76 0.002520
5500.43 0.006477
5503.10 0.024695
5505.77 -0.004464
5508.44 0.005813
5511.11 -0.023080
5513.78 0.012221
5516.45 -0.001695
5519.12 0.019248
5521.79 0.008799
5524.46 0.026350
5527.13 -0.005181
5529.80 -0.007000
5532.47 -0.017192
5535.14 -0.021888
5537.81 -0.024540
5540.48 -0.033043
5543.15 -0.015745
5545.82 -0.010357
5548.49 -0.007749
5551.16 -0.016268
5553.83 -0.007712
5556.50 0.015307
5559.17 0.000425
5561.84 -0.003436
5564.51 0.010474
5567.18 0.014414
5569.85 -0.010597
5572.52 0.011066
5575.19 0.000142
5577.86 -0.022828
5580.53 -0.004085
5583.20 0.004955
5585.87 -0.016297
5588.54 -0.010767
5591.21 -0.018181
5593.88 -0.010559
5596.55 -0.000388
5599.22 -0.012066
5601.89 0.013762
5604.56 0.014692
5607.23 0.001990
5609.90 0.012341
5612.57 0.012227
5615.24 0.005298
5617.91 -0.005186
5620.58 -0.018733
5623.25 -0.017164
5625.92 -0.054821
5628.59 -0.015524
5631.26 0.007389
5633.93 -0.008493
5636.60 0.007387
5639.27 0.015354
5641.94 0.001167
5644.61 -0.034867
5647.28 -0.000821
5649.95 -0.011630
5652.62 0.031001
5655.29 -0.009726
5657.96 0.012494
5660.63 0.027848
5663.30 0.021465
5665.97 -0.015249
5668.64 -0.005144
5671.31 0.027536
5673.98 0.005244
5676.65 0.012785
5679.32 -0.018017
5681.99 -0.011360
5684.66 0.025264
5687.33 -0.015956
5690.00 -0.009287
5692.67 -0.002174
5695.34 -0.015119
5698.01 0.028851
5700.68 -0.026583
5703.35 -0.025885
5706.02 -0.010878
5708.69 0.009317
5711.36 0.017789
5714.03 0.010881
5716.70 -0.004704
5719.37 0.002839
5722.04 -0.021303
5724.71 0.020045
5727.38 0.000176
5730.05 0.008509
5732.72 -0.000696
5735.39 0.020333
5738.06 0.032975
5740.73 0.001148
5743.40 0.067693
5746.07 -0.006323
5748.74 0.012472
5751.41 -0.001281
5754.08 0.001361
5756.75 0.031641
5759.42 0.027434
5762.09 0.008518
5764.76 -0.016545
5767.43 -0.011165
5770.10 -0.010383
5772.77 -0.022420
5775.44 -0.012589
5778.11 -0.012078
5780.78 0.015281
5783.45 0.015139
5786.12 0.012271
5788.79 0.006631
5791.46 0.006613
5794.13 0.037999
5796.80 0.010571
5799.47 0.029340
5802.14 -0.000128
5804.81 0.009255
5807.48 -0.010167
5810.15 -0.013451
5812.82 0.000876
5815.49 -0.007457
5818.16 0.001557
5820.83 0.014053
5823.50 -0.006068
5826.17 -0.002996
5828.84 -0.008305
5831.51 -0.005192
5834.18 -0.013166
5836.85 0.018390
5839.52 -0.002294
5842.19 0.040380
5844.86 0.003315
5847.53 0.005387
5850.20 0.000701
5852.87 0.024395
5855.54 -0.001366
5858.21 -0.036108
5860.88 -0.007508
5863.55 0.010764
5866.22 0.027116
5868.89 0.020834
5871.56 0.032487
5874.23 0.009388
5876.90 0.036400
5879.57 0.042909
5882.24 0.005210
5884.91 -0.050574
5887.58 -0.097708
5890.25 -0.002358
5892.92 0.015550
5895.59 0.031895
5898.26 0.066783
5900.93 -0.018137
5903.60 0.019046
5906.27 0.023521
5908.94 0.024190
5911.61 0.020972
5914.28 -0.034131
5916.95 -0.013154
5919.62 -0.005148
5922.29 -0.005490
5924.96 0.014172
5927.63 -0.021968
5930.30 -0.013680
5932.97 -0.020025
5935.64 0.011729
5938.31 0.013226
5940.98 0.017698
5943.65 -0.027278
5946.32 -0.001562
5948.99 0.019605
5951.66 0.042957
5954.33 0.016126
5957.00 0.034774
5959.67 -0.042136
5962.34 0.003879
5965.01 0.065742
5967.68 0.013750
5970.35 0.043782
5973.02 0.009321
5975.69 -0.023717
5978.36 0.004079
5981.03 0.011825
5983.70 0.006292
5986.37 0.029839
5989.04 -0.013161
5991.71 0.017870
5994.38 0.027080
5997.05 0.035684
5999.72 -0.039587
6002.39 0.010051
6005.06 0.038892
6007.73 0.023297
6010.40 0.035875
6013.07 -0.007646
6015.74 0.033920
6018.41 0.021308
6021.08 -0.007547
6023.75 0.006464
6026.42 -0.012243
6029.09 0.012982
6031.76 0.018715
6034.43 -0.009218
6037.10 -0.025608
6039.77 -0.006195
6042.44 0.011355
6045.11 -0.033212
6047.78 -0.018898
6050.45 -0.019086
6053.12 0.018212
6055.79 -0.017204
6058.46 0.037012
6061.13 0.008423
6063.80 -0.011067
6066.47 -0.026808
6069.14 0.001785
6071.81 0.037404
6074.48 -0.030058
6077.15 -0.056455
6079.82 -0.048892
6082.49 -0.020140
6085.16 -0.048701
6087.83 -0.084319
6090.50 -0.072406
6093.17 -0.039065
6095.84 -0.041648
6098.51 -0.062585
6101.18 -0.009457
6103.85 -0.037394
6106.52 -0.027752
6109.19 -0.021120
6111.86 -0.025069
6114.53 -0.066136
6117.20 -0.039198
6119.87 -0.027739
6122.54 -0.027636
6125.21 -0.069082
6127.88 -0.047842
6130.55 -0.040337
6133.22 -0.053065
6135.89 0.006296
6138.56 -0.036102
6141.23 -0.040224
6143.90 -0.049011
6146.57 0.012385
6149.24 -0.049149
6151.91 0.018327
6154.58 0.014809
6157.25 -0.032319
6159.92 0.021640
6162.59 0.050039
6165.26 0.011703
6167.93 0.017449
6170.60 -0.010774
6173.27 -0.023172
6175.94 0.012019
6178.61 -0.000892
6181.28 0.012863
6183.95 -0.048362
6186.62 -0.037256
6189.29 -0.044002
6191.96 -0.058262
6194.63 -0.023015
6197.30 -0.037293
6199.97 -0.005149
6202.64 -0.018484
6205.31 -0.011080
6207.98 -0.008252
6210.65 -0.024302
6213.32 -0.016086
6215.99 -0.009168
6218.66 -0.015747
6221.33 -0.022731
6224.00 -0.021059
6226.67 -0.028552
6229.34 -0.016591
6232.01 -0.015782
6234.68 0.008628
6237.35 -0.024756
6240.02 -0.031200
6242.69 -0.018053
6245.36 -0.012526
6248.03 -0.012801
6250.70 -0.034517
6253.37 -0.006070
6256.04 -0.045310
6258.71 -0.023141
6261.38 -0.023619
6264.05 -0.011203
6266.72 -0.022234
6269.39 -0.030258
6272.06 -0.005353
6274.73 0.005381
6277.40 0.002573
6280.07 -0.021308
6282.74 0.008804
6285.41 0.007170
6288.08 0.001765
6290.75 0.007328
6293.42 0.004354
6296.09 -0.002039
6298.76 0.036854
6301.43 0.035775
6304.10 0.032980
6306.77 0.025443
6309.44 0.014933
6312.11 0.032506
6314.78 0.037575
6317.45 0.024803
6320.12 0.024118
6322.79 0.019151
6325.46 0.024142
6328.13 0.020899
6330.80 0.022674
6333.47 0.017255
6336.14 0.020294
6338.81 0.019523
6341.48 0.030163
6344.15 0.018245
6346.82 0.021787
6349.49 0.020678
6352.16 0.034518
6354.83 0.040046
6357.50 0.017345
6360.17 0.009008
6362.84 0.025462
6365.51 0.026207
6368.18 0.020475
6370.85 0.022839
6373.52 0.030137
6376.19 0.006016
6378.86 0.013756
6381.53 0.034931
6384.20 0.044601
6386.87 0.001579
6389.54 0.031095
6392.21 0.020432
6394.88 0.021537
6397.55 0.030146
6400.22 0.041202
6402.89 0.036378
6405.56 0.025851
6408.23 0.031857
6410.90 0.016296
6413.57 0.013542
6416.24 0.027088
6418.91 0.028692
6421.58 0.038028
6424.25 0.012152
6426.92 0.022811
6429.59 0.021389
6432.26 0.013348
6434.93 0.021928
6437.60 0.030933
6440.27 0.025225
6442.94 0.025320
6445.61 0.027929
6448.28 0.048438
6450.95 0.026209
6453.62 0.032370
6456.29 0.021391
6458.96 0.013686
6461.63 0.028458
6464.30 0.037365
6466.97 0.023677
6469.64 0.022608
6472.31 0.035551
6474.98 0.017034
6477.65 0.010309
6480.32 0.018357
6482.99 0.046557
6485.66 0.039911
6488.33 0.034384
6491.00 -0.001437
6493.67 0.004363
6496.34 0.018432
6499.01 0.037190
6501.68 0.036871
6504.35 0.022124
6507.02 -0.003104
6509.69 0.000955
6512.36 0.007816
6515.03 0.009032
6517.70 0.009088
6520.37 0.003511
6523.04 0.000488
6525.71 -0.008399
6528.38 -0.000887
6531.05 -0.001700
6533.72 -0.012549
6536.39 -0.007689
6539.06 -0.007346
6541.73 -0.008457
6544.40 -0.007498
6547.07 -0.008191
6549.74 -0.008913
6552.41 -0.009674
6555.08 -0.006153
6557.75 -0.005886
6560.42 -0.010317
6563.09 -0.009686
6565.76 -0.007325
6568.43 -0.006528
6571.10 -0.006389
6573.77 -0.006464
6576.44 -0.005565
6579.11 -0.006731
6581.78 -0.006670
6584.45 -0.008014
6587.12 -0.008678
6589.79 -0.008730
6592.46 -0.007720
6595.13 -0.007053
6597.80 -0.007655
6600.47 -0.007603
6603.14 -0.006361
6605.81 -0.007156
6608.48 -0.005709
6611.15 -0.006519
6613.82 -0.005542
6616.49 -0.004798
6619.16 -0.006663
6621.83 -0.005641
6624.50 -0.005955
6627.17 -0.005474
6629.84 -0.006381
6632.51 -0.006261
6635.18 -0.005747
6637.85 -0.005613
6640.52 -0.005743
6643.19 -0.005599
6645.86 -0.006509
6648.53 -0.005364
6651.20 -0.005193
6653.87 -0.005574
6656.54 -0.004776
6659.21 -0.003535
6661.88 -0.003910
6664.55 -0.003721
6667.22 -0.004210
6669.89 -0.004079
6672.56 -0.003255
6675.23 -0.002809
6677.90 -0.002427
6680.57 -0.003434
6683.24 -0.003229
6685.91 -0.003008
6688.58 -0.002587
6691.25 -0.001776
6693.92 -0.002786
6696.59 -0.002593
6699.26 -0.002246
6701.93 -0.002660
6704.60 -0.002192
6707.27 -0.002058
6709.94 -0.002859
6712.61 -0.002819
6715.28 -0.002888
6717.95 -0.002960
6720.62 -0.002852
6723.29 -0.002833
6725.96 -0.002817
6728.63 -0.002765
6731.30 -0.002765
6733.97 -0.002738
6736.64 -0.002656
6739.31 -0.002574
6741.98 -0.002548
6744.65 -0.002536
6747.32 -0.002464
6749.99 -0.002430
6752.66 -0.002422
6755.33 -0.002397
6758.00 -0.002419
6760.67 -0.002373
6763.34 -0.002381
6766.01 -0.002346
6768.68 -0.002336
6771.35 -0.002338
6774.02 -0.002369
6776.69 -0.002326
6779.36 -0.002315
6782.03 -0.002318
6784.70 -0.002365
6787.37 -0.002392
6790.04 -0.002354
6792.71 -0.002341
6795.38 -0.002337
6798.05 -0.002288
6800.72 -0.002291
6803.39 -0.002314
6806.06 -0.002326
6808.73 -0.002284
6811.40 -0.002297
6814.07 -0.002301
6816.74 -0.002320
6819.41 -0.002366
6822.08 -0.002291
6824.75 -0.002312
6827.42 -0.002297
6830.09 -0.002331
6832.76 -0.002294
6835.43 -0.002290
6838.10 -0.002295
6840.77 -0.002304
6843.44 -0.002255
6846.11 -0.002246
6848.78 -0.002261
6851.45 -0.002236
6854.12 -0.002251
6856.79 -0.002267
6859.46 -0.002262
6862.13 -0.002212
6864.80 -0.002253
6867.47 -0.002317
6870.14 -0.002263
6872.81 -0.002305
6875.48 -0.002268
6878.15 -0.002277
6880.82 -0.002264
6883.49 -0.002263
6886.16 -0.002287
6888.83 -0.002159
6891.50 -0.002278
6894.17 -0.002268
6896.84 -0.002246
6899.51 -0.002258
6902.18 -0.002257
6904.85 -0.002209
6907.52 -0.002173
6910.19 -0.002307
6912.86 -0.002362
6915.53 -0.002378
6918.20 -0.002366
6920.87 -0.002265
6923.54 -0.002291
6926.21 -0.002251
6928.88 -0.002278
6931.55 -0.002290
6934.22 -0.002282
6936.89 -0.002299
6939.56 -0.002321
6942.23 -0.002228
6944.90 -0.002183
6947.57 -0.002185
6950.24 -0.002310
6952.91 -0.002359
6955.58 -0.002393
6958.25 -0.002351
6960.92 -0.002386
6963.59 -0.002392
6966.26 -0.002375
6968.93 -0.002423
6971.60 -0.002339
6974.27 -0.002415
6976.94 -0.002460
6979.61 -0.002499
6982.28 -0.002593
6984.95 -0.002546
6987.62 -0.002568
6990.29 -0.002502
6992.96 -0.002512
6995.63 -0.002553
6998.30 -0.002548
7000.97 -0.002514
7003.64 -0.002518
7006.31 -0.002525
7008.98 -0.002415
7011.65 -0.002511
7014.32 -0.002501
7016.99 -0.002443
7019.66 -0.002542
7022.33 -0.002487
7025.00 -0.002552
7027.67 -0.002596
7030.34 -0.002552
7033.01 -0.002561
7035.68 -0.002570
7038.35 -0.002618
7041.02 -0.002711
7043.69 -0.002625
7046.36 -0.002575
7049.03 -0.002669
7051.70 -0.002604
7054.37 -0.002516
7057.04 -0.002441
7059.71 -0.002441
7062.38 -0.002567
7065.05 -0.002676
7067.72 -0.002591
7070.39 -0.002533
7073.06 -0.002400
7075.73 -0.002510
7078.40 -0.002562
7081.07 -0.002594
7083.74 -0.002535
7086.41 -0.002406
7089.08 -0.002379
7091.75 -0.002523
7094.42 -0.002508
7097.09 -0.002468
7099.76 -0.002432
7102.43 -0.002454
7105.10 -0.002481
7107.77 -0.002586
7110.44 -0.002567
7113.11 -0.002587
7115.78 -0.002560
7118.45 -0.002633
7121.12 -0.002550
7123.79 -0.002576
7126.46 -0.002585
7129.13 -0.002601
7131.80 -0.002631
7134.47 -0.002584
7137.14 -0.002643
7139.81 -0.002589
7142.48 -0.002554
7145.15 -0.002547
7147.82 -0.002542
7150.49 -0.002546
7153.16 -0.002509
7155.83 -0.002492
7158.50 -0.002566
7161.17 -0.002508
7163.84 -0.002534
7166.51 -0.002457
7169.18 -0.002533
7171.85 -0.002532
7174.52 -0.002577
7177.19 -0.002556
7179.86 -0.002565
7182.53 -0.002600
7185.20 -0.002698
7187.87 -0.002616
7190.54 -0.002563
7193.21 -0.002482
7195.88 -0.002461
7198.55 -0.002611
7201.22 -0.002445
7203.89 -0.002467
7206.56 -0.002448
7209.23 -0.002445
7211.90 -0.002524
7214.57 -0.002530
7217.24 -0.002467
7219.91 -0.002501
7222.58 -0.002482
7225.25 -0.002547
7227.92 -0.002593
7230.59 -0.002500
7233.26 -0.002465
7235.93 -0.002523
7238.60 -0.002556
7241.27 -0.002524
7243.94 -0.002536
7246.61 -0.002478
7249.28 -0.002488
7251.95 -0.002513
7254.62 -0.002496
7257.29 -0.002506
7259.96 -0.002461
7262.63 -0.002431
7265.30 -0.002476
7267.97 -0.002458
7270.64 -0.002479
7273.31 -0.002537
7275.98 -0.002497
7278.65 -0.002440
7281.32 -0.002359
7283.99 -0.002407
7286.66 -0.002530
7289.33 -0.002546
7292.00 -0.002444
7294.67 -0.002464
7297.34 -0.002514
7300.01 -0.002480
7302.68 -0.002477
7305.35 -0.002449
7308.02 -0.002593
7310.69 -0.002483
7313.36 -0.002529
7316.03 -0.002522
7318.70 -0.002617
7321.37 -0.002638
7324.04 -0.002583
7326.71 -0.002594
7329.38 -0.002599
7332.05 -0.002545
7334.72 -0.002575
7337.39 -0.002565
7340.06 -0.002494
7342.73 -0.002525
7345.40 -0.002488
7348.07 -0.002493
7350.74 -0.002482
7353.41 -0.002459
7356.08 -0.002438
7358.75 -0.002565
7361.42 -0.002492
7364.09 -0.002513
7366.76 -0.002536
7369.43 -0.002529
7372.10 -0.002488
7374.77 -0.002534
7377.44 -0.002410
7380.11 -0.002551
7382.78 -0.002570
7385.45 -0.002433
7388.12 -0.002463
7390.79 -0.002461
7393.46 -0.002464
7396.13 -0.002428
7398.80 -0.002439
7401.47 -0.002361
7404.14 -0.002486
7406.81 -0.002459
7409.48 -0.002444
7412.15 -0.002505
7414.82 -0.002303
7417.49 -0.002393
7420.16 -0.002454
7422.83 -0.002538
7425.50 -0.002463
7428.17 -0.002472
7430.84 -0.002331
7433.51 -0.002358
7436.18 -0.002433
7438.85 -0.002373
7441.52 -0.002431
7444.19 -0.002482
7446.86 -0.002430
7449.53 -0.002358
7452.20 -0.002443
7454.87 -0.002456
7457.54 -0.002538
7460.21 -0.002562
7462.88 -0.002506
7465.55 -0.002565
7468.22 -0.002547
7470.89 -0.002540
7473.56 -0.002567
7476.23 -0.002579
7478.90 -0.002538
7481.57 -0.002562
7484.24 -0.002536
7486.91 -0.002532
7489.58 -0.002595
7492.25 -0.002548
7494.92 -0.002530
7497.59 -0.002517
