2486.00 0.032949
2488.67 0.022556
2491.34 0.039097
2494.01 0.022484
2496.68 0.057518
2499.35 -0.026743
2502.02 0.023500
2504.69 -0.005939
2507.36 0.070781
2510.03 0.023440
2512.70 0.003260
2515.37 0.013994
2518.04 -0.025913
2520.71 -0.009312
2523.38 -0.001455
2526.05 0.003542
2528.72 0.001442
2531.39 -0.102451
2534.06 -0.125738
2536.73 -0.052450
2539.40 -0.033418
2542.07 -0.118457
2544.74 -0.055807
2547.41 -0.012311
2550.08 -0.065524
2552.75 0.035171
2555.42 0.014112
2558.09 0.031389
2560.76 0.049605
2563.43 -0.048319
2566.10 -0.034443
2568.77 0.034956
2571.44 0.065310
2574.11 0.047577
2576.78 -0.063801
2579.45 0.056427
2582.12 0.008595
2584.79 0.040014
2587.46 0.051333
2590.13 0.014825
2592.80 0.064172
2595.47 -0.074423
2598.14 -0.018052
2600.81 0.050222
2603.48 -0.030245
2606.15 -0.013589
2608.82 -0.012885
2611.49 0.020679
2614.16 -0.186312
2616.83 -0.025959
2619.50 -0.072329
2622.17 0.002333
2624.84 -0.003146
2627.51 -0.070714
2630.18 0.009100
2632.85 -0.017612
2635.52 -0.022995
2638.19 0.053657
2640.86 0.023292
2643.53 0.052438
2646.20 0.058739
2648.87 -0.005181
2651.54 0.044136
2654.21 0.004106
2656.88 -0.025909
2659.55 -0.006391
2662.22 -0.037615
2664.89 -0.032897
2667.56 0.052293
2670.23 -0.016010
2672.90 -0.054503
2675.57 0.048259
2678.24 0.047521
2680.91 0.056343
2683.58 -0.025417
2686.25 -0.016730
2688.92 0.008795
2691.59 0.006858
2694.26 0.041614
2696.93 0.030853
2699.60 0.063408
2702.27 0.004937
2704.94 -0.021914
2707.61 -0.028636
2710.28 0.006628
2712.95 0.004444
2715.62 0.069274
2718.29 0.080685
2720.96 0.023585
2723.63 0.037981
2726.30 0.040991
2728.97 0.054039
2731.64 0.051498
2734.31 -0.028018
2736.98 -0.089360
2739.65 -0.029505
2742.32 -0.013149
2744.99 0.095565
2747.66 0.052090
2750.33 -0.019886
2753.00 -0.004381
2755.67 0.061471
2758.34 -0.094564
2761.01 0.000062
2763.68 -0.001666
2766.35 0.015706
2769.02 -0.093021
2771.69 -0.009435
2774.36 -0.045852
2777.03 0.065851
2779.70 0.017350
2782.37 0.024559
2785.04 0.043146
2787.71 -0.049505
2790.38 -0.043612
2793.05 -0.020141
2795.72 0.053817
2798.39 0.010953
2801.06 -0.033354
2803.73 0.022312
2806.40 -0.015637
2809.07 0.031758
2811.74 0.011736
2814.41 0.046111
2817.08 -0.015525
2819.75 -0.106908
2822.42 -0.011207
2825.09 -0.027351
2827.76 -0.000628
2830.43 -0.038822
2833.10 -0.075627
2835.77 0.013015
2838.44 -0.018870
2841.11 0.015935
2843.78 0.080890
2846.45 0.001028
2849.12 0.039220
2851.79 -0.012216
2854.46 0.005988
2857.13 0.019424
2859.80 0.014068
2862.47 -0.006201
2865.14 -0.001614
2867.81 -0.032105
2870.48 0.037046
2873.15 0.019821
2875.82 0.015014
2878.49 0.015080
2881.16 -0.013421
2883.83 0.067697
2886.50 0.028606
2889.17 0.059909
2891.84 -0.012777
2894.51 0.020172
2897.18 -0.015595
2899.85 -0.061421
2902.52 -0.037210
2905.19 0.031182
2907.86 -0.028082
2910.53 -0.001010
2913.20 -0.006680
2915.87 -0.033878
2918.54 -0.016352
2921.21 -0.006695
2923.88 -0.024456
2926.55 -0.011400
2929.22 0.016792
2931.89 -0.011161
2934.56 0.033848
2937.23 -0.031392
2939.90 0.023821
2942.57 -0.075489
2945.24 -0.000321
2947.91 0.018842
2950.58 0.048354
2953.25 0.019114
2955.92 -0.007418
2958.59 -0.022430
2961.26 -0.008645
2963.93 -0.031538
2966.60 -0.012692
2969.27 -0.000683
2971.94 0.055342
2974.61 -0.059844
2977.28 0.033823
2979.95 -0.033396
2982.62 0.013394
2985.29 -0.004997
2987.96 -0.040009
2990.63 0.011012
2993.30 -0.006277
2995.97 0.013074
2998.64 -0.045703
3001.31 0.038423
3003.98 -0.006291
3006.65 -0.027162
3009.32 -0.014687
3011.99 0.011141
3014.66 -0.029781
3017.33 -0.020422
3020.00 -0.039340
3022.67 0.011186
3025.34 0.025151
3028.01 -0.022225
3030.68 0.042132
3033.35 -0.066174
3036.02 0.014855
3038.69 0.041696
3041.36 0.007276
3044.03 -0.010738
3046.70 -0.000123
3049.37 -0.024250
3052.04 0.021257
3054.71 -0.022276
3057.38 0.011856
3060.05 0.016814
3062.72 -0.017153
3065.39 -0.024957
3068.06 0.004249
3070.73 0.015950
3073.40 -0.018748
3076.07 -0.012799
3078.74 0.037685
3081.41 -0.048446
3084.08 -0.007418
3086.75 0.014248
3089.42 -0.007726
3092.09 0.013493
3094.76 -0.019880
3097.43 -0.025270
3100.10 -0.001928
3102.77 0.004541
3105.44 0.045214
3108.11 0.011255
3110.78 0.028480
3113.45 0.012618
3116.12 -0.007926
3118.79 -0.032459
3121.46 -0.009199
3124.13 -0.048106
3126.80 -0.021142
3129.47 0.008267
3132.14 0.000808
3134.81 -0.006847
3137.48 0.001347
3140.15 0.005176
3142.82 0.005612
3145.49 0.018459
3148.16 0.039793
3150.83 -0.009460
3153.50 -0.027028
3156.17 -0.047158
3158.84 0.048755
3161.51 0.009817
3164.18 -0.020409
3166.85 -0.000586
3169.52 0.026973
3172.19 -0.034335
3174.86 -0.037021
3177.53 0.029773
3180.20 -0.023511
3182.87 -0.022039
3185.54 -0.021738
3188.21 -0.015877
3190.88 0.009532
3193.55 0.002070
3196.22 0.018809
3198.89 0.047960
3201.56 0.050963
3204.23 -0.018538
3206.90 -0.053677
3209.57 0.002065
3212.24 0.021426
3214.91 0.010853
3217.58 -0.002796
3220.25 0.005066
3222.92 0.042680
3225.59 -0.077707
3228.26 -0.029150
3230.93 -0.013111
3233.60 0.017480
3236.27 0.012337
3238.94 0.027565
3241.61 0.012222
3244.28 -0.005271
3246.95 0.028317
3249.62 -0.031015
3252.29 -0.003501
3254.96 -0.027362
3257.63 0.025468
3260.30 0.005119
3262.97 0.060518
3265.64 0.013395
3268.31 -0.008210
3270.98 0.005319
3273.65 0.010119
3276.32 0.014630
3278.99 -0.033020
3281.66 -0.011232
3284.33 0.026854
3287.00 -0.024365
3289.67 0.062596
3292.34 0.016663
3295.01 0.011576
3297.68 0.003477
3300.35 0.021587
3303.02 0.048895
3305.69 -0.009505
3308.36 0.010256
3311.03 0.048003
3313.70 0.015451
3316.37 0.014361
3319.04 0.032837
3321.71 -0.000803
3324.38 0.019522
3327.05 0.000798
3329.72 0.009066
3332.39 0.006489
3335.06 0.016117
3337.73 0.026061
3340.40 -0.019363
3343.07 0.021458
3345.74 -0.025166
3348.41 -0.010414
3351.08 0.008586
3353.75 -0.007333
3356.42 0.000554
3359.09 0.025833
3361.76 0.004720
3364.43 0.025435
3367.10 0.022467
3369.77 0.021207
3372.44 -0.011308
3375.11 0.018878
3377.78 0.007739
3380.45 0.024756
3383.12 0.037858
3385.79 0.009224
3388.46 -0.008295
3391.13 0.042806
3393.80 0.019397
3396.47 0.015539
3399.14 -0.024394
3401.81 0.045021
3404.48 -0.030941
3407.15 -0.050300
3409.82 0.007009
3412.49 -0.062814
3415.16 -0.051139
3417.83 -0.027803
3420.50 -0.027494
3423.17 -0.033847
3425.84 -0.073453
3428.51 -0.034270
3431.18 -0.032046
3433.85 0.001594
3436.52 -0.000406
3439.19 -0.011796
3441.86 -0.001308
3444.53 -0.011490
3447.20 -0.004927
3449.87 0.033806
3452.54 0.030644
3455.21 0.022712
3457.88 0.016283
3460.55 0.018220
3463.22 0.021097
3465.89 0.000437
3468.56 0.005632
3471.23 0.003204
3473.90 -0.009726
3476.57 0.025413
3479.24 -0.009276
3481.91 -0.003465
3484.58 -0.005295
3487.25 0.017515
3489.92 0.005181
3492.59 -0.027759
3495.26 0.007238
3497.93 0.009199
3500.60 0.036173
3503.27 0.015792
3505.94 0.002440
3508.61 -0.019844
3511.28 -0.011881
3513.95 0.005487
3516.62 0.025987
3519.29 -0.006243
3521.96 0.005380
3524.63 0.012313
3527.30 0.011771
3529.97 -0.007470
3532.64 -0.022664
3535.31 -0.043066
3537.98 0.011560
3540.65 -0.016866
3543.32 0.020385
3545.99 0.003331
3548.66 -0.011328
3551.33 -0.032571
3554.00 -0.012553
3556.67 -0.001142
3559.34 0.000859
3562.01 0.050926
3564.68 0.016115
3567.35 0.017179
3570.02 0.014811
3572.69 -0.033127
3575.36 -0.003611
3578.03 0.016387
3580.70 -0.006947
3583.37 -0.031171
3586.04 -0.000240
3588.71 0.002935
3591.38 -0.029948
3594.05 0.020154
3596.72 0.010360
3599.39 -0.002179
3602.06 0.006343
3604.73 0.035833
3607.40 -0.001965
3610.07 -0.000625
3612.74 0.001346
3615.41 0.029931
3618.08 0.001715
3620.75 0.004624
3623.42 -0.013960
3626.09 -0.019350
3628.76 -0.021593
3631.43 -0.003635
3634.10 0.028082
3636.77 0.031244
3639.44 -0.004391
3642.11 0.021041
3644.78 0.000859
3647.45 -0.030085
3650.12 -0.003533
3652.79 0.003927
3655.46 0.035524
3658.13 -0.029049
3660.80 -0.033817
3663.47 -0.038885
3666.14 0.020575
3668.81 -0.042375
3671.48 0.004553
3674.15 -0.004758
3676.82 -0.019010
3679.49 0.018440
3682.16 -0.009223
3684.83 0.032039
3687.50 -0.015655
3690.17 -0.014673
3692.84 -0.003802
3695.51 0.018283
3698.18 -0.007507
3700.85 -0.008646
3703.52 0.022448
3706.19 0.007833
3708.86 -0.014988
3711.53 -0.032709
3714.20 -0.037215
3716.87 0.039085
3719.54 -0.010613
3722.21 0.019912
3724.88 -0.031607
3727.55 0.062900
3730.22 0.046945
3732.89 0.036540
3735.56 -0.025888
3738.23 -0.008870
3740.90 -0.008251
3743.57 0.008827
3746.24 -0.001397
3748.91 0.003520
3751.58 0.025392
3754.25 0.013118
3756.92 -0.053767
3759.59 -0.057616
3762.26 0.013770
3764.93 -0.016324
3767.60 0.023436
3770.27 0.007085
3772.94 -0.038747
3775.61 0.029809
3778.28 -0.009815
3780.95 -0.000930
3783.62 -0.042115
3786.29 -0.055133
3788.96 -0.003520
3791.63 -0.014466
3794.30 -0.016941
3796.97 -0.000928
3799.64 0.035954
3802.31 0.001915
3804.98 -0.029154
3807.65 -0.038109
3810.32 0.004415
3812.99 -0.011870
3815.66 -0.019242
3818.33 0.006371
3821.00 -0.034563
3823.67 0.014111
3826.34 0.001185
3829.01 0.015859
3831.68 -0.003629
3834.35 -0.026390
3837.02 -0.024167
3839.69 0.000961
3842.36 -0.005727
3845.03 -0.032002
3847.70 0.023819
3850.37 -0.011319
3853.04 -0.019938
3855.71 0.012372
3858.38 -0.002065
3861.05 -0.034328
3863.72 -0.034200
3866.39 -0.007617
3869.06 -0.011181
3871.73 -0.034192
3874.40 -0.045565
3877.07 0.000021
3879.74 -0.002654
3882.41 -0.024433
3885.08 -0.026797
3887.75 -0.012567
3890.42 0.025900
3893.09 0.014378
3895.76 -0.012748
3898.43 0.025171
3901.10 -0.005383
3903.77 0.010862
3906.44 0.005868
3909.11 -0.017042
3911.78 0.008015
3914.45 0.005376
3917.12 0.015292
3919.79 -0.024130
3922.46 -0.017279
3925.13 0.012795
3927.80 -0.010933
3930.47 0.030839
3933.14 0.010446
3935.81 0.020288
3938.48 -0.010962
3941.15 0.005125
3943.82 0.003533
3946.49 0.002701
3949.16 0.011021
3951.83 0.025324
3954.50 0.025808
3957.17 0.026247
3959.84 -0.031215
3962.51 -0.009595
3965.18 0.003489
3967.85 -0.001817
3970.52 -0.017680
3973.19 0.015643
3975.86 0.000997
3978.53 0.012517
3981.20 0.008906
3983.87 -0.007226
3986.54 -0.009448
3989.21 -0.017691
3991.88 -0.009704
3994.55 0.007004
3997.22 -0.016146
3999.89 0.010393
4002.56 0.014271
4005.23 -0.006305
4007.90 0.011997
4010.57 0.011732
4013.24 0.028662
4015.91 0.001815
4018.58 0.024426
4021.25 0.002597
4023.92 -0.028168
4026.59 -0.003899
4029.26 0.027341
4031.93 0.020979
4034.60 -0.001885
4037.27 0.018049
4039.94 -0.010282
4042.61 0.031825
4045.28 0.018723
4047.95 0.009409
4050.62 -0.023815
4053.29 -0.019166
4055.96 -0.013435
4058.63 -0.000838
4061.30 0.003723
4063.97 -0.011351
4066.64 -0.001881
4069.31 -0.036419
4071.98 0.000126
4074.65 0.013465
4077.32 -0.002781
4079.99 -0.031488
4082.66 0.000222
4085.33 0.014896
4088.00 -0.000075
4090.67 0.017209
4093.34 -0.012684
4096.01 -0.009940
4098.68 0.001686
4101.35 0.002498
4104.02 0.004686
4106.69 -0.023849
4109.36 -0.025885
4112.03 -0.000422
4114.70 -0.015175
4117.37 0.015967
4120.04 -0.000725
4122.71 0.003512
4125.38 0.000496
4128.05 -0.008960
4130.72 0.019948
4133.39 0.012139
4136.06 -0.010113
4138.73 -0.005382
4141.40 -0.005411
4144.07 -0.002052
4146.74 -0.007787
4149.41 -0.015401
4152.08 0.038768
4154.75 0.024735
4157.42 0.019525
4160.09 -0.005401
4162.76 0.019261
4165.43 -0.008750
4168.10 -0.007677
4170.77 -0.022063
4173.44 -0.007805
4176.11 -0.020051
4178.78 0.028070
4181.45 0.022064
4184.12 0.016310
4186.79 -0.013584
4189.46 0.002761
4192.13 0.003900
4194.80 -0.021881
4197.47 0.001884
4200.14 -0.012508
4202.81 0.006827
4205.48 -0.016808
4208.15 0.006612
4210.82 0.018919
4213.49 -0.000830
4216.16 0.000402
4218.83 -0.023769
4221.50 0.004192
4224.17 -0.010098
4226.84 0.005739
4229.51 -0.019167
4232.18 -0.029521
4234.85 -0.011634
4237.52 -0.001724
4240.19 -0.010266
4242.86 -0.025651
4245.53 0.004169
4248.20 0.004856
4250.87 -0.006273
4253.54 -0.006142
4256.21 0.008863
4258.88 -0.007658
4261.55 -0.018416
4264.22 0.008674
4266.89 0.020290
4269.56 -0.003234
4272.23 0.016393
4274.90 0.022828
4277.57 0.003013
4280.24 0.023269
4282.91 0.013883
4285.58 0.009929
4288.25 0.039362
4290.92 0.028516
4293.59 0.007201
4296.26 0.027020
4298.93 0.007894
4301.60 0.001684
4304.27 -0.012302
4306.94 0.009995
4309.61 0.008466
4312.28 0.026024
4314.95 0.029815
4317.62 -0.009206
4320.29 0.026307
4322.96 0.022852
4325.63 -0.008726
4328.30 0.012727
4330.97 -0.007625
4333.64 0.000762
4336.31 -0.007146
4338.98 -0.013812
4341.65 -0.013879
4344.32 0.026719
4346.99 0.003132
4349.66 -0.022302
4352.33 -0.005078
4355.00 0.004986
4357.67 -0.012269
4360.34 -0.006347
4363.01 -0.047864
4365.68 0.014167
4368.35 0.005917
4371.02 0.008001
4373.69 0.005654
4376.36 0.007722
4379.03 0.030244
4381.70 0.002489
4384.37 0.002386
4387.04 -0.014414
4389.71 -0.011642
4392.38 0.014175
4395.05 0.001283
4397.72 -0.005705
4400.39 0.009066
4403.06 -0.005163
4405.73 -0.005212
4408.40 0.001306
4411.07 -0.010464
4413.74 -0.004267
4416.41 -0.017203
4419.08 -0.018208
4421.75 -0.015502
4424.42 -0.014996
4427.09 -0.016528
4429.76 -0.001019
4432.43 0.023488
4435.10 0.008604
4437.77 -0.043373
4440.44 -0.017835
4443.11 -0.005001
4445.78 -0.033885
4448.45 -0.022286
4451.12 -0.012093
4453.79 -0.021824
4456.46 -0.016019
4459.13 -0.016235
4461.80 -0.008483
4464.47 -0.004217
4467.14 -0.020127
4469.81 0.007499
4472.48 0.002577
4475.15 -0.027952
4477.82 -0.020651
4480.49 -0.001415
4483.16 0.016696
4485.83 -0.024642
4488.50 -0.013648
4491.17 -0.021691
4493.84 -0.024091
4496.51 -0.022616
4499.18 -0.013136
4501.85 -0.012127
4504.52 -0.004882
4507.19 -0.007694
4509.86 -0.013245
4512.53 -0.011111
4515.20 0.004070
4517.87 -0.007396
4520.54 0.006569
4523.21 -0.009115
4525.88 -0.012455
4528.55 -0.001997
4531.22 -0.016682
4533.89 0.020255
4536.56 -0.034633
4539.23 0.002099
4541.90 -0.011196
4544.57 0.020324
4547.24 0.028188
4549.91 0.026353
4552.58 -0.005858
4555.25 0.008246
4557.92 0.010408
4560.59 0.004024
4563.26 0.007286
4565.93 -0.001485
4568.60 0.004105
4571.27 0.002303
4573.94 -0.015058
4576.61 0.027164
4579.28 0.004828
4581.95 -0.006313
4584.62 -0.004984
4587.29 0.014925
4589.96 -0.000324
4592.63 -0.001827
4595.30 0.011068
4597.97 0.000822
4600.64 -0.004289
4603.31 0.006736
4605.98 -0.008419
4608.65 0.020726
4611.32 0.027205
4613.99 0.000535
4616.66 -0.017313
4619.33 0.007653
4622.00 0.018580
4624.67 0.003801
4627.34 -0.003402
4630.01 0.010718
4632.68 0.004508
4635.35 0.008671
4638.02 0.014796
4640.69 0.010112
4643.36 0.010342
4646.03 0.018029
4648.70 0.026397
4651.37 -0.007331
4654.04 0.002649
4656.71 0.011305
4659.38 0.008798
4662.05 0.012877
4664.72 0.003189
4667.39 -0.004700
4670.06 -0.032068
4672.73 0.006866
4675.40 -0.020293
4678.07 0.001869
4680.74 0.003313
4683.41 0.011709
4686.08 -0.020281
4688.75 -0.010398
4691.42 0.014592
4694.09 -0.008857
4696.76 -0.018981
4699.43 -0.013093
4702.10 -0.024017
4704.77 -0.007960
4707.44 -0.007036
4710.11 0.010996
4712.78 0.003688
4715.45 0.007754
4718.12 -0.027894
4720.79 -0.010304
4723.46 -0.013666
4726.13 -0.016629
4728.80 -0.008821
4731.47 -0.017509
4734.14 -0.014478
4736.81 -0.010258
4739.48 -0.024809
4742.15 -0.035159
4744.82 -0.011262
4747.49 -0.010440
4750.16 -0.029997
4752.83 -0.019411
4755.50 -0.026863
4758.17 -0.003982
4760.84 -0.037677
4763.51 -0.022910
4766.18 -0.004659
4768.85 -0.011108
4771.52 -0.001828
4774.19 -0.018585
4776.86 -0.022565
4779.53 -0.030973
4782.20 0.006524
4784.87 -0.005415
4787.54 0.007043
4790.21 0.014022
4792.88 0.026088
4795.55 0.042157
4798.22 -0.006695
4800.89 0.017616
4803.56 -0.002252
4806.23 0.009849
4808.90 0.012885
4811.57 0.010900
4814.24 -0.013994
4816.91 -0.018823
4819.58 -0.001040
4822.25 -0.024161
4824.92 0.011336
4827.59 -0.008630
4830.26 0.014537
4832.93 0.031988
4835.60 0.022969
4838.27 0.012160
4840.94 0.053425
4843.61 0.045930
4846.28 0.046661
4848.95 0.012415
4851.62 0.004661
4854.29 0.040529
4856.96 -0.030516
4859.63 -0.022429
4862.30 -0.021356
4864.97 -0.050056
4867.64 -0.052659
4870.31 -0.033837
4872.98 -0.006340
4875.65 0.010002
4878.32 0.032266
4880.99 0.014598
4883.66 0.025702
4886.33 -0.028801
4889.00 0.011825
4891.67 0.010946
4894.34 -0.001330
4897.01 -0.006884
4899.68 0.014466
4902.35 0.007696
4905.02 0.002622
4907.69 0.008782
4910.36 0.044667
4913.03 0.027885
4915.70 -0.001341
4918.37 0.007591
4921.04 0.005468
4923.71 -0.008095
4926.38 0.004064
4929.05 0.024897
4931.72 -0.015087
4934.39 0.027167
4937.06 0.018281
4939.73 0.007884
4942.40 -0.011069
4945.07 0.012484
4947.74 0.006214
4950.41 -0.049417
4953.08 0.012394
4955.75 -0.008586
4958.42 -0.047553
4961.09 0.024894
4963.76 0.000666
4966.43 -0.020059
4969.10 -0.045487
4971.77 -0.005713
4974.44 0.000991
4977.11 -0.031119
4979.78 0.004630
4982.45 -0.042126
4985.12 -0.031318
4987.79 -0.026034
4990.46 -0.005484
4993.13 -0.024051
4995.80 0.004135
4998.47 -0.013246
5001.14 0.037494
5003.81 0.012884
5006.48 0.004174
5009.15 0.074274
5011.82 0.006977
5014.49 -0.017258
5017.16 -0.022550
5019.83 -0.013469
5022.50 0.014761
5025.17 0.010483
5027.84 0.033409
5030.51 -0.025302
5033.18 0.017103
5035.85 -0.011747
5038.52 0.012451
5041.19 0.002767
5043.86 -0.012194
5046.53 -0.061364
5049.20 0.008819
5051.87 -0.004308
5054.54 -0.005460
5057.21 0.010637
5059.88 0.007054
5062.55 -0.009648
5065.22 0.012497
5067.89 -0.013011
5070.56 0.003602
5073.23 -0.020545
5075.90 -0.004464
5078.57 -0.002222
5081.24 0.010464
5083.91 0.016741
5086.58 -0.012610
5089.25 -0.018114
5091.92 -0.003166
5094.59 0.020499
5097.26 0.023190
5099.93 0.009434
5102.60 0.022957
5105.27 0.004225
5107.94 0.002303
5110.61 -0.017021
5113.28 0.002645
5115.95 0.017647
5118.62 0.001011
5121.29 -0.007810
5123.96 0.023676
5126.63 0.043145
5129.30 0.009583
5131.97 -0.012357
5134.64 -0.017609
5137.31 -0.025908
5139.98 -0.023988
5142.65 -0.044214
5145.32 -0.010660
5147.99 0.022775
5150.66 -0.040091
5153.33 0.011607
5156.00 0.015946
5158.67 -0.001263
5161.34 0.005957
5164.01 -0.031995
5166.68 -0.014051
5169.35 -0.038907
5172.02 0.004427
5174.69 -0.014776
5177.36 -0.019007
5180.03 0.016604
5182.70 -0.008185
5185.37 0.002798
5188.04 0.016539
5190.71 0.011151
5193.38 0.019075
5196.05 0.018706
5198.72 0.039450
5201.39 0.033611
5204.06 -0.001720
5206.73 -0.016411
5209.40 -0.000143
5212.07 -0.008010
5214.74 -0.004571
5217.41 0.054821
5220.08 0.040888
5222.75 -0.000646
5225.42 0.000230
5228.09 -0.005719
5230.76 0.014266
5233.43 -0.005113
5236.10 -0.005064
5238.77 -0.034048
5241.44 0.010337
5244.11 -0.003659
5246.78 -0.004338
5249.45 0.019698
5252.12 0.014281
5254.79 -0.009174
5257.46 -0.001214
5260.13 0.031587
5262.80 0.021064
5265.47 0.021707
5268.14 0.023316
5270.81 0.008472
5273.48 -0.032270
5276.15 -0.009115
5278.82 -0.003038
5281.49 0.023823
5284.16 -0.002572
5286.83 0.008505
5289.50 0.021455
5292.17 0.004424
5294.84 0.022974
5297.51 0.003476
5300.18 0.016984
5302.85 0.038274
5305.52 0.022535
5308.19 0.016321
5310.86 -0.013268
5313.53 0.019848
5316.20 -0.019358
5318.87 0.000004
5321.54 -0.006612
5324.21 0.025045
5326.88 0.020167
5329.55 0.006942
5332.22 0.019439
5334.89 0.019691
5337.56 -0.000358
5340.23 -0.006770
5342.90 -0.003782
5345.57 -0.000451
5348.24 -0.005044
5350.91 0.018136
5353.58 0.005786
5356.25 0.000255
5358.92 0.007397
5361.59 0.026825
5364.26 0.003874
5366.93 0.017520
5369.60 0.018706
5372.27 0.018474
5374.94 -0.008469
5377.61 0.009224
5380.28 -0.012549
5382.95 -0.018063
5385.62 0.009879
5388.29 -0.021827
5390.96 0.016844
5393.63 -0.009402
5396.30 0.001910
5398.97 0.016497
5401.64 -0.000343
5404.31 -0.000519
5406.98 0.006879
5409.65 0.002862
5412.32 0.002207
5414.99 -0.014982
5417.66 0.028941
5420.33 0.016749
5423.00 0.038871
5425.67 -0.007597
5428.34 -0.000930
5431.01 0.003179
5433.68 0.001578
5436.35 -0.001980
5439.02 0.000630
5441.69 0.000927
5444.36 0.008427
5447.03 -0.025609
5449.70 -0.003359
5452.37 -0.008402
5455.04 0.001881
5457.71 0.001167
5460.38 0.004129
5463.05 -0.015610
5465.72 -0.003410
5468.39 -0.018054
5471.06 -0.027272
5473.73 0.007815
5476.40 0.018747
5479.07 -0.000914
5481.74 0.012159
5484.41 -0.018616
5487.08 0.008975
5489.75 0.010273
5492.42 0.003534
5495.09 -0.005927
5497.76 -0.037754
5500.43 0.000899
5503.10 0.023108
5505.77 0.003751
5508.44 0.031879
5511.11 0.019366
5513.78 0.012672
5516.45 0.043152
5519.12 -0.014241
5521.79 -0.008254
5524.46 0.014568
5527.13 0.017220
5529.80 -0.032376
5532.47 -0.034679
5535.14 0.004053
5537.81 0.008798
5540.48 0.012314
5543.15 0.014041
5545.82 0.009635
5548.49 0.019184
5551.16 0.006232
5553.83 -0.001873
5556.50 0.002201
5559.17 -0.009368
5561.84 -0.028476
5564.51 0.009997
5567.18 0.028419
5569.85 0.019526
5572.52 0.020016
5575.19 0.015445
5577.86 0.040449
5580.53 0.022745
5583.20 0.026026
5585.87 0.009508
5588.54 0.024348
5591.21 0.039623
5593.88 0.048860
5596.55 0.027516
5599.22 0.017764
5601.89 0.000423
5604.56 -0.004381
5607.23 0.025811
5609.90 0.010858
5612.57 0.004919
5615.24 0.022089
5617.91 -0.026875
5620.58 0.031325
5623.25 -0.008363
5625.92 -0.019638
5628.59 -0.004467
5631.26 -0.036414
5633.93 -0.014220
5636.60 0.021936
5639.27 -0.015972
5641.94 0.010345
5644.61 0.036011
5647.28 0.018822
5649.95 -0.001034
5652.62 -0.009718
5655.29 -0.013621
5657.96 -0.029969
5660.63 0.021413
5663.30 0.038260
5665.97 -0.027324
5668.64 0.003218
5671.31 0.029522
5673.98 0.030608
5676.65 -0.001189
5679.32 -0.003421
5681.99 -0.022041
5684.66 -0.010672
5687.33 -0.002896
5690.00 -0.011829
5692.67 0.000691
5695.34 -0.003261
5698.01 -0.002953
5700.68 -0.049641
5703.35 -0.017021
5706.02 -0.027836
5708.69 0.006459
5711.36 -0.052908
5714.03 -0.021287
5716.70 -0.016883
5719.37 0.016382
5722.04 -0.022128
5724.71 -0.029681
5727.38 -0.036035
5730.05 -0.040727
5732.72 -0.027437
5735.39 -0.021168
5738.06 -0.001208
5740.73 0.042912
5743.40 -0.015879
5746.07 -0.021936
5748.74 0.005102
5751.41 0.012941
5754.08 -0.011048
5756.75 -0.024507
5759.42 -0.002932
5762.09 0.015562
5764.76 -0.008677
5767.43 0.041731
5770.10 0.031398
5772.77 -0.010030
5775.44 0.002139
5778.11 -0.015530
5780.78 0.038364
5783.45 0.022990
5786.12 0.059693
5788.79 0.011215
5791.46 -0.015922
5794.13 -0.013788
5796.80 -0.011537
5799.47 0.020533
5802.14 0.033396
5804.81 0.039812
5807.48 -0.020351
5810.15 0.078974
5812.82 -0.007699
5815.49 -0.035207
5818.16 0.024590
5820.83 0.032685
5823.50 0.023781
5826.17 0.025615
5828.84 -0.006655
5831.51 -0.047073
5834.18 -0.010934
5836.85 -0.023811
5839.52 -0.045086
5842.19 -0.007170
5844.86 -0.009330
5847.53 0.019790
5850.20 -0.048465
5852.87 -0.034161
5855.54 -0.017997
5858.21 -0.018037
5860.88 -0.054293
5863.55 -0.011626
5866.22 -0.036142
5868.89 -0.049079
5871.56 -0.016408
5874.23 -0.039023
5876.90 -0.016181
5879.57 0.007505
5882.24 -0.060113
5884.91 -0.069609
5887.58 -0.023497
5890.25 -0.007442
5892.92 -0.013007
5895.59 0.014258
5898.26 -0.030670
5900.93 -0.028088
5903.60 0.012890
5906.27 -0.018126
5908.94 -0.008041
5911.61 -0.033813
5914.28 -0.006570
5916.95 -0.005575
5919.62 0.061568
5922.29 0.001777
5924.96 0.003680
5927.63 -0.011859
5930.30 -0.027547
5932.97 -0.023762
5935.64 0.012715
5938.31 -0.040606
5940.98 -0.040488
5943.65 -0.035295
5946.32 0.041154
5948.99 0.028723
5951.66 0.027338
5954.33 0.040093
5957.00 0.009369
5959.67 0.073076
5962.34 0.016817
5965.01 0.021292
5967.68 0.030262
5970.35 -0.007795
5973.02 -0.022055
5975.69 0.001671
5978.36 0.020581
5981.03 -0.010629
5983.70 0.049576
5986.37 -0.003238
5989.04 0.029290
5991.71 -0.058582
5994.38 -0.039198
5997.05 -0.023235
5999.72 0.027274
6002.39 -0.006642
6005.06 -0.011282
6007.73 -0.018883
6010.40 0.017465
6013.07 -0.021931
6015.74 -0.041236
6018.41 -0.029878
6021.08 0.023212
6023.75 0.021182
6026.42 0.055510
6029.09 0.022510
6031.76 0.028483
6034.43 0.055265
6037.10 0.022921
6039.77 0.052332
6042.44 0.036172
6045.11 0.031605
6047.78 0.002721
6050.45 0.002266
6053.12 0.018397
6055.79 0.072882
6058.46 -0.023276
6061.13 -0.022773
6063.80 -0.052545
6066.47 -0.046504
6069.14 -0.009312
6071.81 -0.008232
6074.48 -0.011600
6077.15 -0.059995
6079.82 0.007193
6082.49 -0.036751
6085.16 -0.002757
6087.83 -0.003254
6090.50 0.010311
6093.17 -0.031179
6095.84 -0.029182
6098.51 0.049564
6101.18 -0.048579
6103.85 -0.009266
6106.52 0.007719
6109.19 -0.028343
6111.86 -0.019828
6114.53 0.036724
6117.20 -0.009026
6119.87 0.045812
6122.54 0.010352
6125.21 0.054524
6127.88 0.008964
6130.55 -0.032623
6133.22 -0.001545
6135.89 0.007928
6138.56 0.019598
6141.23 -0.018690
6143.90 -0.037373
6146.57 -0.035658
6149.24 0.001785
6151.91 0.006450
6154.58 0.020767
6157.25 0.040983
6159.92 -0.009232
6162.59 -0.021440
6165.26 0.022994
6167.93 0.040876
6170.60 0.028058
6173.27 0.007168
6175.94 -0.028126
6178.61 -0.037791
6181.28 0.007854
6183.95 0.034430
6186.62 0.004123
6189.29 -0.009165
6191.96 0.026986
6194.63 0.055001
6197.30 -0.006091
6199.97 0.002299
6202.64 0.015611
6205.31 0.053358
6207.98 -0.008203
6210.65 0.000292
6213.32 -0.062196
6215.99 0.048736
6218.66 0.037329
6221.33 0.034507
6224.00 -0.006821
6226.67 0.001191
6229.34 -0.054269
6232.01 0.049203
6234.68 0.036235
6237.35 -0.012777
6240.02 0.010853
6242.69 0.025157
6245.36 0.011645
6248.03 0.025063
6250.70 0.017894
6253.37 0.004948
6256.04 0.036539
6258.71 -0.018306
6261.38 0.023047
6264.05 0.019110
6266.72 0.014940
6269.39 0.011482
6272.06 0.004102
6274.73 0.011464
6277.40 0.008112
6280.07 0.004917
6282.74 0.019664
6285.41 -0.001268
6288.08 -0.027918
6290.75 -0.014168
6293.42 0.010306
6296.09 0.019409
6298.76 -0.014493
6301.43 0.009433
6304.10 -0.001879
6306.77 -0.013769
6309.44 -0.002997
6312.11 -0.001870
6314.78 0.023033
6317.45 0.014137
6320.12 0.023780
6322.79 0.004398
6325.46 0.001564
6328.13 0.004336
6330.80 0.019436
6333.47 0.013080
6336.14 0.016259
6338.81 0.017780
6341.48 0.013998
6344.15 -0.006665
6346.82 0.013239
6349.49 0.011929
6352.16 -0.004370
6354.83 0.007296
6357.50 0.016196
6360.17 0.012465
6362.84 0.010069
6365.51 0.005410
6368.18 -0.014320
6370.85 -0.014918
6373.52 -0.007232
6376.19 0.011592
6378.86 -0.000057
6381.53 -0.007056
6384.20 -0.007226
6386.87 0.003558
6389.54 0.001655
6392.21 -0.031467
6394.88 -0.003766
6397.55 -0.000210
6400.22 0.003750
6402.89 -0.009175
6405.56 -0.011944
6408.23 -0.003760
6410.90 -0.008730
6413.57 0.001472
6416.24 -0.015090
6418.91 -0.009959
6421.58 0.007759
6424.25 -0.015194
6426.92 -0.011326
6429.59 -0.009907
6432.26 -0.008157
6434.93 -0.005889
6437.60 -0.003109
6440.27 -0.003481
6442.94 -0.008887
6445.61 0.000002
6448.28 -0.010583
6450.95 -0.005975
6453.62 -0.011485
6456.29 0.005411
6458.96 -0.001261
6461.63 -0.009117
6464.30 -0.007988
6466.97 -0.010269
6469.64 0.002060
6472.31 -0.002076
6474.98 -0.007193
6477.65 -0.002099
6480.32 -0.004262
6482.99 -0.007652
6485.66 -0.007022
6488.33 -0.013141
6491.00 0.003070
6493.67 0.004520
6496.34 -0.001322
6499.01 -0.011251
6501.68 -0.013277
6504.35 -0.004512
6507.02 0.001757
6509.69 -0.000734
6512.36 -0.002951
6515.03 -0.010673
6517.70 -0.002835
6520.37 0.000986
6523.04 -0.000512
6525.71 0.011682
6528.38 0.000841
6531.05 0.010657
6533.72 0.024132
6536.39 0.014649
6539.06 0.014348
6541.73 0.009378
6544.40 0.013743
6547.07 0.013245
6549.74 0.006783
6552.41 0.002212
6555.08 -0.000170
6557.75 0.000625
6560.42 -0.002937
6563.09 -0.002111
6565.76 0.000098
6568.43 0.000652
6571.10 0.000410
6573.77 0.000093
6576.44 0.000577
6579.11 -0.000699
6581.78 -0.000893
6584.45 -0.002289
6587.12 -0.003018
6589.79 -0.003308
6592.46 -0.002673
6595.13 -0.002294
6597.80 -0.003042
6600.47 -0.003173
6603.14 -0.002248
6605.81 -0.003171
6608.48 -0.001990
6611.15 -0.002853
6613.82 -0.002106
6616.49 -0.001629
6619.16 -0.003402
6621.83 -0.002506
6624.50 -0.002892
6627.17 -0.002580
6629.84 -0.003438
6632.51 -0.003417
6635.18 -0.002965
6637.85 -0.002893
6640.52 -0.003063
6643.19 -0.003007
6645.86 -0.003888
6648.53 -0.002879
6651.20 -0.002739
6653.87 -0.003113
6656.54 -0.002407
6659.21 -0.001359
6661.88 -0.001714
6664.55 -0.001589
6667.22 -0.002090
6669.89 -0.001969
6672.56 -0.001281
6675.23 -0.000929
6677.90 -0.000595
6680.57 -0.001520
6683.24 -0.001333
6685.91 -0.001230
6688.58 -0.000869
6691.25 -0.000171
6693.92 -0.001088
6696.59 -0.000916
6699.26 -0.000629
6701.93 -0.001007
6704.60 -0.000610
6707.27 -0.000496
6709.94 -0.001199
6712.61 -0.001179
6715.28 -0.001208
6717.95 -0.001238
6720.62 -0.001193
6723.29 -0.001185
6725.96 -0.001178
6728.63 -0.001156
6731.30 -0.001156
6733.97 -0.001145
6736.64 -0.001111
6739.31 -0.001077
6741.98 -0.001066
6744.65 -0.001061
6747.32 -0.001031
6749.99 -0.001017
6752.66 -0.001013
6755.33 -0.001002
6758.00 -0.001012
6760.67 -0.000992
6763.34 -0.000996
6766.01 -0.000981
6768.68 -0.000977
6771.35 -0.000978
6774.02 -0.000991
6776.69 -0.000973
6779.36 -0.000969
6782.03 -0.000970
6784.70 -0.000989
6787.37 -0.001001
6790.04 -0.000984
6792.71 -0.000979
6795.38 -0.000977
6798.05 -0.000957
6800.72 -0.000958
6803.39 -0.000968
6806.06 -0.000973
6808.73 -0.000955
6811.40 -0.000961
6814.07 -0.000962
6816.74 -0.000970
6819.41 -0.000990
6822.08 -0.000958
6824.75 -0.000967
6827.42 -0.000961
6830.09 -0.000975
6832.76 -0.000959
6835.43 -0.000958
6838.10 -0.000960
6840.77 -0.000964
6843.44 -0.000944
6846.11 -0.000939
6848.78 -0.000946
6851.45 -0.000936
6854.12 -0.000941
6856.79 -0.000948
6859.46 -0.000946
6862.13 -0.000925
6864.80 -0.000943
6867.47 -0.000969
6870.14 -0.000946
6872.81 -0.000964
6875.48 -0.000949
6878.15 -0.000953
6880.82 -0.000947
6883.49 -0.000947
6886.16 -0.000957
6888.83 -0.000903
6891.50 -0.000953
6894.17 -0.000949
6896.84 -0.000939
6899.51 -0.000944
6902.18 -0.000944
6904.85 -0.000924
6907.52 -0.000909
6910.19 -0.000965
6912.86 -0.000988
6915.53 -0.000995
6918.20 -0.000990
6920.87 -0.000948
6923.54 -0.000958
6926.21 -0.000942
6928.88 -0.000953
6931.55 -0.000958
6934.22 -0.000955
6936.89 -0.000962
6939.56 -0.000971
6942.23 -0.000932
6944.90 -0.000913
6947.57 -0.000914
6950.24 -0.000966
6952.91 -0.000987
6955.58 -0.001001
6958.25 -0.000984
6960.92 -0.000999
6963.59 -0.001000
6966.26 -0.000994
6968.93 -0.001013
6971.60 -0.000978
6974.27 -0.001010
6976.94 -0.001029
6979.61 -0.001046
6982.28 -0.001084
6984.95 -0.001065
6987.62 -0.001074
6990.29 -0.001047
6992.96 -0.001051
6995.63 -0.001068
6998.30 -0.001066
7000.97 -0.001052
7003.64 -0.001053
7006.31 -0.001056
7008.98 -0.001011
7011.65 -0.001050
7014.32 -0.001046
7016.99 -0.001022
7019.66 -0.001064
7022.33 -0.001040
7025.00 -0.001067
7027.67 -0.001086
7030.34 -0.001067
7033.01 -0.001071
7035.68 -0.001075
7038.35 -0.001095
7041.02 -0.001134
7043.69 -0.001098
7046.36 -0.001077
7049.03 -0.001117
7051.70 -0.001089
7054.37 -0.001053
7057.04 -0.001021
7059.71 -0.001021
7062.38 -0.001074
7065.05 -0.001119
7067.72 -0.001083
7070.39 -0.001060
7073.06 -0.001004
7075.73 -0.001050
7078.40 -0.001071
7081.07 -0.001085
7083.74 -0.001060
7086.41 -0.001007
7089.08 -0.000995
7091.75 -0.001055
7094.42 -0.001049
7097.09 -0.001032
7099.76 -0.001017
7102.43 -0.001027
7105.10 -0.001038
7107.77 -0.001082
7110.44 -0.001074
7113.11 -0.001082
7115.78 -0.001071
7118.45 -0.001101
7121.12 -0.001067
7123.79 -0.001078
7126.46 -0.001081
7129.13 -0.001088
7131.80 -0.001100
7134.47 -0.001081
7137.14 -0.001106
7139.81 -0.001083
7142.48 -0.001068
7145.15 -0.001065
7147.82 -0.001063
7150.49 -0.001065
7153.16 -0.001049
7155.83 -0.001043
7158.50 -0.001073
7161.17 -0.001049
7163.84 -0.001060
7166.51 -0.001028
7169.18 -0.001060
7171.85 -0.001059
7174.52 -0.001078
7177.19 -0.001069
7179.86 -0.001073
7182.53 -0.001087
7185.20 -0.001128
7187.87 -0.001095
7190.54 -0.001072
7193.21 -0.001038
7195.88 -0.001029
7198.55 -0.001092
7201.22 -0.001023
7203.89 -0.001032
7206.56 -0.001024
7209.23 -0.001023
7211.90 -0.001056
7214.57 -0.001058
7217.24 -0.001032
7219.91 -0.001046
7222.58 -0.001038
7225.25 -0.001066
7227.92 -0.001084
7230.59 -0.001046
7233.26 -0.001031
7235.93 -0.001055
7238.60 -0.001069
7241.27 -0.001056
7243.94 -0.001061
7246.61 -0.001037
7249.28 -0.001041
7251.95 -0.001051
7254.62 -0.001044
7257.29 -0.001048
7259.96 -0.001029
7262.63 -0.001017
7265.30 -0.001036
7267.97 -0.001028
7270.64 -0.001037
7273.31 -0.001061
7275.98 -0.001045
7278.65 -0.001021
7281.32 -0.000987
7283.99 -0.001007
7286.66 -0.001058
7289.33 -0.001065
7292.00 -0.001022
7294.67 -0.001031
7297.34 -0.001052
7300.01 -0.001037
7302.68 -0.001037
7305.35 -0.001025
7308.02 -0.001085
7310.69 -0.001039
7313.36 -0.001058
7316.03 -0.001055
7318.70 -0.001095
7321.37 -0.001103
7324.04 -0.001081
7326.71 -0.001085
7329.38 -0.001087
7332.05 -0.001065
7334.72 -0.001077
7337.39 -0.001073
7340.06 -0.001043
7342.73 -0.001056
7345.40 -0.001041
7348.07 -0.001043
7350.74 -0.001038
7353.41 -0.001029
7356.08 -0.001020
7358.75 -0.001073
7361.42 -0.001042
7364.09 -0.001051
7366.76 -0.001061
7369.43 -0.001058
7372.10 -0.001041
7374.77 -0.001060
7377.44 -0.001008
7380.11 -0.001067
7382.78 -0.001075
7385.45 -0.001018
7388.12 -0.001031
7390.79 -0.001029
7393.46 -0.001031
7396.13 -0.001016
7398.80 -0.001020
7401.47 -0.000988
7404.14 -0.001040
7406.81 -0.001029
7409.48 -0.001023
7412.15 -0.001048
7414.82 -0.000963
7417.49 -0.001001
7420.16 -0.001026
7422.83 -0.001062
7425.50 -0.001030
7428.17 -0.001034
7430.84 -0.000975
7433.51 -0.000987
7436.18 -0.001018
7438.85 -0.000993
7441.52 -0.001016
7444.19 -0.001038
7446.86 -0.001017
7449.53 -0.000987
7452.20 -0.001022
7454.87 -0.001027
7457.54 -0.001061
7460.21 -0.001071
7462.88 -0.001048
7465.55 -0.001073
7468.22 -0.001066
7470.89 -0.001063
7473.56 -0.001073
7476.23 -0.001079
7478.90 -0.001062
7481.57 -0.001071
7484.24 -0.001061
7486.91 -0.001059
7489.58 -0.001086
7492.25 -0.001066
7494.92 -0.001058
7497.59 -0.001052
