2486.00 -0.023634
2488.67 -0.018479
2491.34 -0.026998
2494.01 -0.013180
2496.68 -0.013449
2499.35 -0.002405
2502.02 -0.000830
2504.69 0.007739
2507.36 -0.005473
2510.03 0.017088
2512.70 0.005052
2515.37 0.009999
2518.04 0.005110
2520.71 0.000857
2523.38 -0.005294
2526.05 0.015849
2528.72 0.056324
2531.39 0.021128
2534.06 -0.027305
2536.73 0.019362
2539.40 -0.096228
2542.07 0.011569
2544.74 0.020052
2547.41 -0.010827
2550.08 0.048264
2552.75 0.010953
2555.42 -0.036078
2558.09 -0.061902
2560.76 -0.084955
2563.43 0.069133
2566.10 -0.045099
2568.77 -0.019938
2571.44 0.018735
2574.11 -0.001148
2576.78 0.030855
2579.45 0.006968
2582.12 -0.043118
2584.79 0.147128
2587.46 0.035850
2590.13 -0.019292
2592.80 0.033536
2595.47 -0.054734
2598.14 -0.061950
2600.81 -0.003107
2603.48 -0.067007
2606.15 -0.046789
2608.82 -0.023351
2611.49 -0.026929
2614.16 0.024981
2616.83 0.067524
2619.50 0.051366
2622.17 -0.026372
2624.84 0.046551
2627.51 -0.020359
2630.18 -0.028985
2632.85 0.001418
2635.52 0.040438
2638.19 -0.028418
2640.86 -0.015487
2643.53 0.022396
2646.20 -0.073700
2648.87 0.038523
2651.54 -0.040453
2654.21 0.078520
2656.88 -0.006101
2659.55 0.025436
2662.22 -0.011203
2664.89 0.010504
2667.56 -0.012915
2670.23 0.003908
2672.90 -0.051869
2675.57 -0.026807
2678.24 0.026378
2680.91 -0.023888
2683.58 -0.033321
2686.25 -0.072290
2688.92 0.000655
2691.59 -0.031102
2694.26 -0.008473
2696.93 -0.001720
2699.60 0.030266
2702.27 0.061133
2704.94 0.043812
2707.61 -0.094359
2710.28 -0.002499
2712.95 -0.056739
2715.62 0.058893
2718.29 0.001968
2720.96 0.068857
2723.63 0.019871
2726.30 0.017823
2728.97 0.014697
2731.64 -0.020338
2734.31 0.012221
2736.98 0.073884
2739.65 0.039711
2742.32 -0.030252
2744.99 -0.068719
2747.66 0.062453
2750.33 0.071432
2753.00 -0.016036
2755.67 -0.044769
2758.34 0.041084
2761.01 -0.036408
2763.68 0.051979
2766.35 0.006990
2769.02 -0.016344
2771.69 -0.000860
2774.36 0.033534
2777.03 0.040877
2779.70 0.015346
2782.37 -0.020953
2785.04 -0.002001
2787.71 -0.054876
2790.38 -0.015831
2793.05 0.005523
2795.72 0.073445
2798.39 0.107917
2801.06 -0.003525
2803.73 -0.032964
2806.40 -0.026585
2809.07 -0.072284
2811.74 -0.044763
2814.41 -0.044155
2817.08 -0.045582
2819.75 -0.006259
2822.42 -0.004005
2825.09 0.019877
2827.76 0.010132
2830.43 -0.008877
2833.10 -0.004912
2835.77 0.044901
2838.44 0.024685
2841.11 -0.006467
2843.78 0.052966
2846.45 0.080179
2849.12 0.005261
2851.79 0.020266
2854.46 0.020163
2857.13 0.002822
2859.80 0.025447
2862.47 -0.022895
2865.14 0.060179
2867.81 -0.020060
2870.48 -0.028733
2873.15 -0.025101
2875.82 0.042536
2878.49 -0.023627
2881.16 -0.024911
2883.83 -0.028350
2886.50 0.041952
2889.17 0.040049
2891.84 -0.013571
2894.51 0.059759
2897.18 0.025303
2899.85 -0.030942
2902.52 -0.067677
2905.19 0.000062
2907.86 -0.035737
2910.53 0.008406
2913.20 -0.042560
2915.87 0.001723
2918.54 -0.033857
2921.21 -0.003031
2923.88 0.044001
2926.55 -0.053569
2929.22 0.018384
2931.89 -0.036283
2934.56 -0.005038
2937.23 0.006802
2939.90 0.037319
2942.57 0.045978
2945.24 -0.007857
2947.91 -0.030486
2950.58 -0.033378
2953.25 0.023151
2955.92 -0.052559
2958.59 0.030197
2961.26 0.043680
2963.93 0.007866
2966.60 0.031056
2969.27 -0.026860
2971.94 -0.018828
2974.61 -0.021827
2977.28 0.038548
2979.95 -0.031661
2982.62 -0.003912
2985.29 -0.007617
2987.96 -0.017716
2990.63 0.023923
2993.30 0.064890
2995.97 -0.022155
2998.64 0.035302
3001.31 -0.024649
3003.98 -0.014537
3006.65 -0.007967
3009.32 -0.040842
3011.99 0.016060
3014.66 -0.008169
3017.33 -0.033604
3020.00 0.008278
3022.67 -0.024006
3025.34 -0.050192
3028.01 -0.034954
3030.68 -0.041576
3033.35 -0.015106
3036.02 -0.068183
3038.69 0.000756
3041.36 -0.004184
3044.03 0.013920
3046.70 -0.009351
3049.37 -0.043509
3052.04 0.004252
3054.71 -0.031256
3057.38 0.012275
3060.05 -0.025431
3062.72 -0.022717
3065.39 -0.017801
3068.06 0.018620
3070.73 -0.023114
3073.40 -0.031441
3076.07 -0.065186
3078.74 -0.002792
3081.41 -0.002000
3084.08 -0.007859
3086.75 0.001175
3089.42 -0.000858
3092.09 -0.042661
3094.76 0.022962
3097.43 0.013442
3100.10 -0.044314
3102.77 0.038381
3105.44 0.032304
3108.11 -0.016209
3110.78 -0.010584
3113.45 0.009817
3116.12 0.017090
3118.79 0.021786
3121.46 -0.034613
3124.13 -0.030395
3126.80 -0.013757
3129.47 0.008172
3132.14 0.016022
3134.81 -0.004031
3137.48 -0.022134
3140.15 -0.014361
3142.82 -0.005817
3145.49 -0.017073
3148.16 0.007624
3150.83 0.017955
3153.50 -0.054558
3156.17 -0.044360
3158.84 -0.017701
3161.51 0.060287
3164.18 0.017442
3166.85 0.012723
3169.52 0.011422
3172.19 0.057383
3174.86 -0.009053
3177.53 0.021054
3180.20 -0.026284
3182.87 0.050421
3185.54 0.013992
3188.21 -0.007641
3190.88 -0.009800
3193.55 0.033880
3196.22 0.004499
3198.89 -0.003615
3201.56 0.045637
3204.23 0.012833
3206.90 0.025548
3209.57 0.009110
3212.24 0.060053
3214.91 0.036833
3217.58 0.004120
3220.25 0.030077
3222.92 0.017669
3225.59 0.077377
3228.26 0.019251
3230.93 -0.030214
3233.60 -0.064345
3236.27 0.048361
3238.94 0.061063
3241.61 0.005702
3244.28 0.038053
3246.95 0.009099
3249.62 0.037365
3252.29 0.017254
3254.96 -0.023604
3257.63 -0.016087
3260.30 0.030081
3262.97 0.034307
3265.64 0.047993
3268.31 0.011896
3270.98 0.020159
3273.65 0.039471
3276.32 -0.027610
3278.99 -0.018853
3281.66 0.002861
3284.33 -0.009817
3287.00 -0.057723
3289.67 -0.017930
3292.34 0.000464
3295.01 0.012900
3297.68 -0.017415
3300.35 -0.015702
3303.02 -0.001651
3305.69 -0.004655
3308.36 -0.031860
3311.03 -0.017721
3313.70 0.006025
3316.37 0.020093
3319.04 0.036679
3321.71 0.008831
3324.38 0.006445
3327.05 0.010166
3329.72 -0.022452
3332.39 0.020365
3335.06 -0.025317
3337.73 0.001978
3340.40 -0.030115
3343.07 -0.044787
3345.74 -0.012793
3348.41 -0.028768
3351.08 -0.011730
3353.75 0.032157
3356.42 0.013281
3359.09 -0.006032
3361.76 0.036770
3364.43 -0.004520
3367.10 0.049559
3369.77 0.014852
3372.44 -0.019043
3375.11 0.015085
3377.78 0.007862
3380.45 0.013553
3383.12 -0.008143
3385.79 -0.004180
3388.46 0.000901
3391.13 0.032666
3393.80 0.050918
3396.47 -0.026107
3399.14 0.000251
3401.81 -0.017740
3404.48 -0.028011
3407.15 0.007934
3409.82 -0.001671
3412.49 -0.046806
3415.16 -0.015709
3417.83 -0.015021
3420.50 -0.042384
3423.17 -0.041353
3425.84 -0.031534
3428.51 -0.007154
3431.18 0.006228
3433.85 -0.004161
3436.52 0.013612
3439.19 -0.018821
3441.86 -0.027745
3444.53 -0.011677
3447.20 0.037856
3449.87 0.001658
3452.54 0.030982
3455.21 -0.045490
3457.88 -0.023681
3460.55 -0.047952
3463.22 0.049157
3465.89 -0.023867
3468.56 -0.035991
3471.23 0.020251
3473.90 0.018458
3476.57 0.008916
3479.24 -0.006921
3481.91 0.007159
3484.58 0.071017
3487.25 -0.033646
3489.92 -0.006612
3492.59 0.034748
3495.26 0.017159
3497.93 0.033221
3500.60 -0.011733
3503.27 0.020485
3505.94 0.055505
3508.61 -0.011844
3511.28 0.010708
3513.95 -0.013872
3516.62 -0.022047
3519.29 0.019971
3521.96 0.027345
3524.63 0.052507
3527.30 0.027550
3529.97 0.001227
3532.64 -0.022541
3535.31 -0.025553
3537.98 0.031225
3540.65 -0.018746
3543.32 0.034237
3545.99 0.007431
3548.66 0.008467
3551.33 -0.000958
3554.00 0.000475
3556.67 -0.000592
3559.34 -0.009528
3562.01 -0.008857
3564.68 -0.004859
3567.35 -0.000971
3570.02 0.008572
3572.69 -0.023452
3575.36 -0.022547
3578.03 -0.009689
3580.70 0.006881
3583.37 -0.004067
3586.04 -0.024458
3588.71 0.025754
3591.38 0.038019
3594.05 0.027914
3596.72 -0.004416
3599.39 0.010247
3602.06 -0.023939
3604.73 -0.006944
3607.40 0.023270
3610.07 -0.022620
3612.74 -0.007602
3615.41 0.002691
3618.08 -0.003745
3620.75 0.010971
3623.42 0.018699
3626.09 0.008845
3628.76 0.021375
3631.43 -0.011302
3634.10 -0.022537
3636.77 -0.002305
3639.44 0.013841
3642.11 0.002484
3644.78 0.036247
3647.45 0.027855
3650.12 0.009533
3652.79 -0.010171
3655.46 0.018344
3658.13 0.001718
3660.80 -0.022578
3663.47 -0.016432
3666.14 -0.014807
3668.81 -0.006671
3671.48 -0.029179
3674.15 0.018140
3676.82 -0.007126
3679.49 0.009779
3682.16 -0.001762
3684.83 -0.032215
3687.50 -0.020426
3690.17 0.008314
3692.84 0.027639
3695.51 0.006102
3698.18 0.011006
3700.85 -0.013040
3703.52 -0.010122
3706.19 -0.021392
3708.86 -0.002839
3711.53 -0.026943
3714.20 0.038822
3716.87 0.010863
3719.54 0.005150
3722.21 -0.000296
3724.88 0.045029
3727.55 -0.034407
3730.22 -0.011153
3732.89 0.014841
3735.56 -0.022136
3738.23 -0.015773
3740.90 0.019773
3743.57 -0.025193
3746.24 -0.017673
3748.91 0.008008
3751.58 -0.005061
3754.25 -0.018416
3756.92 0.009556
3759.59 -0.000646
3762.26 0.017052
3764.93 0.025288
3767.60 -0.043749
3770.27 0.012464
3772.94 -0.021086
3775.61 0.009169
3778.28 -0.045810
3780.95 0.058168
3783.62 0.000102
3786.29 0.008178
3788.96 -0.027739
3791.63 -0.026486
3794.30 -0.018086
3796.97 -0.014646
3799.64 -0.027992
3802.31 -0.007861
3804.98 -0.021012
3807.65 0.012373
3810.32 -0.008187
3812.99 -0.015443
3815.66 0.044184
3818.33 0.008005
3821.00 -0.020722
3823.67 0.014178
3826.34 0.015686
3829.01 -0.031753
3831.68 -0.010996
3834.35 -0.008796
3837.02 0.013878
3839.69 0.014029
3842.36 0.008679
3845.03 -0.030281
3847.70 -0.015723
3850.37 -0.021860
3853.04 0.009511
3855.71 -0.013387
3858.38 -0.036492
3861.05 -0.011708
3863.72 0.012889
3866.39 -0.033672
3869.06 -0.025757
3871.73 -0.005171
3874.40 0.006091
3877.07 0.001042
3879.74 0.056513
3882.41 0.009636
3885.08 -0.004201
3887.75 0.042834
3890.42 0.017756
3893.09 0.045344
3895.76 0.064139
3898.43 0.004917
3901.10 0.039805
3903.77 0.018874
3906.44 0.021596
3909.11 -0.001077
3911.78 -0.017949
3914.45 -0.011400
3917.12 -0.016456
3919.79 0.009897
3922.46 -0.005259
3925.13 -0.010528
3927.80 -0.033766
3930.47 -0.013749
3933.14 -0.007634
3935.81 0.022951
3938.48 -0.026605
3941.15 -0.005632
3943.82 -0.023187
3946.49 -0.010075
3949.16 0.005287
3951.83 0.036610
3954.50 -0.022581
3957.17 -0.000805
3959.84 0.003148
3962.51 0.014785
3965.18 0.031386
3967.85 0.041445
3970.52 0.015134
3973.19 -0.030541
3975.86 0.005868
3978.53 -0.004495
3981.20 -0.030702
3983.87 -0.004826
3986.54 0.014080
3989.21 0.060363
3991.88 0.043348
3994.55 -0.013261
3997.22 0.003677
3999.89 0.024754
4002.56 -0.004540
4005.23 -0.026290
4007.90 -0.039953
4010.57 -0.003425
4013.24 0.012557
4015.91 -0.008232
4018.58 0.003382
4021.25 -0.032134
4023.92 -0.008424
4026.59 -0.018292
4029.26 -0.004142
4031.93 0.046523
4034.60 -0.021038
4037.27 0.000531
4039.94 -0.006508
4042.61 -0.005905
4045.28 -0.004053
4047.95 0.015360
4050.62 0.031468
4053.29 -0.022286
4055.96 0.010953
4058.63 -0.000047
4061.30 -0.018855
4063.97 0.001260
4066.64 -0.014920
4069.31 -0.022815
4071.98 -0.009513
4074.65 0.007565
4077.32 -0.007524
4079.99 0.028152
4082.66 0.005092
4085.33 0.010160
4088.00 0.033302
4090.67 0.020677
4093.34 -0.007888
4096.01 0.002844
4098.68 0.032528
4101.35 0.007277
4104.02 -0.005704
4106.69 -0.026444
4109.36 -0.022493
4112.03 -0.018471
4114.70 0.009109
4117.37 0.019499
4120.04 -0.015829
4122.71 -0.001043
4125.38 -0.008824
4128.05 -0.039552
4130.72 -0.011821
4133.39 -0.015894
4136.06 -0.026038
4138.73 -0.033681
4141.40 -0.010245
4144.07 0.037547
4146.74 0.020857
4149.41 0.002015
4152.08 -0.009510
4154.75 0.006817
4157.42 0.017762
4160.09 0.004157
4162.76 0.032079
4165.43 -0.009997
4168.10 0.023378
4170.77 0.018160
4173.44 0.009927
4176.11 -0.029816
4178.78 -0.037718
4181.45 -0.012250
4184.12 0.002290
4186.79 -0.016539
4189.46 0.006541
4192.13 0.013157
4194.80 0.006569
4197.47 0.047521
4200.14 0.034803
4202.81 0.002220
4205.48 0.041137
4208.15 0.024168
4210.82 0.014704
4213.49 -0.009144
4216.16 0.008223
4218.83 0.002513
4221.50 0.000257
4224.17 0.037357
4226.84 0.012757
4229.51 -0.012029
4232.18 0.005877
4234.85 -0.003042
4237.52 -0.027248
4240.19 0.004428
4242.86 0.009290
4245.53 0.000437
4248.20 0.002095
4250.87 0.026801
4253.54 0.017830
4256.21 0.012035
4258.88 -0.007123
4261.55 0.000444
4264.22 0.000840
4266.89 0.019486
4269.56 0.006033
4272.23 -0.001662
4274.90 0.005577
4277.57 -0.030320
4280.24 -0.011598
4282.91 0.009524
4285.58 0.011226
4288.25 0.010462
4290.92 -0.026077
4293.59 -0.029726
4296.26 -0.016498
4298.93 -0.014819
4301.60 -0.021367
4304.27 -0.015181
4306.94 -0.036744
4309.61 -0.021640
4312.28 -0.040311
4314.95 -0.011478
4317.62 -0.023869
4320.29 -0.014036
4322.96 -0.004689
4325.63 -0.010005
4328.30 -0.008898
4330.97 -0.037686
4333.64 -0.004710
4336.31 -0.007118
4338.98 -0.001861
4341.65 -0.004775
4344.32 -0.026659
4346.99 -0.013344
4349.66 -0.027276
4352.33 0.015128
4355.00 0.026205
4357.67 -0.015779
4360.34 -0.012677
4363.01 0.005641
4365.68 -0.020331
4368.35 -0.016581
4371.02 -0.005538
4373.69 -0.005099
4376.36 0.020108
4379.03 0.023267
4381.70 -0.028397
4384.37 -0.008347
4387.04 -0.026960
4389.71 -0.028413
4392.38 0.001451
4395.05 -0.008608
4397.72 -0.011129
4400.39 0.000927
4403.06 -0.000134
4405.73 -0.020098
4408.40 -0.003462
4411.07 0.007233
4413.74 0.009195
4416.41 -0.006545
4419.08 -0.013259
4421.75 0.010832
4424.42 -0.009170
4427.09 0.010972
4429.76 0.019077
4432.43 0.000739
4435.10 -0.000079
4437.77 0.008625
4440.44 0.004920
4443.11 0.011585
4445.78 0.032662
4448.45 0.046925
4451.12 -0.004789
4453.79 -0.003070
4456.46 0.000608
4459.13 0.034562
4461.80 0.026214
4464.47 0.003142
4467.14 -0.008568
4469.81 -0.011077
4472.48 0.008955
4475.15 0.015771
4477.82 -0.015545
4480.49 0.000963
4483.16 0.014949
4485.83 0.027066
4488.50 0.007039
4491.17 0.008219
4493.84 0.012936
4496.51 -0.003161
4499.18 0.013293
4501.85 0.025282
4504.52 -0.015999
4507.19 0.008258
4509.86 -0.013926
4512.53 0.021137
4515.20 -0.017673
4517.87 0.005934
4520.54 0.002917
4523.21 -0.029790
4525.88 0.002151
4528.55 -0.000916
4531.22 0.011384
4533.89 0.026213
4536.56 0.004015
4539.23 0.026601
4541.90 0.010008
4544.57 0.002531
4547.24 0.012491
4549.91 -0.005142
4552.58 0.011299
4555.25 0.016328
4557.92 -0.001245
4560.59 -0.035019
4563.26 -0.024007
4565.93 0.018810
4568.60 0.009217
4571.27 0.020876
4573.94 0.008332
4576.61 -0.004189
4579.28 0.001959
4581.95 -0.005647
4584.62 -0.004365
4587.29 -0.017954
4589.96 -0.004506
4592.63 -0.003658
4595.30 -0.003902
4597.97 0.018832
4600.64 0.029195
4603.31 0.036775
4605.98 0.020633
4608.65 0.027010
4611.32 0.047207
4613.99 0.043054
4616.66 0.012810
4619.33 0.013960
4622.00 0.001219
4624.67 -0.006110
4627.34 -0.012959
4630.01 -0.002397
4632.68 -0.000141
4635.35 -0.012291
4638.02 -0.005435
4640.69 -0.009063
4643.36 0.019074
4646.03 0.010736
4648.70 0.021951
4651.37 -0.006879
4654.04 -0.003050
4656.71 0.004544
4659.38 -0.008334
4662.05 0.012545
4664.72 0.020342
4667.39 -0.006251
4670.06 0.000661
4672.73 -0.004573
4675.40 0.019861
4678.07 0.008523
4680.74 -0.031980
4683.41 0.006176
4686.08 -0.000112
4688.75 0.001336
4691.42 0.006799
4694.09 0.014769
4696.76 0.002658
4699.43 0.018359
4702.10 0.010876
4704.77 0.044695
4707.44 0.003818
4710.11 -0.002961
4712.78 -0.025941
4715.45 -0.010620
4718.12 -0.000764
4720.79 0.015385
4723.46 0.001914
4726.13 0.008300
4728.80 0.006995
4731.47 -0.001898
4734.14 0.006046
4736.81 -0.007311
4739.48 -0.009868
4742.15 -0.014061
4744.82 0.010264
4747.49 0.034218
4750.16 0.024563
4752.83 0.015239
4755.50 -0.009073
4758.17 -0.000535
4760.84 0.003794
4763.51 -0.017182
4766.18 -0.005051
4768.85 0.000527
4771.52 -0.001488
4774.19 -0.016756
4776.86 -0.008949
4779.53 -0.024903
4782.20 -0.006976
4784.87 0.006203
4787.54 -0.018175
4790.21 -0.029107
4792.88 -0.003166
4795.55 -0.034975
4798.22 -0.044340
4800.89 -0.005921
4803.56 -0.019477
4806.23 0.004696
4808.90 -0.024319
4811.57 -0.036996
4814.24 -0.017736
4816.91 -0.016662
4819.58 -0.005972
4822.25 -0.038668
4824.92 -0.016442
4827.59 -0.002649
4830.26 -0.021968
4832.93 0.005371
4835.60 0.012090
4838.27 0.007703
4840.94 0.015769
4843.61 0.006633
4846.28 0.023138
4848.95 0.021823
4851.62 0.003021
4854.29 -0.001781
4856.96 -0.038321
4859.63 -0.029847
4862.30 -0.054909
4864.97 -0.056724
4867.64 -0.045435
4870.31 0.013019
4872.98 0.018206
4875.65 0.029175
4878.32 0.039052
4880.99 0.007913
4883.66 0.021658
4886.33 0.025813
4889.00 0.013128
4891.67 -0.025565
4894.34 -0.002268
4897.01 -0.002232
4899.68 0.010423
4902.35 0.016831
4905.02 0.007634
4907.69 0.010673
4910.36 -0.034084
4913.03 0.003750
4915.70 0.009505
4918.37 0.023852
4921.04 -0.019362
4923.71 -0.026301
4926.38 -0.002358
4929.05 -0.003212
4931.72 -0.008104
4934.39 0.034564
4937.06 0.021358
4939.73 0.008653
4942.40 0.012109
4945.07 0.001781
4947.74 0.021114
4950.41 0.025390
4953.08 -0.030715
4955.75 -0.009405
4958.42 -0.008208
4961.09 0.015178
4963.76 0.028393
4966.43 -0.008752
4969.10 0.010879
4971.77 0.024302
4974.44 0.035297
4977.11 -0.008111
4979.78 -0.010415
4982.45 0.022566
4985.12 0.032713
4987.79 0.029480
4990.46 -0.018609
4993.13 0.029379
4995.80 0.005071
4998.47 -0.022552
5001.14 -0.084823
5003.81 -0.088765
5006.48 0.060152
5009.15 0.058761
5011.82 -0.019617
5014.49 0.031919
5017.16 -0.004336
5019.83 -0.026260
5022.50 0.006701
5025.17 0.016093
5027.84 0.006185
5030.51 0.000321
5033.18 0.008662
5035.85 0.002655
5038.52 0.031881
5041.19 0.016907
5043.86 -0.007944
5046.53 -0.016568
5049.20 0.021719
5051.87 0.016292
5054.54 0.035144
5057.21 0.027952
5059.88 0.006580
5062.55 0.010958
5065.22 0.009745
5067.89 0.003219
5070.56 -0.008909
5073.23 -0.003575
5075.90 0.023814
5078.57 0.003706
5081.24 0.020655
5083.91 0.016039
5086.58 -0.004514
5089.25 -0.013577
5091.92 0.010968
5094.59 -0.000179
5097.26 -0.017215
5099.93 0.000709
5102.60 0.008699
5105.27 0.002137
5107.94 0.012927
5110.61 -0.000722
5113.28 0.001344
5115.95 -0.021618
5118.62 -0.020070
5121.29 -0.001303
5123.96 -0.028044
5126.63 -0.009933
5129.30 -0.011104
5131.97 -0.018916
5134.64 0.018684
5137.31 -0.022147
5139.98 -0.028722
5142.65 0.010523
5145.32 -0.035347
5147.99 0.019283
5150.66 0.018984
5153.33 -0.009476
5156.00 -0.023266
5158.67 0.004527
5161.34 -0.001914
5164.01 0.001538
5166.68 -0.009906
5169.35 -0.025410
5172.02 -0.035120
5174.69 0.012468
5177.36 0.025388
5180.03 0.028239
5182.70 0.007367
5185.37 -0.010161
5188.04 0.010136
5190.71 0.033999
5193.38 -0.009522
5196.05 -0.003307
5198.72 0.052539
5201.39 0.022300
5204.06 0.002283
5206.73 -0.006787
5209.40 0.025129
5212.07 0.008377
5214.74 0.024194
5217.41 -0.015857
5220.08 -0.001189
5222.75 0.009076
5225.42 0.002524
5228.09 -0.027623
5230.76 -0.015931
5233.43 -0.032612
5236.10 -0.037587
5238.77 -0.039663
5241.44 -0.013844
5244.11 -0.019350
5246.78 0.026727
5249.45 0.013401
5252.12 0.004267
5254.79 0.026418
5257.46 0.015984
5260.13 -0.007618
5262.80 0.016556
5265.47 -0.006600
5268.14 0.012868
5270.81 0.003178
5273.48 -0.009511
5276.15 -0.010383
5278.82 -0.000907
5281.49 -0.029259
5284.16 -0.007445
5286.83 -0.001825
5289.50 -0.014998
5292.17 -0.002205
5294.84 -0.016430
5297.51 -0.016080
5300.18 -0.007419
5302.85 0.012614
5305.52 0.008361
5308.19 -0.006231
5310.86 0.022885
5313.53 -0.000282
5316.20 0.000898
5318.87 0.007469
5321.54 0.018414
5324.21 0.003614
5326.88 -0.008632
5329.55 0.001327
5332.22 0.016745
5334.89 0.029661
5337.56 0.027294
5340.23 -0.003640
5342.90 -0.016367
5345.57 0.014181
5348.24 0.005048
5350.91 0.027208
5353.58 0.018479
5356.25 0.017003
5358.92 -0.008169
5361.59 0.020380
5364.26 0.016919
5366.93 0.011249
5369.60 0.043915
5372.27 0.015043
5374.94 0.012606
5377.61 0.010042
5380.28 0.004256
5382.95 0.011209
5385.62 -0.010082
5388.29 -0.006208
5390.96 0.001308
5393.63 0.018105
5396.30 0.008539
5398.97 0.005707
5401.64 -0.012715
5404.31 -0.041548
5406.98 0.003504
5409.65 0.010651
5412.32 0.001391
5414.99 -0.041073
5417.66 -0.000420
5420.33 -0.044789
5423.00 0.012441
5425.67 -0.009776
5428.34 0.006352
5431.01 -0.034873
5433.68 -0.012018
5436.35 0.027438
5439.02 -0.018381
5441.69 -0.001108
5444.36 -0.018550
5447.03 0.012344
5449.70 -0.008249
5452.37 0.016926
5455.04 0.028654
5457.71 -0.005564
5460.38 0.014089
5463.05 0.015542
5465.72 0.015471
5468.39 -0.008056
5471.06 0.016430
5473.73 -0.028101
5476.40 -0.007064
5479.07 0.007454
5481.74 -0.017040
5484.41 -0.013770
5487.08 0.000867
5489.75 -0.017594
5492.42 0.003530
5495.09 -0.012737
5497.76 0.013812
5500.43 -0.020779
5503.10 -0.035184
5505.77 -0.040933
5508.44 -0.015801
5511.11 0.022150
5513.78 0.005055
5516.45 -0.016023
5519.12 0.015745
5521.79 -0.010955
5524.46 -0.007507
5527.13 -0.007569
5529.80 0.000790
5532.47 -0.012803
5535.14 -0.048496
5537.81 -0.038725
5540.48 -0.071234
5543.15 -0.040616
5545.82 -0.003811
5548.49 -0.004802
5551.16 0.013536
5553.83 -0.014226
5556.50 0.000047
5559.17 -0.001892
5561.84 0.008279
5564.51 0.006414
5567.18 0.008898
5569.85 -0.004903
5572.52 0.020057
5575.19 -0.005263
5577.86 0.022775
5580.53 -0.020221
5583.20 -0.030419
5585.87 -0.015273
5588.54 -0.033415
5591.21 -0.016001
5593.88 -0.032368
5596.55 -0.022489
5599.22 -0.026260
5601.89 0.048303
5604.56 -0.007012
5607.23 0.033404
5609.90 0.007198
5612.57 -0.000482
5615.24 0.023757
5617.91 -0.027150
5620.58 0.004393
5623.25 0.005512
5625.92 -0.010988
5628.59 -0.051820
5631.26 -0.000225
5633.93 -0.003833
5636.60 0.000394
5639.27 0.013742
5641.94 -0.020181
5644.61 0.013625
5647.28 -0.006626
5649.95 0.027216
5652.62 0.001415
5655.29 0.018806
5657.96 0.016039
5660.63 -0.023061
5663.30 0.034397
5665.97 -0.003062
5668.64 0.025078
5671.31 -0.003368
5673.98 0.038738
5676.65 0.015257
5679.32 -0.021685
5681.99 -0.001544
5684.66 0.026285
5687.33 -0.024985
5690.00 0.003731
5692.67 -0.022044
5695.34 -0.009753
5698.01 -0.010531
5700.68 -0.003011
5703.35 0.003033
5706.02 -0.003423
5708.69 -0.044783
5711.36 -0.019632
5714.03 0.018205
5716.70 -0.010358
5719.37 -0.012027
5722.04 -0.029145
5724.71 0.002196
5727.38 -0.001871
5730.05 0.003427
5732.72 0.011671
5735.39 0.007207
5738.06 -0.036289
5740.73 -0.045449
5743.40 -0.034240
5746.07 -0.020091
5748.74 -0.025882
5751.41 0.007025
5754.08 -0.044630
5756.75 -0.042764
5759.42 0.029289
5762.09 -0.026414
5764.76 -0.011862
5767.43 -0.016541
5770.10 -0.019059
5772.77 -0.005731
5775.44 -0.040148
5778.11 -0.031448
5780.78 -0.058500
5783.45 -0.029340
5786.12 -0.020919
5788.79 0.039104
5791.46 -0.013938
5794.13 -0.011915
5796.80 -0.000590
5799.47 0.008960
5802.14 -0.005201
5804.81 0.003506
5807.48 0.006644
5810.15 0.002443
5812.82 0.017640
5815.49 0.000840
5818.16 0.002178
5820.83 -0.019736
5823.50 -0.041724
5826.17 -0.019842
5828.84 -0.017182
5831.51 0.036927
5834.18 -0.006878
5836.85 0.048544
5839.52 -0.019475
5842.19 -0.040401
5844.86 -0.025839
5847.53 0.008845
5850.20 -0.023277
5852.87 -0.001797
5855.54 -0.018140
5858.21 -0.017377
5860.88 0.018932
5863.55 0.031840
5866.22 -0.024684
5868.89 -0.027745
5871.56 -0.037317
5874.23 0.001983
5876.90 0.016716
5879.57 0.037671
5882.24 0.046562
5884.91 0.021837
5887.58 0.010683
5890.25 0.057383
5892.92 0.018850
5895.59 0.012769
5898.26 -0.064033
5900.93 0.003036
5903.60 -0.009001
5906.27 -0.000113
5908.94 -0.003855
5911.61 -0.022347
5914.28 -0.037446
5916.95 0.034005
5919.62 -0.016194
5922.29 -0.042338
5924.96 -0.000985
5927.63 0.010542
5930.30 0.008481
5932.97 0.015796
5935.64 -0.033408
5938.31 -0.004604
5940.98 -0.019574
5943.65 -0.022583
5946.32 0.003368
5948.99 -0.031401
5951.66 -0.001533
5954.33 0.027082
5957.00 0.016844
5959.67 -0.024822
5962.34 -0.056530
5965.01 -0.063492
5967.68 -0.038411
5970.35 -0.042500
5973.02 0.001159
5975.69 -0.009179
5978.36 -0.029577
5981.03 -0.018030
5983.70 0.000712
5986.37 0.041399
5989.04 -0.002436
5991.71 -0.032582
5994.38 -0.039881
5997.05 -0.026143
5999.72 -0.028498
6002.39 0.020752
6005.06 0.003110
6007.73 0.017530
6010.40 0.028259
6013.07 0.050726
6015.74 0.009204
6018.41 0.000361
6021.08 0.015246
6023.75 0.065627
6026.42 0.068813
6029.09 0.083570
6031.76 0.044696
6034.43 0.080942
6037.10 -0.001141
6039.77 -0.018503
6042.44 0.032084
6045.11 0.036733
6047.78 0.048985
6050.45 -0.023878
6053.12 -0.039289
6055.79 0.001316
6058.46 0.030668
6061.13 0.047209
6063.80 0.012032
6066.47 0.019873
6069.14 -0.024271
6071.81 0.000274
6074.48 -0.015937
6077.15 -0.031657
6079.82 -0.014949
6082.49 -0.033637
6085.16 -0.035746
6087.83 -0.003078
6090.50 -0.008822
6093.17 -0.022437
6095.84 0.013619
6098.51 -0.000726
6101.18 -0.003454
6103.85 -0.031380
6106.52 0.000156
6109.19 -0.015666
6111.86 0.000011
6114.53 0.011711
6117.20 -0.026687
6119.87 0.032243
6122.54 0.016679
6125.21 0.027168
6127.88 0.025807
6130.55 -0.020154
6133.22 0.008032
6135.89 0.045104
6138.56 -0.003464
6141.23 0.053135
6143.90 0.003675
6146.57 -0.011663
6149.24 0.038073
6151.91 0.005106
6154.58 -0.024824
6157.25 0.025668
6159.92 0.018260
6162.59 0.002799
6165.26 -0.048037
6167.93 -0.003301
6170.60 0.000273
6173.27 0.019923
6175.94 0.031656
6178.61 -0.006008
6181.28 0.000073
6183.95 -0.045761
6186.62 0.003815
6189.29 0.000216
6191.96 -0.003042
6194.63 -0.032545
6197.30 0.028452
6199.97 -0.017830
6202.64 -0.011840
6205.31 0.011993
6207.98 0.020296
6210.65 0.015251
6213.32 0.008463
6215.99 -0.055870
6218.66 0.011409
6221.33 -0.000404
6224.00 0.008498
6226.67 -0.003867
6229.34 0.084476
6232.01 -0.004728
6234.68 0.027071
6237.35 0.011061
6240.02 0.004942
6242.69 -0.055757
6245.36 0.005497
6248.03 0.010636
6250.70 0.036968
6253.37 0.024972
6256.04 0.005325
6258.71 0.039828
6261.38 0.014488
6264.05 0.028337
6266.72 0.013082
6269.39 0.021576
6272.06 0.041247
6274.73 0.027921
6277.40 0.002250
6280.07 0.044335
6282.74 0.010830
6285.41 0.002944
6288.08 0.028446
6290.75 -0.020544
6293.42 -0.002312
6296.09 -0.008017
6298.76 0.023088
6301.43 -0.017459
6304.10 0.010470
6306.77 0.017481
6309.44 -0.011522
6312.11 -0.007816
6314.78 -0.036071
6317.45 -0.022407
6320.12 -0.010062
6322.79 -0.007002
6325.46 -0.009187
6328.13 -0.005718
6330.80 -0.005866
6333.47 -0.004971
6336.14 -0.005249
6338.81 0.012486
6341.48 -0.010152
6344.15 0.031315
6346.82 0.011147
6349.49 0.021560
6352.16 0.003344
6354.83 -0.028289
6357.50 -0.002985
6360.17 -0.009281
6362.84 -0.013441
6365.51 -0.029508
6368.18 -0.003164
6370.85 0.000443
6373.52 -0.017380
6376.19 -0.023094
6378.86 0.013653
6381.53 0.027964
6384.20 0.018301
6386.87 -0.014188
6389.54 -0.030851
6392.21 0.018855
6394.88 0.014264
6397.55 -0.001329
6400.22 -0.020450
6402.89 -0.011367
6405.56 -0.000769
6408.23 0.016152
6410.90 -0.003871
6413.57 -0.025691
6416.24 0.014851
6418.91 -0.004710
6421.58 -0.018072
6424.25 0.014310
6426.92 -0.010744
6429.59 -0.006715
6432.26 0.013020
6434.93 0.017598
6437.60 0.001739
6440.27 0.009479
6442.94 0.007957
6445.61 -0.013639
6448.28 0.005914
6450.95 0.007580
6453.62 0.010137
6456.29 -0.021368
6458.96 -0.006552
6461.63 0.010190
6464.30 0.005228
6466.97 0.007294
6469.64 -0.012790
6472.31 -0.002652
6474.98 0.007409
6477.65 0.000431
6480.32 0.000950
6482.99 -0.002299
6485.66 -0.002152
6488.33 0.014388
6491.00 -0.002905
6493.67 -0.013168
6496.34 -0.001002
6499.01 0.002617
6501.68 0.005345
6504.35 -0.007217
6507.02 -0.009986
6509.69 -0.008130
6512.36 -0.005475
6515.03 0.003504
6517.70 -0.016486
6520.37 -0.016721
6523.04 -0.005992
6525.71 -0.023422
6528.38 -0.008837
6531.05 -0.034722
6533.72 -0.050950
6536.39 -0.036960
6539.06 -0.036746
6541.73 -0.021440
6544.40 -0.037356
6547.07 -0.035651
6549.74 -0.018705
6552.41 -0.006180
6555.08 -0.013810
6557.75 -0.020130
6560.42 0.001778
6563.09 -0.004266
6565.76 -0.018813
6568.43 -0.021952
6571.10 -0.019370
6573.77 -0.016650
6576.44 -0.018889
6579.11 -0.010016
6581.78 -0.008092
6584.45 0.001450
6587.12 0.006525
6589.79 0.009068
6592.46 0.005704
6595.13 0.003849
6597.80 0.009254
6600.47 0.010572
6603.14 0.005119
6605.81 0.011657
6608.48 0.004334
6611.15 0.010288
6613.82 0.005808
6616.49 0.003244
6619.16 0.014984
6621.83 0.009251
6624.50 0.012021
6627.17 0.010337
6629.84 0.015999
6632.51 0.016105
6635.18 0.013203
6637.85 0.012875
6640.52 0.014121
6643.19 0.013954
6645.86 0.019823
6648.53 0.013355
6651.20 0.012483
6653.87 0.014994
6656.54 0.010453
6659.21 0.003855
6661.88 0.006196
6664.55 0.005510
6667.22 0.008916
6669.89 0.008132
6672.56 0.003825
6675.23 0.001677
6677.90 -0.000464
6680.57 0.005587
6683.24 0.004362
6685.91 0.003954
6688.58 0.001669
6691.25 -0.002766
6693.92 0.003192
6696.59 0.002087
6699.26 0.000296
6701.93 0.002750
6704.60 0.000245
6707.27 -0.000472
6709.94 0.004032
6712.61 0.003982
6715.28 0.004080
6717.95 0.004182
6720.62 0.004029
6723.29 0.004003
6725.96 0.003979
6728.63 0.003906
6731.30 0.003905
6733.97 0.003868
6736.64 0.003753
6739.31 0.003637
6741.98 0.003600
6744.65 0.003583
6747.32 0.003480
6749.99 0.003433
6752.66 0.003422
6755.33 0.003386
6758.00 0.003417
6760.67 0.003352
6763.34 0.003364
6766.01 0.003315
6768.68 0.003300
6771.35 0.003303
6774.02 0.003347
6776.69 0.003286
6779.36 0.003271
6782.03 0.003274
6784.70 0.003341
6787.37 0.003380
6790.04 0.003325
6792.71 0.003307
6795.38 0.003301
6798.05 0.003232
6800.72 0.003237
6803.39 0.003269
6806.06 0.003287
6808.73 0.003227
6811.40 0.003246
6814.07 0.003251
6816.74 0.003278
6819.41 0.003343
6822.08 0.003236
6824.75 0.003266
6827.42 0.003246
6830.09 0.003294
6832.76 0.003241
6835.43 0.003235
6838.10 0.003242
6840.77 0.003255
6843.44 0.003186
6846.11 0.003173
6848.78 0.003195
6851.45 0.003160
6854.12 0.003180
6856.79 0.003203
6859.46 0.003195
6862.13 0.003125
6864.80 0.003184
6867.47 0.003273
6870.14 0.003197
6872.81 0.003256
6875.48 0.003204
6878.15 0.003217
6880.82 0.003199
6883.49 0.003197
6886.16 0.003231
6888.83 0.003050
6891.50 0.003219
6894.17 0.003205
6896.84 0.003173
6899.51 0.003190
6902.18 0.003188
6904.85 0.003120
6907.52 0.003070
6910.19 0.003259
6912.86 0.003338
6915.53 0.003359
6918.20 0.003343
6920.87 0.003200
6923.54 0.003236
6926.21 0.003181
6928.88 0.003218
6931.55 0.003235
6934.22 0.003224
6936.89 0.003248
6939.56 0.003280
6942.23 0.003148
6944.90 0.003084
6947.57 0.003087
6950.24 0.003263
6952.91 0.003333
6955.58 0.003381
6958.25 0.003321
6960.92 0.003371
6963.59 0.003379
6966.26 0.003355
6968.93 0.003423
6971.60 0.003304
6974.27 0.003413
6976.94 0.003476
6979.61 0.003530
6982.28 0.003663
6984.95 0.003596
6987.62 0.003628
6990.29 0.003535
6992.96 0.003549
6995.63 0.003607
6998.30 0.003600
7000.97 0.003552
7003.64 0.003557
7006.31 0.003567
7008.98 0.003413
7011.65 0.003548
7014.32 0.003533
7016.99 0.003452
7019.66 0.003592
7022.33 0.003514
7025.00 0.003605
7027.67 0.003667
7030.34 0.003605
7033.01 0.003618
7035.68 0.003630
7038.35 0.003699
7041.02 0.003830
7043.69 0.003709
7046.36 0.003638
7049.03 0.003771
7051.70 0.003678
7054.37 0.003555
7057.04 0.003448
7059.71 0.003448
7062.38 0.003627
7065.05 0.003780
7067.72 0.003660
7070.39 0.003579
7073.06 0.003392
7075.73 0.003545
7078.40 0.003619
7081.07 0.003664
7083.74 0.003582
7086.41 0.003399
7089.08 0.003361
7091.75 0.003565
7094.42 0.003543
7097.09 0.003487
7099.76 0.003435
7102.43 0.003467
7105.10 0.003505
7107.77 0.003653
7110.44 0.003626
7113.11 0.003655
7115.78 0.003617
7118.45 0.003720
7121.12 0.003603
7123.79 0.003640
7126.46 0.003652
7129.13 0.003675
7131.80 0.003717
7134.47 0.003651
7137.14 0.003734
7139.81 0.003657
7142.48 0.003608
7145.15 0.003598
7147.82 0.003591
7150.49 0.003597
7153.16 0.003544
7155.83 0.003521
7158.50 0.003625
7161.17 0.003543
7163.84 0.003580
7166.51 0.003471
7169.18 0.003579
7171.85 0.003576
7174.52 0.003640
7177.19 0.003611
7179.86 0.003623
7182.53 0.003673
7185.20 0.003811
7187.87 0.003696
7190.54 0.003622
7193.21 0.003507
7195.88 0.003477
7198.55 0.003688
7201.22 0.003455
7203.89 0.003486
7206.56 0.003459
7209.23 0.003455
7211.90 0.003567
7214.57 0.003573
7217.24 0.003486
7219.91 0.003533
7222.58 0.003506
7225.25 0.003598
7227.92 0.003662
7230.59 0.003532
7233.26 0.003483
7235.93 0.003565
7238.60 0.003611
7241.27 0.003566
7243.94 0.003583
7246.61 0.003501
7249.28 0.003514
7251.95 0.003551
7254.62 0.003526
7257.29 0.003540
7259.96 0.003476
7262.63 0.003435
7265.30 0.003498
7267.97 0.003474
7270.64 0.003503
7273.31 0.003585
7275.98 0.003528
7278.65 0.003447
7281.32 0.003333
7283.99 0.003401
7286.66 0.003574
7289.33 0.003596
7292.00 0.003453
7294.67 0.003481
7297.34 0.003552
7300.01 0.003503
7302.68 0.003500
7305.35 0.003461
7308.02 0.003663
7310.69 0.003508
7313.36 0.003573
7316.03 0.003563
7318.70 0.003697
7321.37 0.003726
7324.04 0.003650
7326.71 0.003665
7329.38 0.003672
7332.05 0.003596
7334.72 0.003637
7337.39 0.003623
7340.06 0.003524
7342.73 0.003567
7345.40 0.003515
7348.07 0.003522
7350.74 0.003506
7353.41 0.003475
7356.08 0.003444
7358.75 0.003623
7361.42 0.003521
7364.09 0.003551
7366.76 0.003584
7369.43 0.003573
7372.10 0.003515
7374.77 0.003580
7377.44 0.003404
7380.11 0.003604
7382.78 0.003631
7385.45 0.003438
7388.12 0.003480
7390.79 0.003476
7393.46 0.003481
7396.13 0.003430
7398.80 0.003445
7401.47 0.003335
7404.14 0.003512
7406.81 0.003474
7409.48 0.003453
7412.15 0.003539
7414.82 0.003254
7417.49 0.003381
7420.16 0.003467
7422.83 0.003586
7425.50 0.003479
7428.17 0.003492
7430.84 0.003293
7433.51 0.003332
7436.18 0.003438
7438.85 0.003352
7441.52 0.003434
7444.19 0.003506
7446.86 0.003432
7449.53 0.003332
7452.20 0.003452
7454.87 0.003470
7457.54 0.003585
7460.21 0.003619
7462.88 0.003539
7465.55 0.003624
7468.22 0.003598
7470.89 0.003589
7473.56 0.003627
7476.23 0.003644
7478.90 0.003587
7481.57 0.003619
7484.24 0.003583
7486.91 0.003577
7489.58 0.003667
7492.25 0.003599
7494.92 0.003575
7497.59 0.003555
