2486.00 0.011082
2488.67 0.015434
2491.34 0.007275
2494.01 0.015135
2496.68 0.009722
2499.35 0.062764
2502.02 0.052443
2504.69 0.043318
2507.36 -0.101939
2510.03 0.047353
2512.70 0.056229
2515.37 -0.011822
2518.04 -0.056397
2520.71 0.046131
2523.38 -0.025309
2526.05 0.039066
2528.72 0.016795
2531.39 -0.006276
2534.06 0.031177
2536.73 -0.018562
2539.40 -0.040478
2542.07 -0.059270
2544.74 -0.002513
2547.41 0.156304
2550.08 -0.037785
2552.75 -0.008181
2555.42 0.032696
2558.09 0.014053
2560.76 -0.035209
2563.43 -0.078735
2566.10 0.060007
2568.77 0.090515
2571.44 0.035552
2574.11 0.022578
2576.78 -0.092206
2579.45 -0.040097
2582.12 -0.038090
2584.79 0.020872
2587.46 -0.040746
2590.13 0.045943
2592.80 -0.064474
2595.47 0.032969
2598.14 0.033321
2600.81 -0.003436
2603.48 -0.042854
2606.15 0.045021
2608.82 0.017471
2611.49 -0.028701
2614.16 -0.065725
2616.83 -0.036367
2619.50 -0.045060
2622.17 -0.053868
2624.84 -0.147878
2627.51 -0.044897
2630.18 -0.025250
2632.85 -0.005454
2635.52 0.017942
2638.19 0.042566
2640.86 -0.048055
2643.53 -0.006244
2646.20 -0.016568
2648.87 -0.032826
2651.54 0.040765
2654.21 0.058040
2656.88 -0.016161
2659.55 -0.031955
2662.22 0.001794
2664.89 0.071543
2667.56 -0.058659
2670.23 0.142042
2672.90 0.030639
2675.57 0.051206
2678.24 -0.049777
2680.91 0.053014
2683.58 -0.021567
2686.25 0.002341
2688.92 -0.023565
2691.59 -0.052753
2694.26 0.104190
2696.93 0.059341
2699.60 -0.016296
2702.27 0.024113
2704.94 -0.005684
2707.61 -0.034231
2710.28 -0.006967
2712.95 0.010637
2715.62 -0.011986
2718.29 -0.067955
2720.96 -0.082031
2723.63 0.007854
2726.30 0.005815
2728.97 -0.028362
2731.64 0.063058
2734.31 -0.000051
2736.98 0.021326
2739.65 0.005844
2742.32 0.062573
2744.99 0.026489
2747.66 -0.028351
2750.33 -0.003204
2753.00 0.012189
2755.67 0.018707
2758.34 -0.013127
2761.01 -0.051467
2763.68 -0.107972
2766.35 -0.098524
2769.02 -0.138561
2771.69 -0.061114
2774.36 -0.057346
2777.03 -0.109785
2779.70 -0.027822
2782.37 -0.007720
2785.04 -0.034358
2787.71 0.099503
2790.38 0.080844
2793.05 -0.009068
2795.72 0.029035
2798.39 -0.044961
2801.06 -0.013612
2803.73 0.074924
2806.40 0.064033
2809.07 -0.037536
2811.74 -0.001469
2814.41 0.055130
2817.08 0.029532
2819.75 0.071159
2822.42 0.076904
2825.09 0.048204
2827.76 0.057296
2830.43 0.019888
2833.10 -0.061954
2835.77 0.010065
2838.44 -0.005251
2841.11 -0.010008
2843.78 0.016942
2846.45 -0.005328
2849.12 -0.058509
2851.79 -0.054996
2854.46 -0.039915
2857.13 -0.009040
2859.80 0.096939
2862.47 0.052956
2865.14 -0.007016
2867.81 -0.004480
2870.48 0.016106
2873.15 -0.011711
2875.82 -0.014890
2878.49 -0.008951
2881.16 -0.020668
2883.83 -0.012893
2886.50 0.014142
2889.17 0.028972
2891.84 -0.025339
2894.51 0.013062
2897.18 0.008280
2899.85 -0.007958
2902.52 -0.008372
2905.19 0.070242
2907.86 -0.012895
2910.53 -0.025234
2913.20 -0.027056
2915.87 0.017373
2918.54 -0.009080
2921.21 0.008741
2923.88 -0.025672
2926.55 -0.010283
2929.22 -0.015649
2931.89 -0.025451
2934.56 -0.008253
2937.23 0.006041
2939.90 0.047057
2942.57 -0.023413
2945.24 -0.051365
2947.91 -0.060835
2950.58 -0.010882
2953.25 0.021947
2955.92 0.030195
2958.59 -0.004611
2961.26 -0.002684
2963.93 -0.044173
2966.60 -0.026938
2969.27 -0.047879
2971.94 0.016028
2974.61 0.002069
2977.28 0.074894
2979.95 -0.013999
2982.62 -0.009401
2985.29 0.011252
2987.96 0.015070
2990.63 -0.007770
2993.30 0.021993
2995.97 0.008380
2998.64 0.004971
3001.31 0.025176
3003.98 0.058038
3006.65 0.032371
3009.32 0.016852
3011.99 0.056205
3014.66 -0.007265
3017.33 -0.032994
3020.00 0.001126
3022.67 0.025471
3025.34 0.025581
3028.01 0.018352
3030.68 0.024078
3033.35 -0.001345
3036.02 0.012349
3038.69 0.021765
3041.36 -0.011673
3044.03 0.059755
3046.70 0.012677
3049.37 0.053777
3052.04 0.025032
3054.71 0.025352
3057.38 -0.017598
3060.05 0.015804
3062.72 -0.004582
3065.39 -0.013511
3068.06 0.035077
3070.73 0.024494
3073.40 0.015424
3076.07 0.011198
3078.74 0.015342
3081.41 -0.029011
3084.08 -0.038893
3086.75 -0.037109
3089.42 -0.013412
3092.09 0.020538
3094.76 0.005054
3097.43 -0.005301
3100.10 0.021469
3102.77 0.010603
3105.44 -0.022924
3108.11 -0.008221
3110.78 0.048325
3113.45 0.043922
3116.12 0.043511
3118.79 0.016774
3121.46 0.025745
3124.13 0.015650
3126.80 -0.001567
3129.47 -0.040722
3132.14 0.009967
3134.81 0.015177
3137.48 0.013997
3140.15 0.013057
3142.82 0.004315
3145.49 -0.008036
3148.16 0.019158
3150.83 -0.050808
3153.50 -0.020230
3156.17 -0.007371
3158.84 -0.005601
3161.51 0.019913
3164.18 -0.007185
3166.85 -0.018698
3169.52 -0.007465
3172.19 0.031011
3174.86 -0.029318
3177.53 -0.018201
3180.20 -0.044273
3182.87 0.018828
3185.54 0.054668
3188.21 -0.015125
3190.88 -0.018076
3193.55 0.015469
3196.22 0.039994
3198.89 0.013430
3201.56 -0.013443
3204.23 -0.053492
3206.90 -0.000358
3209.57 -0.006176
3212.24 0.023668
3214.91 -0.014797
3217.58 0.029463
3220.25 -0.000297
3222.92 0.002321
3225.59 -0.012536
3228.26 -0.001158
3230.93 -0.008321
3233.60 0.008881
3236.27 0.018569
3238.94 0.013135
3241.61 0.005560
3244.28 -0.001202
3246.95 0.020744
3249.62 -0.015600
3252.29 -0.037761
3254.96 -0.006107
3257.63 0.021863
3260.30 -0.028966
3262.97 -0.058523
3265.64 -0.024052
3268.31 0.008367
3270.98 -0.031504
3273.65 -0.037577
3276.32 -0.019910
3278.99 0.032932
3281.66 -0.014088
3284.33 -0.007400
3287.00 -0.040657
3289.67 -0.030854
3292.34 -0.051713
3295.01 -0.010977
3297.68 0.011824
3300.35 -0.005977
3303.02 0.001690
3305.69 0.025396
3308.36 -0.006101
3311.03 -0.009725
3313.70 -0.011369
3316.37 -0.012474
3319.04 0.009796
3321.71 0.005942
3324.38 -0.004095
3327.05 0.028295
3329.72 -0.004862
3332.39 -0.001550
3335.06 -0.013789
3337.73 -0.004547
3340.40 0.014161
3343.07 0.020620
3345.74 0.016243
3348.41 0.013645
3351.08 -0.016151
3353.75 0.016307
3356.42 0.036360
3359.09 -0.013468
3361.76 0.022176
3364.43 0.005557
3367.10 -0.018127
3369.77 -0.022755
3372.44 -0.028303
3375.11 0.004405
3377.78 0.006096
3380.45 0.008759
3383.12 -0.018883
3385.79 -0.010538
3388.46 -0.023309
3391.13 -0.035129
3393.80 -0.018451
3396.47 -0.025566
3399.14 -0.014038
3401.81 -0.007683
3404.48 0.025955
3407.15 -0.021234
3409.82 0.014426
3412.49 -0.040758
3415.16 -0.040564
3417.83 -0.015762
3420.50 -0.055141
3423.17 -0.028635
3425.84 -0.035430
3428.51 -0.030589
3431.18 -0.007307
3433.85 -0.029951
3436.52 -0.032972
3439.19 -0.009786
3441.86 -0.014922
3444.53 0.006105
3447.20 -0.007378
3449.87 -0.000955
3452.54 -0.019181
3455.21 0.007198
3457.88 -0.046516
3460.55 0.018214
3463.22 -0.044859
3465.89 0.000337
3468.56 -0.030124
3471.23 0.003622
3473.90 0.010323
3476.57 -0.018841
3479.24 -0.000706
3481.91 0.012890
3484.58 -0.005604
3487.25 -0.043494
3489.92 -0.033124
3492.59 -0.000941
3495.26 0.020195
3497.93 -0.011848
3500.60 0.010571
3503.27 -0.008527
3505.94 0.005824
3508.61 0.013088
3511.28 -0.009846
3513.95 0.008092
3516.62 -0.003826
3519.29 0.011800
3521.96 -0.002989
3524.63 0.003092
3527.30 0.004024
3529.97 -0.011572
3532.64 -0.005608
3535.31 0.000932
3537.98 0.034129
3540.65 0.034099
3543.32 0.017300
3545.99 0.017445
3548.66 0.018426
3551.33 0.034000
3554.00 0.030630
3556.67 0.002489
3559.34 0.027765
3562.01 0.024111
3564.68 0.012952
3567.35 -0.019845
3570.02 0.012856
3572.69 -0.023678
3575.36 -0.029853
3578.03 0.031262
3580.70 -0.013858
3583.37 0.020915
3586.04 0.035897
3588.71 0.009316
3591.38 -0.012371
3594.05 0.018186
3596.72 0.007275
3599.39 0.026547
3602.06 -0.013446
3604.73 0.012506
3607.40 -0.000112
3610.07 0.014616
3612.74 0.002005
3615.41 -0.004470
3618.08 0.005234
3620.75 0.035018
3623.42 0.029077
3626.09 0.011184
3628.76 0.010473
3631.43 -0.028716
3634.10 -0.019272
3636.77 -0.012502
3639.44 0.029543
3642.11 0.041565
3644.78 0.014831
3647.45 0.034262
3650.12 0.020644
3652.79 0.010844
3655.46 -0.008267
3658.13 0.020320
3660.80 -0.007394
3663.47 0.002618
3666.14 -0.034641
3668.81 0.006963
3671.48 0.012175
3674.15 -0.014365
3676.82 0.024032
3679.49 0.027536
3682.16 -0.017950
3684.83 0.016082
3687.50 0.013811
3690.17 0.022520
3692.84 0.007356
3695.51 0.005872
3698.18 -0.009112
3700.85 0.001269
3703.52 0.024854
3706.19 0.000773
3708.86 0.046736
3711.53 0.024563
3714.20 0.013751
3716.87 0.031315
3719.54 0.031295
3722.21 0.009744
3724.88 0.042244
3727.55 0.010551
3730.22 -0.013591
3732.89 0.044626
3735.56 0.003723
3738.23 -0.020427
3740.90 0.002412
3743.57 -0.000508
3746.24 -0.005280
3748.91 0.032371
3751.58 -0.003169
3754.25 0.012087
3756.92 0.002162
3759.59 0.029674
3762.26 0.039853
3764.93 0.025841
3767.60 -0.002604
3770.27 0.010685
3772.94 0.045299
3775.61 0.048640
3778.28 -0.015185
3780.95 0.018314
3783.62 -0.010259
3786.29 0.028949
3788.96 0.026030
3791.63 0.005387
3794.30 -0.008457
3796.97 0.003250
3799.64 0.013797
3802.31 0.033775
3804.98 -0.003406
3807.65 0.010066
3810.32 0.011456
3812.99 0.007905
3815.66 -0.016399
3818.33 0.020957
3821.00 0.005033
3823.67 -0.011281
3826.34 0.031633
3829.01 -0.016990
3831.68 0.007213
3834.35 -0.011298
3837.02 -0.028767
3839.69 -0.014696
3842.36 -0.029843
3845.03 -0.028466
3847.70 -0.018812
3850.37 -0.029051
3853.04 -0.024189
3855.71 -0.007294
3858.38 -0.034549
3861.05 -0.014378
3863.72 -0.020391
3866.39 -0.051607
3869.06 -0.015935
3871.73 -0.000317
3874.40 -0.022700
3877.07 -0.010955
3879.74 0.036580
3882.41 0.002901
3885.08 -0.009423
3887.75 0.014932
3890.42 0.009534
3893.09 0.021452
3895.76 0.009927
3898.43 0.000215
3901.10 -0.004987
3903.77 0.003424
3906.44 0.001982
3909.11 -0.030354
3911.78 0.017157
3914.45 -0.043375
3917.12 -0.005588
3919.79 -0.014935
3922.46 0.009676
3925.13 -0.030299
3927.80 -0.047060
3930.47 -0.009348
3933.14 -0.026310
3935.81 0.017149
3938.48 0.004190
3941.15 0.008032
3943.82 0.014858
3946.49 0.013748
3949.16 -0.016981
3951.83 0.008016
3954.50 0.018565
3957.17 -0.012646
3959.84 -0.021519
3962.51 -0.002329
3965.18 0.020780
3967.85 0.016419
3970.52 -0.018708
3973.19 -0.010332
3975.86 -0.026014
3978.53 -0.003842
3981.20 0.016487
3983.87 -0.018933
3986.54 0.018182
3989.21 -0.006855
3991.88 0.005298
3994.55 -0.016993
3997.22 -0.000885
3999.89 0.002870
4002.56 -0.028054
4005.23 0.002480
4007.90 0.002436
4010.57 -0.036101
4013.24 0.015695
4015.91 0.037157
4018.58 0.025359
4021.25 -0.018736
4023.92 -0.015483
4026.59 -0.007460
4029.26 0.029989
4031.93 -0.008930
4034.60 0.009289
4037.27 0.014053
4039.94 0.007531
4042.61 0.017771
4045.28 -0.026801
4047.95 0.009946
4050.62 0.027250
4053.29 0.008887
4055.96 0.001019
4058.63 0.014697
4061.30 -0.014705
4063.97 0.013018
4066.64 -0.000186
4069.31 -0.035086
4071.98 -0.017200
4074.65 0.005252
4077.32 0.010273
4079.99 -0.006613
4082.66 -0.023151
4085.33 -0.012347
4088.00 -0.017198
4090.67 0.000034
4093.34 -0.014370
4096.01 -0.012460
4098.68 0.017709
4101.35 0.001004
4104.02 0.009919
4106.69 0.017237
4109.36 -0.000023
4112.03 -0.009198
4114.70 0.003187
4117.37 -0.023761
4120.04 0.003970
4122.71 -0.003231
4125.38 0.003043
4128.05 0.003457
4130.72 -0.006334
4133.39 -0.015173
4136.06 0.006937
4138.73 -0.007719
4141.40 -0.024725
4144.07 0.011144
4146.74 0.016954
4149.41 -0.014731
4152.08 -0.023647
4154.75 0.006512
4157.42 0.000160
4160.09 0.005385
4162.76 0.018249
4165.43 0.006409
4168.10 0.013909
4170.77 -0.001134
4173.44 0.025974
4176.11 0.025444
4178.78 -0.017890
4181.45 0.019621
4184.12 0.001108
4186.79 0.021801
4189.46 0.010130
4192.13 0.007062
4194.80 -0.009172
4197.47 0.006022
4200.14 0.050539
4202.81 0.004534
4205.48 0.017858
4208.15 0.007016
4210.82 0.015430
4213.49 -0.000104
4216.16 -0.000178
4218.83 0.006603
4221.50 -0.007094
4224.17 0.008356
4226.84 0.019882
4229.51 -0.008783
4232.18 0.033820
4234.85 0.011120
4237.52 0.028005
4240.19 0.031882
4242.86 0.021774
4245.53 0.020440
4248.20 0.007772
4250.87 -0.000049
4253.54 -0.003065
4256.21 0.018695
4258.88 0.001290
4261.55 0.004015
4264.22 -0.016251
4266.89 0.002132
4269.56 0.006544
4272.23 -0.016826
4274.90 -0.015980
4277.57 -0.037725
4280.24 -0.039262
4282.91 -0.024965
4285.58 -0.018318
4288.25 -0.025026
4290.92 -0.032249
4293.59 -0.014054
4296.26 -0.012704
4298.93 -0.010112
4301.60 0.002045
4304.27 -0.000236
4306.94 -0.014250
4309.61 -0.030244
4312.28 -0.015649
4314.95 -0.023224
4317.62 -0.008844
4320.29 -0.011082
4322.96 -0.027069
4325.63 -0.026325
4328.30 -0.015904
4330.97 -0.002759
4333.64 -0.020095
4336.31 -0.006879
4338.98 0.015033
4341.65 0.011734
4344.32 0.011533
4346.99 -0.008432
4349.66 -0.037450
4352.33 0.011596
4355.00 -0.020561
4357.67 0.005984
4360.34 -0.016088
4363.01 -0.034222
4365.68 -0.030348
4368.35 -0.029518
4371.02 -0.013428
4373.69 0.001715
4376.36 -0.000757
4379.03 -0.008160
4381.70 -0.023215
4384.37 0.013546
4387.04 0.018385
4389.71 0.012942
4392.38 0.006206
4395.05 -0.001435
4397.72 0.016685
4400.39 0.006035
4403.06 -0.007889
4405.73 0.000687
4408.40 0.018668
4411.07 0.005830
4413.74 0.019167
4416.41 -0.008552
4419.08 0.018223
4421.75 0.028867
4424.42 0.016832
4427.09 0.010030
4429.76 0.005043
4432.43 0.003910
4435.10 0.003227
4437.77 0.008869
4440.44 0.007144
4443.11 0.015390
4445.78 0.016615
4448.45 0.018305
4451.12 0.029553
4453.79 0.012161
4456.46 0.006894
4459.13 -0.003926
4461.80 0.004704
4464.47 0.001136
4467.14 0.025430
4469.81 0.020379
4472.48 0.023162
4475.15 0.022534
4477.82 0.011859
4480.49 0.035073
4483.16 -0.012753
4485.83 0.004745
4488.50 0.005688
4491.17 -0.005174
4493.84 0.022820
4496.51 0.046249
4499.18 0.001676
4501.85 -0.020102
4504.52 -0.007273
4507.19 -0.009045
4509.86 0.001144
4512.53 -0.027146
4515.20 0.003421
4517.87 -0.012097
4520.54 0.010788
4523.21 -0.000872
4525.88 -0.012923
4528.55 -0.031971
4531.22 -0.002464
4533.89 0.000789
4536.56 -0.003461
4539.23 -0.021003
4541.90 -0.002345
4544.57 -0.012360
4547.24 -0.000992
4549.91 -0.001512
4552.58 0.004020
4555.25 -0.000324
4557.92 0.011304
4560.59 -0.003759
4563.26 0.000312
4565.93 -0.010518
4568.60 -0.032768
4571.27 -0.007519
4573.94 -0.005202
4576.61 0.013299
4579.28 0.010190
4581.95 0.015278
4584.62 0.001822
4587.29 -0.001753
4589.96 -0.000466
4592.63 0.001417
4595.30 -0.005453
4597.97 -0.006409
4600.64 -0.002335
4603.31 -0.019464
4605.98 -0.008038
4608.65 -0.020124
4611.32 -0.004902
4613.99 -0.029861
4616.66 -0.009538
4619.33 0.006933
4622.00 -0.009659
4624.67 0.013108
4627.34 0.026037
4630.01 0.014652
4632.68 0.009829
4635.35 0.010709
4638.02 0.015191
4640.69 0.011961
4643.36 0.000042
4646.03 -0.012772
4648.70 -0.007036
4651.37 -0.005520
4654.04 0.011089
4656.71 -0.003750
4659.38 -0.004721
4662.05 0.019785
4664.72 0.011258
4667.39 0.018327
4670.06 0.025813
4672.73 0.023224
4675.40 0.007569
4678.07 -0.000822
4680.74 -0.008656
4683.41 -0.023757
4686.08 -0.016411
4688.75 0.009471
4691.42 0.003453
4694.09 -0.000039
4696.76 0.013759
4699.43 0.000583
4702.10 -0.004774
4704.77 0.015791
4707.44 -0.008558
4710.11 -0.001741
4712.78 0.027181
4715.45 -0.009235
4718.12 0.001406
4720.79 -0.004006
4723.46 0.011010
4726.13 0.003861
4728.80 0.014883
4731.47 0.000254
4734.14 -0.013479
4736.81 0.014389
4739.48 0.013511
4742.15 0.002636
4744.82 -0.006299
4747.49 0.000621
4750.16 -0.019395
4752.83 0.009816
4755.50 0.003983
4758.17 0.012193
4760.84 0.010597
4763.51 -0.005610
4766.18 0.009360
4768.85 0.002276
4771.52 0.012464
4774.19 0.008524
4776.86 -0.003026
4779.53 -0.007357
4782.20 -0.010266
4784.87 -0.007260
4787.54 -0.025339
4790.21 -0.022009
4792.88 -0.039028
4795.55 -0.038225
4798.22 -0.041985
4800.89 -0.035666
4803.56 -0.015998
4806.23 -0.014873
4808.90 0.008827
4811.57 0.009805
4814.24 -0.009123
4816.91 -0.011199
4819.58 0.006781
4822.25 -0.018296
4824.92 -0.012339
4827.59 -0.007765
4830.26 -0.006739
4832.93 -0.022163
4835.60 -0.023558
4838.27 -0.005418
4840.94 -0.018962
4843.61 -0.038564
4846.28 -0.015969
4848.95 -0.024700
4851.62 -0.008630
4854.29 0.000565
4856.96 -0.027537
4859.63 -0.001638
4862.30 -0.003616
4864.97 0.005904
4867.64 0.017845
4870.31 0.001618
4872.98 -0.052573
4875.65 -0.033984
4878.32 -0.054729
4880.99 -0.032149
4883.66 -0.024589
4886.33 -0.042181
4889.00 -0.010107
4891.67 -0.014533
4894.34 -0.009498
4897.01 -0.026603
4899.68 -0.018513
4902.35 0.006695
4905.02 -0.017474
4907.69 -0.000941
4910.36 -0.001096
4913.03 -0.001120
4915.70 0.023682
4918.37 0.032096
4921.04 0.008390
4923.71 0.025214
4926.38 0.018313
4929.05 0.026176
4931.72 0.035252
4934.39 0.015301
4937.06 -0.001998
4939.73 -0.001198
4942.40 -0.043622
4945.07 -0.018435
4947.74 0.015385
4950.41 0.013327
4953.08 -0.007861
4955.75 -0.013004
4958.42 -0.008101
4961.09 -0.009848
4963.76 0.027029
4966.43 0.016417
4969.10 0.015885
4971.77 0.009258
4974.44 0.024386
4977.11 -0.001534
4979.78 -0.003833
4982.45 -0.006970
4985.12 0.022919
4987.79 -0.030091
4990.46 -0.025319
4993.13 0.018956
4995.80 -0.010991
4998.47 -0.004273
5001.14 -0.087294
5003.81 -0.060400
5006.48 -0.014548
5009.15 0.005884
5011.82 0.074813
5014.49 0.084098
5017.16 0.052591
5019.83 0.087198
5022.50 0.075694
5025.17 0.027742
5027.84 -0.000412
5030.51 -0.005501
5033.18 0.003464
5035.85 0.025803
5038.52 0.007916
5041.19 0.028740
5043.86 0.018087
5046.53 0.014315
5049.20 -0.012889
5051.87 0.014380
5054.54 0.025549
5057.21 0.013653
5059.88 -0.000835
5062.55 0.000598
5065.22 0.013507
5067.89 0.004292
5070.56 0.017296
5073.23 0.038994
5075.90 0.019049
5078.57 0.013850
5081.24 0.022682
5083.91 0.022236
5086.58 0.029719
5089.25 0.012923
5091.92 0.021479
5094.59 -0.001498
5097.26 0.013325
5099.93 0.018910
5102.60 0.022428
5105.27 0.025419
5107.94 0.009603
5110.61 0.016577
5113.28 -0.012097
5115.95 0.000788
5118.62 0.009996
5121.29 0.003781
5123.96 -0.010641
5126.63 0.010715
5129.30 -0.004338
5131.97 -0.002374
5134.64 0.010398
5137.31 -0.012212
5139.98 -0.014704
5142.65 0.013878
5145.32 0.021385
5147.99 -0.012142
5150.66 0.003938
5153.33 0.011328
5156.00 -0.008841
5158.67 0.014042
5161.34 0.005040
5164.01 -0.010261
5166.68 0.024637
5169.35 -0.011489
5172.02 0.009729
5174.69 -0.024054
5177.36 -0.025087
5180.03 -0.000670
5182.70 -0.008311
5185.37 -0.008169
5188.04 -0.040617
5190.71 -0.010507
5193.38 -0.015550
5196.05 -0.005240
5198.72 -0.008852
5201.39 0.016263
5204.06 -0.007247
5206.73 0.007544
5209.40 0.010457
5212.07 -0.005018
5214.74 0.021296
5217.41 -0.025935
5220.08 -0.005662
5222.75 -0.015266
5225.42 -0.009535
5228.09 -0.007293
5230.76 0.009954
5233.43 0.007303
5236.10 0.019146
5238.77 0.031767
5241.44 -0.013757
5244.11 0.010985
5246.78 -0.016503
5249.45 -0.003743
5252.12 -0.008265
5254.79 0.022360
5257.46 0.021827
5260.13 0.001819
5262.80 0.012260
5265.47 -0.022610
5268.14 -0.015089
5270.81 0.007120
5273.48 0.008342
5276.15 0.006201
5278.82 0.011264
5281.49 -0.035481
5284.16 0.007317
5286.83 -0.026086
5289.50 -0.006456
5292.17 -0.001580
5294.84 -0.020986
5297.51 -0.032229
5300.18 -0.026410
5302.85 -0.014243
5305.52 -0.003305
5308.19 -0.009011
5310.86 0.005532
5313.53 0.009503
5316.20 0.041452
5318.87 0.015566
5321.54 0.016986
5324.21 0.007511
5326.88 -0.014047
5329.55 -0.006482
5332.22 0.008570
5334.89 -0.010424
5337.56 -0.021913
5340.23 0.006246
5342.90 -0.006550
5345.57 -0.022745
5348.24 0.000716
5350.91 0.011238
5353.58 -0.004151
5356.25 0.022175
5358.92 0.011048
5361.59 -0.002944
5364.26 -0.011215
5366.93 0.016801
5369.60 0.016461
5372.27 -0.020480
5374.94 0.016452
5377.61 -0.002817
5380.28 -0.011313
5382.95 -0.003779
5385.62 -0.012193
5388.29 0.004328
5390.96 -0.008763
5393.63 0.002698
5396.30 0.001523
5398.97 0.032183
5401.64 -0.011882
5404.31 -0.010140
5406.98 -0.007775
5409.65 0.012927
5412.32 0.010444
5414.99 0.004696
5417.66 -0.009080
5420.33 0.018920
5423.00 -0.033438
5425.67 0.004811
5428.34 0.002644
5431.01 0.004737
5433.68 0.019477
5436.35 -0.007465
5439.02 0.041381
5441.69 0.031784
5444.36 0.008855
5447.03 -0.019436
5449.70 0.018817
5452.37 0.010960
5455.04 0.016942
5457.71 0.028261
5460.38 0.019421
5463.05 0.014369
5465.72 0.015067
5468.39 -0.000218
5471.06 -0.007596
5473.73 -0.015856
5476.40 0.021878
5479.07 -0.009961
5481.74 0.018477
5484.41 0.022634
5487.08 0.020220
5489.75 0.000063
5492.42 0.027061
5495.09 -0.002155
5497.76 0.006076
5500.43 0.004163
5503.10 -0.030117
5505.77 -0.000229
5508.44 -0.014392
5511.11 -0.016659
5513.78 0.035734
5516.45 0.024982
5519.12 0.007399
5521.79 -0.014802
5524.46 -0.005269
5527.13 -0.002579
5529.80 0.009918
5532.47 0.009803
5535.14 -0.003684
5537.81 0.026235
5540.48 0.005713
5543.15 -0.001789
5545.82 0.008021
5548.49 0.002212
5551.16 0.025551
5553.83 0.031736
5556.50 0.019069
5559.17 0.006785
5561.84 0.000089
5564.51 0.011278
5567.18 0.015501
5569.85 0.004509
5572.52 -0.010787
5575.19 -0.037518
5577.86 -0.031288
5580.53 -0.029874
5583.20 -0.016598
5585.87 -0.010319
5588.54 -0.013368
5591.21 -0.006305
5593.88 -0.007361
5596.55 0.003141
5599.22 -0.011579
5601.89 0.014612
5604.56 -0.014713
5607.23 -0.017920
5609.90 -0.010930
5612.57 -0.005795
5615.24 0.000536
5617.91 0.000606
5620.58 -0.007756
5623.25 -0.014482
5625.92 -0.011452
5628.59 -0.019826
5631.26 -0.025247
5633.93 -0.035335
5636.60 -0.013796
5639.27 0.002758
5641.94 -0.003068
5644.61 -0.001800
5647.28 0.014314
5649.95 0.009113
5652.62 0.027400
5655.29 0.000387
5657.96 0.004965
5660.63 0.047660
5663.30 0.029507
5665.97 -0.004786
5668.64 -0.024423
5671.31 -0.009930
5673.98 -0.014110
5676.65 0.005112
5679.32 0.015294
5681.99 0.008400
5684.66 0.009611
5687.33 -0.026494
5690.00 -0.009451
5692.67 0.004258
5695.34 0.030046
5698.01 -0.006703
5700.68 -0.007805
5703.35 0.013236
5706.02 0.021873
5708.69 -0.041494
5711.36 -0.033335
5714.03 0.007103
5716.70 -0.024820
5719.37 -0.029683
5722.04 -0.013262
5724.71 -0.004534
5727.38 0.014550
5730.05 -0.014664
5732.72 -0.018422
5735.39 -0.029396
5738.06 -0.021405
5740.73 -0.023009
5743.40 0.018631
5746.07 0.004809
5748.74 -0.013313
5751.41 -0.019425
5754.08 0.013227
5756.75 -0.023640
5759.42 -0.040845
5762.09 -0.013337
5764.76 -0.009350
5767.43 0.026236
5770.10 0.005854
5772.77 0.006445
5775.44 0.008192
5778.11 -0.032924
5780.78 -0.023488
5783.45 -0.008965
5786.12 -0.034889
5788.79 -0.012332
5791.46 -0.036054
5794.13 -0.019325
5796.80 -0.005896
5799.47 0.027041
5802.14 0.008443
5804.81 0.004370
5807.48 0.021330
5810.15 0.027593
5812.82 -0.001407
5815.49 -0.032845
5818.16 -0.006701
5820.83 -0.032188
5823.50 -0.023025
5826.17 -0.015876
5828.84 -0.009658
5831.51 -0.033295
5834.18 -0.055886
5836.85 -0.048074
5839.52 -0.027131
5842.19 0.006920
5844.86 0.004486
5847.53 -0.004411
5850.20 0.029135
5852.87 -0.010358
5855.54 -0.014430
5858.21 0.022500
5860.88 0.003892
5863.55 0.016811
5866.22 -0.000754
5868.89 0.019521
5871.56 -0.000520
5874.23 -0.036240
5876.90 -0.015156
5879.57 -0.035979
5882.24 -0.008366
5884.91 -0.010916
5887.58 -0.000209
5890.25 0.012939
5892.92 0.002693
5895.59 0.033551
5898.26 0.027939
5900.93 -0.031601
5903.60 0.029668
5906.27 0.020366
5908.94 0.027499
5911.61 -0.013149
5914.28 0.023196
5916.95 -0.019905
5919.62 0.003046
5922.29 -0.002597
5924.96 -0.001956
5927.63 0.038154
5930.30 -0.052294
5932.97 -0.027257
5935.64 -0.036516
5938.31 -0.019193
5940.98 -0.019100
5943.65 -0.048513
5946.32 -0.022752
5948.99 0.004285
5951.66 -0.024272
5954.33 -0.037614
5957.00 0.020809
5959.67 -0.006202
5962.34 0.002079
5965.01 0.030029
5967.68 -0.032774
5970.35 0.032960
5973.02 0.015645
5975.69 0.004973
5978.36 0.003026
5981.03 0.032317
5983.70 0.009803
5986.37 0.005281
5989.04 0.018676
5991.71 -0.001843
5994.38 0.029520
5997.05 -0.006351
5999.72 -0.037457
6002.39 -0.003737
6005.06 0.035102
6007.73 0.015721
6010.40 0.019948
6013.07 0.033093
6015.74 -0.014460
6018.41 0.045534
6021.08 0.027434
6023.75 0.035432
6026.42 -0.002961
6029.09 0.038204
6031.76 0.050190
6034.43 0.034262
6037.10 -0.006442
6039.77 0.023433
6042.44 -0.002441
6045.11 0.002953
6047.78 -0.011988
6050.45 0.023485
6053.12 0.013003
6055.79 0.032244
6058.46 0.011144
6061.13 0.000817
6063.80 -0.012751
6066.47 0.000588
6069.14 0.028525
6071.81 -0.004536
6074.48 -0.000885
6077.15 0.054183
6079.82 0.007183
6082.49 -0.027992
6085.16 0.013432
6087.83 0.025458
6090.50 -0.001022
6093.17 0.046487
6095.84 0.036031
6098.51 -0.044029
6101.18 0.032984
6103.85 -0.027402
6106.52 -0.002761
6109.19 -0.032494
6111.86 -0.003091
6114.53 -0.055273
6117.20 -0.058560
6119.87 -0.035571
6122.54 -0.002176
6125.21 -0.035139
6127.88 -0.041962
6130.55 0.007214
6133.22 -0.028892
6135.89 -0.013575
6138.56 0.003934
6141.23 0.029527
6143.90 -0.019627
6146.57 0.023470
6149.24 0.013807
6151.91 -0.028486
6154.58 -0.023003
6157.25 -0.049216
6159.92 -0.046283
6162.59 -0.013510
6165.26 -0.001235
6167.93 0.012219
6170.60 0.000223
6173.27 -0.007099
6175.94 -0.019453
6178.61 -0.005825
6181.28 -0.000953
6183.95 0.012406
6186.62 0.001639
6189.29 0.002901
6191.96 -0.008504
6194.63 -0.012009
6197.30 -0.009853
6199.97 0.005261
6202.64 0.030688
6205.31 0.042789
6207.98 0.025579
6210.65 -0.014171
6213.32 -0.005468
6215.99 0.009147
6218.66 0.010447
6221.33 -0.015539
6224.00 -0.027009
6226.67 -0.004749
6229.34 0.074005
6232.01 0.025437
6234.68 0.003390
6237.35 -0.017892
6240.02 0.016338
6242.69 0.057617
6245.36 0.025611
6248.03 -0.001634
6250.70 -0.006257
6253.37 -0.023288
6256.04 -0.015287
6258.71 -0.009595
6261.38 -0.022628
6264.05 -0.009926
6266.72 -0.009621
6269.39 0.011460
6272.06 0.005389
6274.73 -0.013802
6277.40 0.024178
6280.07 -0.003978
6282.74 0.003772
6285.41 -0.015511
6288.08 0.008971
6290.75 -0.009244
6293.42 -0.004364
6296.09 0.017820
6298.76 0.002389
6301.43 0.005972
6304.10 0.004370
6306.77 0.005366
6309.44 0.012095
6312.11 0.006170
6314.78 -0.009960
6317.45 -0.003838
6320.12 -0.006091
6322.79 -0.013321
6325.46 -0.015770
6328.13 -0.006274
6330.80 -0.003944
6333.47 -0.002374
6336.14 -0.008466
6338.81 -0.018941
6341.48 -0.024613
6344.15 -0.002415
6346.82 -0.004520
6349.49 -0.012512
6352.16 -0.017595
6354.83 -0.010267
6357.50 -0.016104
6360.17 -0.031934
6362.84 -0.024015
6365.51 -0.020130
6368.18 -0.033462
6370.85 -0.019635
6373.52 -0.038734
6376.19 -0.032553
6378.86 -0.016128
6381.53 -0.048854
6384.20 -0.050448
6386.87 -0.020189
6389.54 -0.006872
6392.21 0.001953
6394.88 -0.024676
6397.55 -0.025087
6400.22 -0.023547
6402.89 -0.021028
6405.56 -0.025959
6408.23 -0.028195
6410.90 0.003448
6413.57 -0.009171
6416.24 -0.005946
6418.91 -0.004139
6421.58 -0.021382
6424.25 -0.008798
6426.92 -0.009624
6429.59 -0.011569
6432.26 -0.011083
6434.93 -0.028480
6437.60 -0.015516
6440.27 -0.019777
6442.94 -0.024588
6445.61 0.002482
6448.28 -0.027692
6450.95 -0.017139
6453.62 -0.023008
6456.29 0.005062
6458.96 -0.015122
6461.63 -0.035848
6464.30 -0.030334
6466.97 -0.019792
6469.64 0.000251
6472.31 -0.003728
6474.98 -0.031140
6477.65 -0.015954
6480.32 -0.013494
6482.99 -0.021721
6485.66 -0.025898
6488.33 -0.046471
6491.00 -0.015298
6493.67 0.007404
6496.34 -0.004378
6499.01 -0.031002
6501.68 -0.028885
6504.35 -0.017347
6507.02 0.004628
6509.69 -0.002281
6512.36 -0.008287
6515.03 -0.023779
6517.70 -0.013489
6520.37 -0.001896
6523.04 0.001712
6525.71 0.026352
6528.38 0.003880
6531.05 0.016166
6533.72 0.045967
6536.39 0.026416
6539.06 0.025885
6541.73 0.021866
6544.40 0.023869
6547.07 0.024112
6549.74 0.016393
6552.41 0.011495
6555.08 -0.003430
6557.75 -0.003759
6560.42 0.003080
6563.09 0.001341
6565.76 -0.003049
6568.43 -0.004070
6571.10 -0.003433
6573.77 -0.002705
6576.44 -0.003515
6579.11 -0.000906
6581.78 -0.000420
6584.45 0.002410
6587.12 0.003901
6589.79 0.004577
6592.46 0.003443
6595.13 0.002791
6597.80 0.004354
6600.47 0.004683
6603.14 0.002947
6605.81 0.004854
6608.48 0.002577
6611.15 0.004335
6613.82 0.002919
6616.49 0.002061
6619.16 0.005596
6621.83 0.003842
6624.50 0.004644
6627.17 0.004082
6629.84 0.005789
6632.51 0.005787
6635.18 0.004899
6637.85 0.004780
6640.52 0.005138
6643.19 0.005058
6645.86 0.006818
6648.53 0.004842
6651.20 0.004571
6653.87 0.005322
6656.54 0.003936
6659.21 0.001901
6661.88 0.002607
6664.55 0.002380
6667.22 0.003392
6669.89 0.003154
6672.56 0.001823
6675.23 0.001150
6677.90 0.000494
6680.57 0.002327
6683.24 0.001956
6685.91 0.001793
6688.58 0.001091
6691.25 -0.000272
6693.92 0.001538
6696.59 0.001202
6699.26 0.000646
6701.93 0.001391
6704.60 0.000619
6707.27 0.000398
6709.94 0.001776
6712.61 0.001753
6715.28 0.001796
6717.95 0.001840
6720.62 0.001774
6723.29 0.001762
6725.96 0.001751
6728.63 0.001719
6731.30 0.001719
6733.97 0.001703
6736.64 0.001652
6739.31 0.001601
6741.98 0.001584
6744.65 0.001577
6747.32 0.001532
6749.99 0.001511
6752.66 0.001506
6755.33 0.001490
6758.00 0.001504
6760.67 0.001475
6763.34 0.001480
6766.01 0.001459
6768.68 0.001452
6771.35 0.001454
6774.02 0.001473
6776.69 0.001446
6779.36 0.001440
6782.03 0.001441
6784.70 0.001470
6787.37 0.001488
6790.04 0.001463
6792.71 0.001456
6795.38 0.001453
6798.05 0.001422
6800.72 0.001425
6803.39 0.001439
6806.06 0.001447
6808.73 0.001420
6811.40 0.001429
6814.07 0.001431
6816.74 0.001443
6819.41 0.001471
6822.08 0.001424
6824.75 0.001438
6827.42 0.001428
6830.09 0.001450
6832.76 0.001426
6835.43 0.001424
6838.10 0.001427
6840.77 0.001432
6843.44 0.001402
6846.11 0.001397
6848.78 0.001406
6851.45 0.001391
6854.12 0.001400
6856.79 0.001410
6859.46 0.001407
6862.13 0.001376
6864.80 0.001401
6867.47 0.001441
6870.14 0.001407
6872.81 0.001433
6875.48 0.001410
6878.15 0.001416
6880.82 0.001408
6883.49 0.001407
6886.16 0.001422
6888.83 0.001342
6891.50 0.001416
6894.17 0.001410
6896.84 0.001396
6899.51 0.001404
6902.18 0.001403
6904.85 0.001373
6907.52 0.001351
6910.19 0.001435
6912.86 0.001469
6915.53 0.001479
6918.20 0.001471
6920.87 0.001408
6923.54 0.001425
6926.21 0.001400
6928.88 0.001416
6931.55 0.001424
6934.22 0.001419
6936.89 0.001430
6939.56 0.001443
6942.23 0.001386
6944.90 0.001357
6947.57 0.001359
6950.24 0.001436
6952.91 0.001467
6955.58 0.001488
6958.25 0.001461
6960.92 0.001484
6963.59 0.001487
6966.26 0.001477
6968.93 0.001506
6971.60 0.001454
6974.27 0.001502
6976.94 0.001530
6979.61 0.001554
6982.28 0.001612
6984.95 0.001583
6987.62 0.001597
6990.29 0.001556
6992.96 0.001562
6995.63 0.001588
6998.30 0.001584
7000.97 0.001564
7003.64 0.001566
7006.31 0.001570
7008.98 0.001502
7011.65 0.001562
7014.32 0.001555
7016.99 0.001519
7019.66 0.001581
7022.33 0.001547
7025.00 0.001587
7027.67 0.001614
7030.34 0.001587
7033.01 0.001592
7035.68 0.001598
7038.35 0.001628
7041.02 0.001686
7043.69 0.001633
7046.36 0.001601
7049.03 0.001660
7051.70 0.001619
7054.37 0.001565
7057.04 0.001517
7059.71 0.001518
7062.38 0.001596
7065.05 0.001664
7067.72 0.001611
7070.39 0.001575
7073.06 0.001493
7075.73 0.001560
7078.40 0.001593
7081.07 0.001613
7083.74 0.001577
7086.41 0.001496
7089.08 0.001480
7091.75 0.001569
7094.42 0.001559
7097.09 0.001535
7099.76 0.001512
7102.43 0.001526
7105.10 0.001543
7107.77 0.001608
7110.44 0.001596
7113.11 0.001609
7115.78 0.001592
7118.45 0.001637
7121.12 0.001586
7123.79 0.001602
7126.46 0.001607
7129.13 0.001617
7131.80 0.001636
7134.47 0.001607
7137.14 0.001643
7139.81 0.001609
7142.48 0.001588
7145.15 0.001584
7147.82 0.001581
7150.49 0.001583
7153.16 0.001560
7155.83 0.001550
7158.50 0.001595
7161.17 0.001560
7163.84 0.001576
7166.51 0.001528
7169.18 0.001575
7171.85 0.001574
7174.52 0.001602
7177.19 0.001589
7179.86 0.001595
7182.53 0.001617
7185.20 0.001677
7187.87 0.001627
7190.54 0.001594
7193.21 0.001544
7195.88 0.001530
7198.55 0.001623
7201.22 0.001521
7203.89 0.001534
7206.56 0.001522
7209.23 0.001521
7211.90 0.001570
7214.57 0.001573
7217.24 0.001534
7219.91 0.001555
7222.58 0.001543
7225.25 0.001584
7227.92 0.001612
7230.59 0.001555
7233.26 0.001533
7235.93 0.001569
7238.60 0.001589
7241.27 0.001570
7243.94 0.001577
7246.61 0.001541
7249.28 0.001547
7251.95 0.001563
7254.62 0.001552
7257.29 0.001558
7259.96 0.001530
7262.63 0.001512
7265.30 0.001540
7267.97 0.001529
7270.64 0.001542
7273.31 0.001578
7275.98 0.001553
7278.65 0.001517
7281.32 0.001467
7283.99 0.001497
7286.66 0.001573
7289.33 0.001583
7292.00 0.001520
7294.67 0.001532
7297.34 0.001563
7300.01 0.001542
7302.68 0.001540
7305.35 0.001523
7308.02 0.001613
7310.69 0.001544
7313.36 0.001572
7316.03 0.001568
7318.70 0.001627
7321.37 0.001640
7324.04 0.001606
7326.71 0.001613
7329.38 0.001616
7332.05 0.001583
7334.72 0.001601
7337.39 0.001595
7340.06 0.001551
7342.73 0.001570
7345.40 0.001547
7348.07 0.001550
7350.74 0.001543
7353.41 0.001529
7356.08 0.001516
7358.75 0.001595
7361.42 0.001550
7364.09 0.001563
7366.76 0.001577
7369.43 0.001573
7372.10 0.001547
7374.77 0.001576
7377.44 0.001498
7380.11 0.001587
7382.78 0.001598
7385.45 0.001513
7388.12 0.001532
7390.79 0.001530
7393.46 0.001532
7396.13 0.001510
7398.80 0.001517
7401.47 0.001468
7404.14 0.001546
7406.81 0.001529
7409.48 0.001520
7412.15 0.001558
7414.82 0.001432
7417.49 0.001488
7420.16 0.001526
7422.83 0.001578
7425.50 0.001532
7428.17 0.001537
7430.84 0.001450
7433.51 0.001466
7436.18 0.001513
7438.85 0.001475
7441.52 0.001512
7444.19 0.001543
7446.86 0.001511
7449.53 0.001466
7452.20 0.001519
7454.87 0.001527
7457.54 0.001578
7460.21 0.001593
7462.88 0.001558
7465.55 0.001595
7468.22 0.001584
7470.89 0.001580
7473.56 0.001596
7476.23 0.001604
7478.90 0.001579
7481.57 0.001593
7484.24 0.001577
7486.91 0.001574
7489.58 0.001614
7492.25 0.001584
7494.92 0.001573
7497.59 0.001565
