2486.00 0.003124
2488.67 0.001458
2491.34 0.003049
2494.01 -0.003872
2496.68 -0.003827
2499.35 -0.001904
2502.02 -0.029343
2504.69 -0.057517
2507.36 -0.056910
2510.03 0.022770
2512.70 0.029355
2515.37 0.025204
2518.04 -0.000806
2520.71 -0.011428
2523.38 0.002470
2526.05 -0.061838
2528.72 -0.025022
2531.39 0.001725
2534.06 0.003227
2536.73 0.002621
2539.40 -0.110937
2542.07 0.032856
2544.74 0.080665
2547.41 0.054071
2550.08 0.086789
2552.75 0.060336
2555.42 0.040321
2558.09 -0.045706
2560.76 -0.049220
2563.43 -0.064207
2566.10 -0.014900
2568.77 -0.115655
2571.44 -0.011717
2574.11 -0.034492
2576.78 0.047407
2579.45 0.014549
2582.12 0.063186
2584.79 0.096533
2587.46 0.010631
2590.13 -0.001947
2592.80 0.028700
2595.47 0.060762
2598.14 -0.006026
2600.81 -0.047178
2603.48 0.024801
2606.15 0.075820
2608.82 0.085445
2611.49 0.016521
2614.16 -0.070264
2616.83 0.009364
2619.50 0.053499
2622.17 -0.034477
2624.84 0.012722
2627.51 -0.032237
2630.18 -0.001286
2632.85 0.018684
2635.52 -0.011850
2638.19 0.007990
2640.86 -0.020251
2643.53 0.004217
2646.20 -0.065274
2648.87 -0.042749
2651.54 -0.014721
2654.21 -0.056052
2656.88 -0.065764
2659.55 -0.005046
2662.22 0.016162
2664.89 -0.071947
2667.56 0.068997
2670.23 0.071552
2672.90 0.014439
2675.57 0.046833
2678.24 -0.059939
2680.91 -0.003820
2683.58 0.082284
2686.25 0.065951
2688.92 0.072598
2691.59 -0.001451
2694.26 0.009468
2696.93 0.009256
2699.60 -0.033037
2702.27 0.011660
2704.94 0.005262
2707.61 -0.028932
2710.28 -0.046528
2712.95 -0.054806
2715.62 -0.053834
2718.29 0.055716
2720.96 -0.065211
2723.63 -0.008605
2726.30 -0.039445
2728.97 -0.013565
2731.64 -0.019332
2734.31 -0.010691
2736.98 -0.021373
2739.65 0.012422
2742.32 0.024449
2744.99 -0.013529
2747.66 -0.023615
2750.33 -0.089115
2753.00 0.036192
2755.67 -0.049417
2758.34 0.031224
2761.01 -0.000344
2763.68 0.040708
2766.35 -0.032781
2769.02 -0.054613
2771.69 -0.023900
2774.36 0.056216
2777.03 -0.018819
2779.70 0.016803
2782.37 -0.050380
2785.04 -0.040292
2787.71 0.035147
2790.38 0.056466
2793.05 0.063021
2795.72 0.020751
2798.39 -0.072296
2801.06 -0.024665
2803.73 -0.016280
2806.40 0.031774
2809.07 0.032181
2811.74 0.073415
2814.41 0.011051
2817.08 -0.015193
2819.75 -0.014978
2822.42 0.006214
2825.09 -0.003784
2827.76 -0.087545
2830.43 -0.046954
2833.10 -0.000124
2835.77 -0.018498
2838.44 -0.014648
2841.11 0.034839
2843.78 0.071672
2846.45 0.042344
2849.12 0.041936
2851.79 -0.013105
2854.46 0.077092
2857.13 -0.062249
2859.80 0.011308
2862.47 -0.028418
2865.14 0.050874
2867.81 0.011723
2870.48 -0.007302
2873.15 0.046368
2875.82 -0.051946
2878.49 0.020574
2881.16 0.024167
2883.83 0.024275
2886.50 0.047308
2889.17 0.082317
2891.84 -0.028698
2894.51 0.020613
2897.18 0.051850
2899.85 0.057344
2902.52 0.027110
2905.19 0.072976
2907.86 0.004102
2910.53 0.041475
2913.20 0.020666
2915.87 0.036041
2918.54 0.005970
2921.21 -0.005056
2923.88 0.022546
2926.55 -0.009918
2929.22 0.009040
2931.89 0.022398
2934.56 0.071404
2937.23 0.011639
2939.90 0.025218
2942.57 0.011213
2945.24 0.007829
2947.91 -0.030419
2950.58 -0.013519
2953.25 -0.038237
2955.92 -0.029215
2958.59 -0.004945
2961.26 0.013557
2963.93 0.020900
2966.60 0.009505
2969.27 -0.011259
2971.94 -0.002102
2974.61 -0.105927
2977.28 -0.058524
2979.95 -0.028074
2982.62 -0.029084
2985.29 -0.011862
2987.96 -0.054821
2990.63 0.019461
2993.30 -0.056114
2995.97 -0.000836
2998.64 -0.022944
3001.31 -0.034290
3003.98 -0.025946
3006.65 0.025137
3009.32 0.011494
3011.99 -0.000644
3014.66 -0.024457
3017.33 0.030623
3020.00 0.015369
3022.67 0.006235
3025.34 -0.004399
3028.01 -0.022193
3030.68 0.014317
3033.35 -0.003937
3036.02 0.008353
3038.69 0.038705
3041.36 0.006250
3044.03 -0.003108
3046.70 -0.060730
3049.37 -0.009741
3052.04 -0.034314
3054.71 -0.024515
3057.38 0.025338
3060.05 -0.025468
3062.72 -0.000266
3065.39 -0.012799
3068.06 0.028330
3070.73 0.006713
3073.40 -0.002905
3076.07 -0.030398
3078.74 -0.004421
3081.41 0.053032
3084.08 -0.031243
3086.75 0.015273
3089.42 0.004339
3092.09 0.001742
3094.76 -0.030530
3097.43 -0.024681
3100.10 -0.007532
3102.77 -0.003639
3105.44 0.027785
3108.11 0.023640
3110.78 0.061017
3113.45 0.012054
3116.12 -0.005427
3118.79 -0.026269
3121.46 0.037147
3124.13 0.011748
3126.80 0.048028
3129.47 0.011175
3132.14 -0.026615
3134.81 0.024767
3137.48 0.016184
3140.15 0.017653
3142.82 0.001877
3145.49 -0.043660
3148.16 -0.003667
3150.83 0.013758
3153.50 -0.012689
3156.17 -0.037854
3158.84 -0.015390
3161.51 -0.048247
3164.18 -0.032910
3166.85 0.008139
3169.52 -0.015258
3172.19 -0.034618
3174.86 -0.002055
3177.53 -0.020709
3180.20 -0.009217
3182.87 -0.002397
3185.54 0.018430
3188.21 0.004461
3190.88 0.007618
3193.55 0.062541
3196.22 0.018826
3198.89 -0.016533
3201.56 -0.007022
3204.23 0.003458
3206.90 0.009009
3209.57 -0.025628
3212.24 -0.030533
3214.91 -0.026909
3217.58 -0.001273
3220.25 -0.016222
3222.92 -0.021101
3225.59 -0.027792
3228.26 0.018110
3230.93 -0.026467
3233.60 -0.024050
3236.27 -0.007576
3238.94 -0.042732
3241.61 0.013486
3244.28 -0.030081
3246.95 0.020994
3249.62 -0.030563
3252.29 -0.016827
3254.96 0.000847
3257.63 -0.033357
3260.30 -0.002147
3262.97 0.005301
3265.64 -0.020553
3268.31 0.003569
3270.98 -0.018982
3273.65 -0.006903
3276.32 -0.006358
3278.99 -0.049488
3281.66 -0.019974
3284.33 0.032376
3287.00 0.004768
3289.67 -0.023517
3292.34 0.000954
3295.01 0.007733
3297.68 0.000258
3300.35 -0.043053
3303.02 -0.002816
3305.69 0.001754
3308.36 -0.024745
3311.03 0.000668
3313.70 -0.039892
3316.37 0.015422
3319.04 -0.023857
3321.71 0.021039
3324.38 -0.017181
3327.05 -0.026298
3329.72 0.016058
3332.39 0.013635
3335.06 0.010418
3337.73 0.010224
3340.40 0.011047
3343.07 -0.002853
3345.74 -0.009834
3348.41 -0.020960
3351.08 -0.025146
3353.75 -0.034671
3356.42 -0.000675
3359.09 -0.024649
3361.76 0.019460
3364.43 0.007915
3367.10 0.013812
3369.77 0.016269
3372.44 -0.030474
3375.11 -0.030251
3377.78 -0.024835
3380.45 -0.031448
3383.12 0.011639
3385.79 0.015020
3388.46 0.000039
3391.13 0.035636
3393.80 0.013680
3396.47 -0.009842
3399.14 -0.014486
3401.81 -0.000169
3404.48 0.031079
3407.15 0.027212
3409.82 0.019292
3412.49 0.030738
3415.16 -0.007711
3417.83 0.028781
3420.50 0.011148
3423.17 0.025593
3425.84 -0.021648
3428.51 -0.020605
3431.18 -0.035799
3433.85 0.049084
3436.52 -0.011426
3439.19 -0.017898
3441.86 -0.027774
3444.53 -0.014222
3447.20 -0.045413
3449.87 -0.031691
3452.54 -0.018556
3455.21 -0.010659
3457.88 -0.038079
3460.55 0.000189
3463.22 0.016415
3465.89 0.001627
3468.56 -0.011648
3471.23 0.024356
3473.90 0.032669
3476.57 0.004238
3479.24 -0.024532
3481.91 -0.029142
3484.58 -0.003237
3487.25 0.010331
3489.92 -0.000434
3492.59 -0.012708
3495.26 -0.014597
3497.93 -0.004250
3500.60 0.017753
3503.27 -0.016250
3505.94 -0.030548
3508.61 -0.006069
3511.28 -0.024653
3513.95 -0.028667
3516.62 -0.039255
3519.29 -0.032645
3521.96 -0.005478
3524.63 0.021446
3527.30 -0.012870
3529.97 -0.020152
3532.64 0.016749
3535.31 -0.031536
3537.98 -0.036076
3540.65 -0.008903
3543.32 -0.005929
3545.99 -0.011853
3548.66 -0.009547
3551.33 0.000533
3554.00 -0.020579
3556.67 0.027249
3559.34 0.023530
3562.01 0.003479
3564.68 -0.036627
3567.35 -0.007171
3570.02 0.019428
3572.69 -0.024631
3575.36 0.003187
3578.03 0.058602
3580.70 -0.003427
3583.37 0.002536
3586.04 0.023842
3588.71 -0.037576
3591.38 -0.004239
3594.05 -0.019194
3596.72 -0.016432
3599.39 -0.014858
3602.06 -0.019724
3604.73 -0.004915
3607.40 -0.023880
3610.07 -0.010897
3612.74 -0.009830
3615.41 -0.008292
3618.08 -0.030516
3620.75 0.025588
3623.42 -0.011611
3626.09 0.009001
3628.76 0.023631
3631.43 0.009287
3634.10 0.008002
3636.77 -0.011556
3639.44 -0.026956
3642.11 0.022527
3644.78 -0.003508
3647.45 -0.006937
3650.12 0.018776
3652.79 0.018710
3655.46 0.031241
3658.13 -0.000006
3660.80 -0.005336
3663.47 0.021909
3666.14 0.027610
3668.81 -0.001996
3671.48 -0.004131
3674.15 -0.009962
3676.82 -0.003544
3679.49 0.015742
3682.16 -0.069423
3684.83 -0.012649
3687.50 0.025234
3690.17 0.013616
3692.84 0.010561
3695.51 0.021934
3698.18 -0.010623
3700.85 0.008371
3703.52 -0.000847
3706.19 -0.021380
3708.86 -0.003440
3711.53 -0.025538
3714.20 0.006898
3716.87 -0.022524
3719.54 -0.014510
3722.21 -0.007073
3724.88 -0.032979
3727.55 0.016049
3730.22 0.050602
3732.89 0.017765
3735.56 0.045341
3738.23 0.014173
3740.90 -0.017129
3743.57 -0.005769
3746.24 0.003780
3748.91 0.017719
3751.58 0.026862
3754.25 0.015896
3756.92 0.041117
3759.59 0.021497
3762.26 0.040875
3764.93 -0.030391
3767.60 0.021961
3770.27 -0.005674
3772.94 -0.036845
3775.61 -0.032082
3778.28 -0.008104
3780.95 -0.017755
3783.62 0.007292
3786.29 -0.011275
3788.96 0.039514
3791.63 0.024694
3794.30 -0.009720
3796.97 0.014966
3799.64 0.021653
3802.31 -0.010667
3804.98 -0.008701
3807.65 -0.021160
3810.32 0.015099
3812.99 0.014569
3815.66 -0.021832
3818.33 -0.003002
3821.00 0.004251
3823.67 -0.005602
3826.34 0.021152
3829.01 -0.017299
3831.68 0.019333
3834.35 -0.034772
3837.02 0.014452
3839.69 -0.030108
3842.36 -0.007933
3845.03 0.039704
3847.70 0.002344
3850.37 0.009498
3853.04 0.006368
3855.71 0.010474
3858.38 0.023084
3861.05 0.019591
3863.72 0.020932
3866.39 -0.006694
3869.06 -0.009532
3871.73 -0.000237
3874.40 0.009810
3877.07 0.038606
3879.74 0.010328
3882.41 0.034737
3885.08 -0.023414
3887.75 0.001710
3890.42 -0.039571
3893.09 -0.001256
3895.76 0.023253
3898.43 0.052049
3901.10 0.023596
3903.77 -0.010635
3906.44 0.044809
3909.11 -0.007275
3911.78 -0.013439
3914.45 0.048307
3917.12 -0.008922
3919.79 0.010857
3922.46 0.024568
3925.13 -0.008281
3927.80 0.004328
3930.47 0.018644
3933.14 0.006774
3935.81 0.010054
3938.48 -0.005901
3941.15 0.031100
3943.82 0.043078
3946.49 -0.009043
3949.16 0.055301
3951.83 0.039556
3954.50 0.007054
3957.17 0.031874
3959.84 0.015556
3962.51 0.008398
3965.18 0.009218
3967.85 -0.010119
3970.52 0.006454
3973.19 0.026208
3975.86 0.008547
3978.53 0.023131
3981.20 -0.014434
3983.87 -0.003324
3986.54 0.007878
3989.21 0.024501
3991.88 -0.000178
3994.55 0.000340
3997.22 0.002870
3999.89 -0.038208
4002.56 -0.003532
4005.23 0.008662
4007.90 -0.006436
4010.57 0.013597
4013.24 -0.021396
4015.91 0.011190
4018.58 -0.037758
4021.25 0.004925
4023.92 0.000191
4026.59 -0.000747
4029.26 0.007600
4031.93 0.020194
4034.60 0.004623
4037.27 0.011816
4039.94 0.001979
4042.61 0.022721
4045.28 0.032419
4047.95 -0.022931
4050.62 0.023415
4053.29 -0.031482
4055.96 0.003748
4058.63 0.024075
4061.30 -0.022609
4063.97 -0.006087
4066.64 0.006906
4069.31 0.026640
4071.98 -0.038452
4074.65 0.008797
4077.32 -0.001643
4079.99 0.030176
4082.66 0.004082
4085.33 0.013691
4088.00 0.009192
4090.67 0.021126
4093.34 0.032566
4096.01 0.034513
4098.68 0.047872
4101.35 -0.002743
4104.02 -0.027913
4106.69 -0.008132
4109.36 -0.015416
4112.03 0.021613
4114.70 0.027872
4117.37 0.007891
4120.04 0.041074
4122.71 -0.007612
4125.38 -0.005522
4128.05 -0.010096
4130.72 0.016566
4133.39 -0.002259
4136.06 -0.028300
4138.73 -0.002812
4141.40 -0.006291
4144.07 -0.011279
4146.74 -0.004934
4149.41 -0.035443
4152.08 0.005801
4154.75 -0.009256
4157.42 -0.010978
4160.09 -0.027521
4162.76 0.008587
4165.43 0.039140
4168.10 0.002249
4170.77 -0.000699
4173.44 0.010728
4176.11 -0.010231
4178.78 0.020110
4181.45 0.016859
4184.12 -0.004479
4186.79 -0.010511
4189.46 0.005777
4192.13 0.005555
4194.80 -0.002856
4197.47 -0.008751
4200.14 0.033016
4202.81 0.004244
4205.48 -0.001330
4208.15 -0.000573
4210.82 -0.028707
4213.49 0.008349
4216.16 -0.000914
4218.83 -0.013746
4221.50 -0.019769
4224.17 -0.012031
4226.84 0.010260
4229.51 0.012963
4232.18 0.020438
4234.85 -0.004806
4237.52 0.015729
4240.19 -0.012091
4242.86 0.016035
4245.53 0.002429
4248.20 -0.012783
4250.87 -0.007074
4253.54 -0.024356
4256.21 0.007471
4258.88 -0.000003
4261.55 0.014236
4264.22 -0.031078
4266.89 0.007415
4269.56 -0.003879
4272.23 -0.020789
4274.90 -0.007060
4277.57 -0.024301
4280.24 0.006971
4282.91 0.024389
4285.58 0.019645
4288.25 0.020605
4290.92 -0.003777
4293.59 0.006414
4296.26 0.023425
4298.93 0.034686
4301.60 0.047285
4304.27 0.022340
4306.94 0.048227
4309.61 0.017269
4312.28 0.024819
4314.95 0.031103
4317.62 0.018252
4320.29 0.021156
4322.96 0.024644
4325.63 0.016765
4328.30 0.032870
4330.97 0.018825
4333.64 0.025114
4336.31 -0.010328
4338.98 -0.000026
4341.65 -0.002718
4344.32 -0.003629
4346.99 -0.013956
4349.66 0.010011
4352.33 -0.004997
4355.00 0.030949
4357.67 0.033211
4360.34 0.014734
4363.01 -0.004832
4365.68 0.020376
4368.35 -0.000440
4371.02 -0.008538
4373.69 -0.001130
4376.36 -0.012854
4379.03 0.000281
4381.70 -0.016221
4384.37 -0.028807
4387.04 -0.031960
4389.71 -0.010122
4392.38 -0.028716
4395.05 -0.037546
4397.72 -0.034959
4400.39 -0.017038
4403.06 -0.012025
4405.73 -0.003333
4408.40 -0.005800
4411.07 -0.001299
4413.74 -0.000551
4416.41 -0.010900
4419.08 -0.014697
4421.75 -0.021612
4424.42 -0.024869
4427.09 0.000238
4429.76 -0.004515
4432.43 0.022095
4435.10 0.010564
4437.77 0.005186
4440.44 0.004708
4443.11 -0.012121
4445.78 -0.008560
4448.45 0.009805
4451.12 0.022578
4453.79 -0.011862
4456.46 0.003873
4459.13 -0.001358
4461.80 -0.021633
4464.47 -0.008604
4467.14 -0.015662
4469.81 0.011017
4472.48 -0.009417
4475.15 -0.003052
4477.82 0.002105
4480.49 -0.013856
4483.16 0.013799
4485.83 -0.015856
4488.50 0.005783
4491.17 -0.000260
4493.84 0.004221
4496.51 0.002581
4499.18 -0.007911
4501.85 0.007784
4504.52 0.027917
4507.19 -0.008016
4509.86 0.012999
4512.53 0.016856
4515.20 -0.005465
4517.87 -0.017846
4520.54 -0.010523
4523.21 -0.005899
4525.88 -0.008566
4528.55 0.000646
4531.22 -0.013671
4533.89 0.017663
4536.56 -0.043736
4539.23 0.003559
4541.90 -0.011018
4544.57 -0.028275
4547.24 -0.016007
4549.91 -0.004262
4552.58 -0.016281
4555.25 -0.026513
4557.92 0.018942
4560.59 -0.030999
4563.26 -0.000573
4565.93 -0.003940
4568.60 -0.005058
4571.27 -0.023432
4573.94 0.000658
4576.61 -0.001214
4579.28 -0.005918
4581.95 0.006532
4584.62 -0.011639
4587.29 0.011814
4589.96 -0.015821
4592.63 -0.015559
4595.30 -0.021983
4597.97 -0.004008
4600.64 0.008162
4603.31 -0.006020
4605.98 -0.002150
4608.65 0.018401
4611.32 0.024077
4613.99 0.007317
4616.66 0.004804
4619.33 -0.003308
4622.00 -0.000248
4624.67 0.001609
4627.34 0.017169
4630.01 -0.004920
4632.68 -0.014801
4635.35 -0.020905
4638.02 -0.004324
4640.69 -0.012453
4643.36 -0.007465
4646.03 0.006775
4648.70 0.010167
4651.37 -0.006310
4654.04 0.005799
4656.71 0.019249
4659.38 -0.003324
4662.05 -0.000135
4664.72 -0.011006
4667.39 -0.020627
4670.06 -0.011102
4672.73 -0.014490
4675.40 -0.006839
4678.07 0.002597
4680.74 0.002439
4683.41 -0.010303
4686.08 -0.010528
4688.75 -0.016860
4691.42 0.007084
4694.09 0.012451
4696.76 -0.007319
4699.43 0.016405
4702.10 0.001879
4704.77 0.011917
4707.44 0.021820
4710.11 0.006445
4712.78 -0.014997
4715.45 0.008244
4718.12 -0.000817
4720.79 0.033167
4723.46 0.001199
4726.13 -0.004370
4728.80 0.011986
4731.47 0.005389
4734.14 -0.006961
4736.81 -0.000108
4739.48 0.013975
4742.15 0.006162
4744.82 -0.000255
4747.49 0.002070
4750.16 0.025855
4752.83 0.021125
4755.50 -0.008823
4758.17 0.001399
4760.84 -0.000962
4763.51 0.017633
4766.18 -0.003556
4768.85 0.013154
4771.52 0.020321
4774.19 0.023621
4776.86 0.014490
4779.53 0.028637
4782.20 0.015983
4784.87 0.016081
4787.54 0.015600
4790.21 0.040834
4792.88 0.035865
4795.55 0.050100
4798.22 0.040795
4800.89 0.063274
4803.56 0.041811
4806.23 0.033191
4808.90 0.037491
4811.57 0.021389
4814.24 0.033219
4816.91 0.031520
4819.58 0.043118
4822.25 0.032530
4824.92 0.017408
4827.59 0.038691
4830.26 0.016175
4832.93 0.031639
4835.60 0.044798
4838.27 0.053784
4840.94 0.059216
4843.61 0.066340
4846.28 0.050267
4848.95 0.052824
4851.62 0.070739
4854.29 0.027264
4856.96 0.022299
4859.63 -0.006217
4862.30 -0.015769
4864.97 -0.050380
4867.64 -0.021034
4870.31 0.017524
4872.98 0.014575
4875.65 0.002676
4878.32 -0.015412
4880.99 -0.007722
4883.66 -0.000856
4886.33 0.003354
4889.00 -0.008840
4891.67 -0.000581
4894.34 -0.004161
4897.01 -0.034208
4899.68 -0.025031
4902.35 -0.032634
4905.02 -0.046540
4907.69 -0.028077
4910.36 -0.063895
4913.03 -0.030078
4915.70 -0.011657
4918.37 -0.043060
4921.04 -0.029711
4923.71 -0.059673
4926.38 -0.053400
4929.05 -0.043638
4931.72 -0.053603
4934.39 -0.040007
4937.06 -0.033817
4939.73 -0.036410
4942.40 -0.029035
4945.07 -0.023774
4947.74 -0.038283
4950.41 -0.012357
4953.08 -0.028232
4955.75 0.018299
4958.42 -0.028804
4961.09 -0.034714
4963.76 -0.019585
4966.43 -0.039599
4969.10 -0.038479
4971.77 -0.027376
4974.44 -0.043554
4977.11 -0.042396
4979.78 -0.038853
4982.45 -0.009803
4985.12 -0.061305
4987.79 -0.022265
4990.46 -0.012778
4993.13 0.002141
4995.80 0.002378
4998.47 0.008066
5001.14 0.045517
5003.81 0.018641
5006.48 -0.013188
5009.15 0.013427
5011.82 -0.003344
5014.49 0.031406
5017.16 -0.035934
5019.83 -0.026022
5022.50 0.005378
5025.17 0.025638
5027.84 -0.000289
5030.51 0.009662
5033.18 -0.014491
5035.85 -0.025360
5038.52 0.005056
5041.19 -0.001962
5043.86 0.011456
5046.53 -0.021700
5049.20 -0.004369
5051.87 -0.011295
5054.54 -0.009735
5057.21 -0.000325
5059.88 0.000715
5062.55 0.006296
5065.22 -0.022239
5067.89 -0.011736
5070.56 -0.033234
5073.23 -0.024921
5075.90 -0.015650
5078.57 -0.005267
5081.24 -0.039819
5083.91 -0.025954
5086.58 -0.019674
5089.25 -0.013244
5091.92 -0.007916
5094.59 0.018855
5097.26 -0.005881
5099.93 0.033345
5102.60 0.023334
5105.27 -0.017106
5107.94 -0.010698
5110.61 -0.009565
5113.28 -0.014694
5115.95 -0.011032
5118.62 -0.012816
5121.29 0.004031
5123.96 -0.040568
5126.63 -0.001642
5129.30 -0.025656
5131.97 -0.021758
5134.64 0.009798
5137.31 -0.003782
5139.98 0.014781
5142.65 0.004627
5145.32 0.016586
5147.99 -0.005312
5150.66 -0.040134
5153.33 0.021653
5156.00 0.014146
5158.67 0.015943
5161.34 0.019629
5164.01 0.003348
5166.68 -0.026747
5169.35 0.004115
5172.02 -0.029847
5174.69 0.028744
5177.36 0.011398
5180.03 0.009232
5182.70 0.030825
5185.37 0.009099
5188.04 0.015784
5190.71 0.021159
5193.38 -0.010050
5196.05 -0.007547
5198.72 -0.014795
5201.39 -0.024351
5204.06 -0.013513
5206.73 0.012429
5209.40 -0.002426
5212.07 -0.003174
5214.74 0.014545
5217.41 -0.011628
5220.08 -0.007730
5222.75 -0.010440
5225.42 -0.017648
5228.09 -0.008429
5230.76 0.013643
5233.43 0.013667
5236.10 -0.007109
5238.77 0.001950
5241.44 -0.033796
5244.11 -0.022590
5246.78 0.014384
5249.45 -0.007946
5252.12 0.007761
5254.79 -0.001691
5257.46 -0.013022
5260.13 0.002384
5262.80 -0.006102
5265.47 0.004986
5268.14 0.009561
5270.81 -0.031590
5273.48 -0.012462
5276.15 -0.006292
5278.82 -0.043418
5281.49 -0.005897
5284.16 0.004216
5286.83 -0.012194
5289.50 -0.032157
5292.17 -0.041440
5294.84 -0.006546
5297.51 0.003602
5300.18 -0.008812
5302.85 0.012372
5305.52 -0.003276
5308.19 0.008623
5310.86 -0.013465
5313.53 -0.023420
5316.20 -0.005242
5318.87 -0.007623
5321.54 -0.006047
5324.21 -0.020741
5326.88 -0.034716
5329.55 -0.018250
5332.22 0.005639
5334.89 -0.014264
5337.56 -0.016541
5340.23 0.024697
5342.90 0.002461
5345.57 0.001437
5348.24 0.009896
5350.91 -0.024223
5353.58 0.028172
5356.25 -0.011962
5358.92 -0.009155
5361.59 0.003818
5364.26 -0.013032
5366.93 -0.034595
5369.60 -0.004125
5372.27 -0.007108
5374.94 0.005356
5377.61 -0.022810
5380.28 -0.015978
5382.95 0.006392
5385.62 -0.002253
5388.29 -0.004341
5390.96 -0.007550
5393.63 0.009778
5396.30 0.006728
5398.97 -0.014793
5401.64 0.006240
5404.31 -0.000544
5406.98 0.009613
5409.65 -0.011915
5412.32 -0.029598
5414.99 0.049693
5417.66 0.014397
5420.33 -0.025846
5423.00 -0.022343
5425.67 -0.012088
5428.34 0.018924
5431.01 0.020934
5433.68 0.014233
5436.35 0.011445
5439.02 -0.009072
5441.69 0.013184
5444.36 -0.016859
5447.03 0.006464
5449.70 -0.017002
5452.37 -0.015461
5455.04 0.019043
5457.71 0.028084
5460.38 0.009304
5463.05 -0.007734
5465.72 0.011066
5468.39 -0.012310
5471.06 0.010487
5473.73 0.008164
5476.40 0.029754
5479.07 0.019533
5481.74 0.009739
5484.41 -0.018573
5487.08 -0.021889
5489.75 0.000932
5492.42 0.000216
5495.09 -0.011485
5497.76 0.044794
5500.43 0.004158
5503.10 0.029072
5505.77 0.002345
5508.44 0.002433
5511.11 -0.002811
5513.78 -0.013137
5516.45 -0.025287
5519.12 -0.024322
5521.79 -0.018385
5524.46 -0.007289
5527.13 -0.001862
5529.80 0.040730
5532.47 0.011711
5535.14 0.004282
5537.81 -0.012739
5540.48 -0.013781
5543.15 -0.020641
5545.82 -0.009611
5548.49 -0.020784
5551.16 -0.021819
5553.83 0.007922
5556.50 -0.011117
5559.17 -0.016900
5561.84 0.000854
5564.51 -0.020031
5567.18 -0.006309
5569.85 0.025985
5572.52 0.020577
5575.19 0.008115
5577.86 -0.013400
5580.53 -0.039616
5583.20 -0.032401
5585.87 -0.014721
5588.54 -0.031209
5591.21 -0.050905
5593.88 -0.062503
5596.55 -0.000835
5599.22 -0.028118
5601.89 -0.006986
5604.56 0.005036
5607.23 -0.001590
5609.90 0.002301
5612.57 0.013064
5615.24 0.007633
5617.91 -0.006231
5620.58 0.002478
5623.25 -0.011099
5625.92 -0.000352
5628.59 -0.018322
5631.26 0.016933
5633.93 -0.012137
5636.60 -0.001322
5639.27 0.021046
5641.94 0.019609
5644.61 -0.010886
5647.28 0.013305
5649.95 0.026450
5652.62 0.031798
5655.29 0.029950
5657.96 0.018859
5660.63 0.012629
5663.30 0.041560
5665.97 0.045005
5668.64 0.005027
5671.31 -0.020694
5673.98 0.003225
5676.65 -0.001215
5679.32 0.029082
5681.99 0.054548
5684.66 0.026440
5687.33 -0.004733
5690.00 0.015113
5692.67 0.006923
5695.34 -0.016290
5698.01 -0.011211
5700.68 0.003053
5703.35 -0.018385
5706.02 0.036231
5708.69 0.022307
5711.36 0.012038
5714.03 -0.004590
5716.70 0.007485
5719.37 0.003660
5722.04 0.045994
5724.71 0.014673
5727.38 0.012553
5730.05 0.014583
5732.72 0.003309
5735.39 -0.013605
5738.06 -0.029983
5740.73 0.001134
5743.40 0.007919
5746.07 0.023222
5748.74 -0.015925
5751.41 -0.013701
5754.08 0.023022
5756.75 0.001769
5759.42 -0.011379
5762.09 -0.019977
5764.76 0.032652
5767.43 0.008771
5770.10 0.007982
5772.77 0.005007
5775.44 -0.002361
5778.11 0.022731
5780.78 0.017858
5783.45 0.007919
5786.12 -0.002794
5788.79 -0.015316
5791.46 -0.028323
5794.13 -0.013799
5796.80 -0.028614
5799.47 -0.007085
5802.14 -0.037000
5804.81 0.018911
5807.48 0.021624
5810.15 0.007166
5812.82 -0.014967
5815.49 0.004028
5818.16 0.014419
5820.83 0.007868
5823.50 -0.015287
5826.17 -0.016851
5828.84 -0.032577
5831.51 -0.033529
5834.18 -0.002754
5836.85 0.005491
5839.52 0.009692
5842.19 0.022036
5844.86 -0.007897
5847.53 0.005508
5850.20 0.021321
5852.87 0.017737
5855.54 -0.010363
5858.21 -0.010105
5860.88 0.017723
5863.55 0.022568
5866.22 0.018343
5868.89 0.033857
5871.56 -0.033373
5874.23 0.037095
5876.90 0.034903
5879.57 0.004283
5882.24 0.023200
5884.91 0.073680
5887.58 0.014703
5890.25 0.041443
5892.92 0.034248
5895.59 0.064734
5898.26 -0.020896
5900.93 -0.019117
5903.60 -0.010000
5906.27 0.012585
5908.94 0.010745
5911.61 0.003625
5914.28 0.041820
5916.95 0.010835
5919.62 0.048085
5922.29 0.012999
5924.96 -0.017368
5927.63 -0.003478
5930.30 -0.009138
5932.97 -0.028396
5935.64 0.023671
5938.31 -0.024874
5940.98 -0.019459
5943.65 -0.033978
5946.32 0.040090
5948.99 0.038990
5951.66 0.005792
5954.33 0.016969
5957.00 0.010214
5959.67 -0.032438
5962.34 -0.019697
5965.01 0.003953
5967.68 -0.010854
5970.35 -0.042795
5973.02 -0.033468
5975.69 -0.005333
5978.36 0.038590
5981.03 0.019271
5983.70 0.046487
5986.37 -0.025017
5989.04 -0.062949
5991.71 0.031550
5994.38 0.014731
5997.05 -0.034008
5999.72 -0.038899
6002.39 0.036217
6005.06 0.053743
6007.73 0.038451
6010.40 -0.003000
6013.07 0.028359
6015.74 -0.033481
6018.41 -0.020217
6021.08 -0.018195
6023.75 0.069880
6026.42 -0.029412
6029.09 0.033887
6031.76 0.066634
6034.43 -0.020679
6037.10 -0.035125
6039.77 0.008389
6042.44 0.028080
6045.11 -0.007007
6047.78 -0.028136
6050.45 -0.005806
6053.12 0.004921
6055.79 0.044889
6058.46 0.059214
6061.13 0.060633
6063.80 0.032658
6066.47 0.048254
6069.14 0.039794
6071.81 0.035593
6074.48 0.023475
6077.15 0.003229
6079.82 0.007235
6082.49 0.043601
6085.16 0.052413
6087.83 -0.012074
6090.50 0.005128
6093.17 0.034691
6095.84 -0.010954
6098.51 -0.007674
6101.18 -0.010940
6103.85 0.016887
6106.52 0.038308
6109.19 0.041543
6111.86 0.015671
6114.53 -0.022812
6117.20 0.023460
6119.87 -0.000551
6122.54 0.020699
6125.21 -0.011548
6127.88 0.029073
6130.55 0.023031
6133.22 0.003091
6135.89 0.022088
6138.56 0.025703
6141.23 0.018866
6143.90 0.025496
6146.57 0.014465
6149.24 -0.002029
6151.91 0.023833
6154.58 0.017150
6157.25 -0.033026
6159.92 0.000438
6162.59 -0.039731
6165.26 -0.006829
6167.93 0.004311
6170.60 0.019814
6173.27 -0.016701
6175.94 -0.007582
6178.61 0.036348
6181.28 -0.007853
6183.95 0.001655
6186.62 0.007650
6189.29 0.021810
6191.96 -0.016510
6194.63 0.009569
6197.30 0.009468
6199.97 0.012090
6202.64 -0.003316
6205.31 -0.005594
6207.98 0.010565
6210.65 0.007533
6213.32 0.002287
6215.99 0.007236
6218.66 -0.001105
6221.33 0.032757
6224.00 0.042803
6226.67 0.017721
6229.34 -0.031103
6232.01 -0.022029
6234.68 0.018653
6237.35 0.005761
6240.02 0.025992
6242.69 0.001116
6245.36 0.007714
6248.03 0.049208
6250.70 0.036004
6253.37 0.026652
6256.04 0.015192
6258.71 0.017247
6261.38 0.054639
6264.05 0.037763
6266.72 0.054559
6269.39 0.053547
6272.06 0.010009
6274.73 0.010521
6277.40 0.021045
6280.07 0.020458
6282.74 -0.011008
6285.41 0.018680
6288.08 0.014174
6290.75 0.038648
6293.42 0.020842
6296.09 0.010704
6298.76 -0.008445
6301.43 -0.005204
6304.10 -0.019449
6306.77 -0.013834
6309.44 -0.016033
6312.11 -0.015904
6314.78 -0.011564
6317.45 -0.005787
6320.12 -0.010381
6322.79 0.000910
6325.46 -0.006424
6328.13 -0.009060
6330.80 0.000840
6333.47 0.004296
6336.14 -0.000989
6338.81 -0.004127
6341.48 0.002752
6344.15 -0.015369
6346.82 -0.003303
6349.49 -0.006897
6352.16 -0.020965
6354.83 -0.021182
6357.50 -0.008511
6360.17 0.002988
6362.84 -0.007403
6365.51 -0.009066
6368.18 -0.009713
6370.85 -0.016873
6373.52 -0.022931
6376.19 -0.013843
6378.86 -0.007805
6381.53 -0.026862
6384.20 -0.037557
6386.87 -0.003208
6389.54 -0.009104
6392.21 -0.023850
6394.88 -0.023179
6397.55 -0.024142
6400.22 -0.021276
6402.89 -0.021161
6405.56 -0.012010
6408.23 -0.021737
6410.90 -0.013173
6413.57 -0.004258
6416.24 -0.005636
6418.91 -0.008626
6421.58 -0.016287
6424.25 -0.002614
6426.92 -0.018513
6429.59 -0.017136
6432.26 -0.008499
6434.93 -0.015778
6437.60 -0.012271
6440.27 -0.017785
6442.94 -0.014654
6445.61 -0.015303
6448.28 -0.028840
6450.95 -0.012554
6453.62 -0.028160
6456.29 -0.000792
6458.96 -0.002375
6461.63 -0.012412
6464.30 -0.016665
6466.97 -0.027085
6469.64 -0.005560
6472.31 -0.015437
6474.98 -0.007840
6477.65 -0.000850
6480.32 -0.011434
6482.99 -0.028026
6485.66 -0.020973
6488.33 -0.020562
6491.00 0.017636
6493.67 0.002198
6496.34 -0.007355
6499.01 -0.031521
6501.68 -0.038435
6504.35 -0.018078
6507.02 -0.003310
6509.69 -0.007524
6512.36 -0.012365
6515.03 -0.026018
6517.70 -0.017168
6520.37 -0.008612
6523.04 -0.009667
6525.71 0.012126
6528.38 -0.006294
6531.05 0.005405
6533.72 0.028896
6536.39 0.016272
6539.06 0.014754
6541.73 0.009374
6544.40 0.014976
6547.07 0.014478
6549.74 0.008400
6552.41 0.003952
6555.08 0.005946
6557.75 0.008360
6560.42 0.001237
6563.09 0.003311
6565.76 0.008144
6568.43 0.009137
6571.10 0.008177
6573.77 0.007205
6576.44 0.007851
6579.11 0.004852
6581.78 0.004146
6584.45 0.000935
6587.12 -0.000780
6589.79 -0.001693
6592.46 -0.000658
6595.13 -0.000108
6597.80 -0.001956
6600.47 -0.002441
6603.14 -0.000694
6605.81 -0.002916
6608.48 -0.000529
6611.15 -0.002537
6613.82 -0.001092
6616.49 -0.000300
6619.16 -0.004210
6621.83 -0.002321
6624.50 -0.003267
6627.17 -0.002745
6629.84 -0.004629
6632.51 -0.004690
6635.18 -0.003733
6637.85 -0.003638
6640.52 -0.004065
6643.19 -0.004031
6645.86 -0.005990
6648.53 -0.003857
6651.20 -0.003573
6653.87 -0.004412
6656.54 -0.002914
6659.21 -0.000751
6661.88 -0.001530
6664.55 -0.001316
6667.22 -0.002461
6669.89 -0.002200
6672.56 -0.000791
6675.23 -0.000095
6677.90 0.000610
6680.57 -0.001397
6683.24 -0.000991
6685.91 -0.000883
6688.58 -0.000133
6691.25 0.001325
6693.92 -0.000648
6696.59 -0.000283
6699.26 0.000302
6701.93 -0.000511
6704.60 0.000311
6707.27 0.000546
6709.94 -0.000938
6712.61 -0.000928
6715.28 -0.000951
6717.95 -0.000975
6720.62 -0.000939
6723.29 -0.000933
6725.96 -0.000928
6728.63 -0.000911
6731.30 -0.000910
6733.97 -0.000902
6736.64 -0.000875
6739.31 -0.000848
6741.98 -0.000839
6744.65 -0.000835
6747.32 -0.000811
6749.99 -0.000800
6752.66 -0.000797
6755.33 -0.000789
6758.00 -0.000797
6760.67 -0.000781
6763.34 -0.000784
6766.01 -0.000773
6768.68 -0.000769
6771.35 -0.000770
6774.02 -0.000780
6776.69 -0.000766
6779.36 -0.000762
6782.03 -0.000763
6784.70 -0.000779
6787.37 -0.000788
6790.04 -0.000775
6792.71 -0.000771
6795.38 -0.000770
6798.05 -0.000754
6800.72 -0.000755
6803.39 -0.000762
6806.06 -0.000766
6808.73 -0.000752
6811.40 -0.000757
6814.07 -0.000758
6816.74 -0.000765
6819.41 -0.000779
6822.08 -0.000754
6824.75 -0.000761
6827.42 -0.000757
6830.09 -0.000768
6832.76 -0.000755
6835.43 -0.000754
6838.10 -0.000756
6840.77 -0.000759
6843.44 -0.000743
6846.11 -0.000740
6848.78 -0.000745
6851.45 -0.000737
6854.12 -0.000742
6856.79 -0.000747
6859.46 -0.000745
6862.13 -0.000728
6864.80 -0.000742
6867.47 -0.000763
6870.14 -0.000745
6872.81 -0.000759
6875.48 -0.000747
6878.15 -0.000750
6880.82 -0.000746
6883.49 -0.000745
6886.16 -0.000753
6888.83 -0.000711
6891.50 -0.000750
6894.17 -0.000747
6896.84 -0.000740
6899.51 -0.000744
6902.18 -0.000743
6904.85 -0.000727
6907.52 -0.000716
6910.19 -0.000759
6912.86 -0.000778
6915.53 -0.000783
6918.20 -0.000779
6920.87 -0.000746
6923.54 -0.000755
6926.21 -0.000742
6928.88 -0.000750
6931.55 -0.000754
6934.22 -0.000751
6936.89 -0.000757
6939.56 -0.000764
6942.23 -0.000734
6944.90 -0.000719
6947.57 -0.000720
6950.24 -0.000761
6952.91 -0.000777
6955.58 -0.000788
6958.25 -0.000774
6960.92 -0.000786
6963.59 -0.000788
6966.26 -0.000782
6968.93 -0.000798
6971.60 -0.000770
6974.27 -0.000795
6976.94 -0.000810
6979.61 -0.000823
6982.28 -0.000854
6984.95 -0.000838
6987.62 -0.000846
6990.29 -0.000824
6992.96 -0.000827
6995.63 -0.000841
6998.30 -0.000839
7000.97 -0.000828
7003.64 -0.000829
7006.31 -0.000832
7008.98 -0.000796
7011.65 -0.000827
7014.32 -0.000824
7016.99 -0.000805
7019.66 -0.000837
7022.33 -0.000819
7025.00 -0.000840
7027.67 -0.000855
7030.34 -0.000840
7033.01 -0.000843
7035.68 -0.000846
7038.35 -0.000862
7041.02 -0.000893
7043.69 -0.000865
7046.36 -0.000848
7049.03 -0.000879
7051.70 -0.000857
7054.37 -0.000829
7057.04 -0.000804
7059.71 -0.000804
7062.38 -0.000845
7065.05 -0.000881
7067.72 -0.000853
7070.39 -0.000834
7073.06 -0.000791
7075.73 -0.000827
7078.40 -0.000844
7081.07 -0.000855
7083.74 -0.000835
7086.41 -0.000793
7089.08 -0.000784
7091.75 -0.000831
7094.42 -0.000826
7097.09 -0.000813
7099.76 -0.000801
7102.43 -0.000808
7105.10 -0.000817
7107.77 -0.000852
7110.44 -0.000845
7113.11 -0.000852
7115.78 -0.000843
7118.45 -0.000867
7121.12 -0.000840
7123.79 -0.000849
7126.46 -0.000852
7129.13 -0.000857
7131.80 -0.000866
7134.47 -0.000851
7137.14 -0.000871
7139.81 -0.000852
7142.48 -0.000841
7145.15 -0.000839
7147.82 -0.000837
7150.49 -0.000839
7153.16 -0.000826
7155.83 -0.000821
7158.50 -0.000845
7161.17 -0.000826
7163.84 -0.000835
7166.51 -0.000809
7169.18 -0.000834
7171.85 -0.000834
7174.52 -0.000849
7177.19 -0.000842
7179.86 -0.000845
7182.53 -0.000856
7185.20 -0.000889
7187.87 -0.000862
7190.54 -0.000844
7193.21 -0.000817
7195.88 -0.000811
7198.55 -0.000860
7201.22 -0.000806
7203.89 -0.000813
7206.56 -0.000807
7209.23 -0.000806
7211.90 -0.000832
7214.57 -0.000833
7217.24 -0.000812
7219.91 -0.000824
7222.58 -0.000817
7225.25 -0.000839
7227.92 -0.000854
7230.59 -0.000823
7233.26 -0.000812
7235.93 -0.000831
7238.60 -0.000842
7241.27 -0.000832
7243.94 -0.000835
7246.61 -0.000816
7249.28 -0.000819
7251.95 -0.000828
7254.62 -0.000822
7257.29 -0.000825
7259.96 -0.000810
7262.63 -0.000801
7265.30 -0.000816
7267.97 -0.000810
7270.64 -0.000817
7273.31 -0.000836
7275.98 -0.000823
7278.65 -0.000803
7281.32 -0.000777
7283.99 -0.000793
7286.66 -0.000833
7289.33 -0.000839
7292.00 -0.000805
7294.67 -0.000812
7297.34 -0.000828
7300.01 -0.000817
7302.68 -0.000816
7305.35 -0.000807
7308.02 -0.000854
7310.69 -0.000818
7313.36 -0.000833
7316.03 -0.000831
7318.70 -0.000862
7321.37 -0.000869
7324.04 -0.000851
7326.71 -0.000854
7329.38 -0.000856
7332.05 -0.000839
7334.72 -0.000848
7337.39 -0.000845
7340.06 -0.000822
7342.73 -0.000832
7345.40 -0.000819
7348.07 -0.000821
7350.74 -0.000818
7353.41 -0.000810
7356.08 -0.000803
7358.75 -0.000845
7361.42 -0.000821
7364.09 -0.000828
7366.76 -0.000836
7369.43 -0.000833
7372.10 -0.000819
7374.77 -0.000835
7377.44 -0.000794
7380.11 -0.000840
7382.78 -0.000847
7385.45 -0.000802
7388.12 -0.000811
7390.79 -0.000810
7393.46 -0.000812
7396.13 -0.000800
7398.80 -0.000804
7401.47 -0.000778
7404.14 -0.000819
7406.81 -0.000810
7409.48 -0.000805
7412.15 -0.000825
7414.82 -0.000759
7417.49 -0.000788
7420.16 -0.000808
7422.83 -0.000836
7425.50 -0.000811
7428.17 -0.000814
7430.84 -0.000768
7433.51 -0.000776
7436.18 -0.000801
7438.85 -0.000782
7441.52 -0.000801
7444.19 -0.000817
7446.86 -0.000800
7449.53 -0.000777
7452.20 -0.000805
7454.87 -0.000809
7457.54 -0.000835
7460.21 -0.000843
7462.88 -0.000825
7465.55 -0.000845
7468.22 -0.000839
7470.89 -0.000837
7473.56 -0.000845
7476.23 -0.000850
7478.90 -0.000836
7481.57 -0.000844
7484.24 -0.000835
7486.91 -0.000834
7489.58 -0.000855
7492.25 -0.000839
7494.92 -0.000833
7497.59 -0.000829
