2486.00 -0.022302
2488.67 -0.024137
2491.34 -0.022804
2494.01 -0.021757
2496.68 0.006053
2499.35 -0.027331
2502.02 0.014516
2504.69 -0.026938
2507.36 0.033954
2510.03 -0.022532
2512.70 -0.058555
2515.37 -0.050321
2518.04 0.054956
2520.71 -0.021918
2523.38 0.005987
2526.05 -0.001022
2528.72 -0.015745
2531.39 0.008127
2534.06 -0.023057
2536.73 0.064280
2539.40 0.042311
2542.07 0.050295
2544.74 0.037528
2547.41 0.071270
2550.08 0.081500
2552.75 -0.045792
2555.42 -0.006301
2558.09 0.028580
2560.76 0.027400
2563.43 -0.016076
2566.10 0.051470
2568.77 0.018714
2571.44 -0.020616
2574.11 0.022238
2576.78 -0.041863
2579.45 0.000117
2582.12 -0.070968
2584.79 0.036483
2587.46 0.031534
2590.13 -0.010742
2592.80 -0.042890
2595.47 0.016560
2598.14 0.018948
2600.81 0.000289
2603.48 -0.023817
2606.15 -0.106244
2608.82 -0.069791
2611.49 0.002552
2614.16 -0.064780
2616.83 -0.067548
2619.50 -0.030792
2622.17 -0.058881
2624.84 -0.048728
2627.51 -0.065753
2630.18 0.017245
2632.85 -0.000564
2635.52 -0.056852
2638.19 -0.028670
2640.86 -0.010661
2643.53 0.032542
2646.20 0.033685
2648.87 -0.078112
2651.54 -0.071960
2654.21 -0.077576
2656.88 0.011620
2659.55 -0.053260
2662.22 0.053382
2664.89 -0.002990
2667.56 0.058551
2670.23 -0.004183
2672.90 0.045724
2675.57 -0.035196
2678.24 -0.025100
2680.91 0.013734
2683.58 0.042092
2686.25 0.044290
2688.92 -0.001745
2691.59 -0.018641
2694.26 -0.012843
2696.93 0.088070
2699.60 0.024429
2702.27 0.083992
2704.94 0.008967
2707.61 -0.016281
2710.28 0.020503
2712.95 0.009199
2715.62 0.031981
2718.29 0.023388
2720.96 0.054458
2723.63 0.044703
2726.30 0.053933
2728.97 0.006901
2731.64 0.001463
2734.31 0.049631
2736.98 0.033866
2739.65 -0.016097
2742.32 0.011588
2744.99 0.024232
2747.66 0.035974
2750.33 0.073476
2753.00 0.069226
2755.67 -0.007447
2758.34 -0.013400
2761.01 -0.006606
2763.68 0.014956
2766.35 0.050736
2769.02 -0.017595
2771.69 -0.035747
2774.36 0.000488
2777.03 -0.039393
2779.70 -0.079881
2782.37 -0.050841
2785.04 0.002643
2787.71 -0.043299
2790.38 -0.001689
2793.05 -0.078655
2795.72 0.131600
2798.39 0.102603
2801.06 -0.032660
2803.73 0.109356
2806.40 0.001466
2809.07 -0.028373
2811.74 -0.011979
2814.41 0.022075
2817.08 -0.039150
2819.75 0.002356
2822.42 -0.056392
2825.09 -0.092443
2827.76 -0.054090
2830.43 -0.096889
2833.10 -0.068160
2835.77 -0.023484
2838.44 -0.041010
2841.11 -0.010401
2843.78 -0.015380
2846.45 -0.048309
2849.12 -0.028636
2851.79 -0.029658
2854.46 0.008515
2857.13 -0.011939
2859.80 -0.038397
2862.47 -0.020894
2865.14 -0.046438
2867.81 0.005880
2870.48 -0.066299
2873.15 -0.086910
2875.82 -0.057213
2878.49 0.008585
2881.16 -0.026033
2883.83 -0.038616
2886.50 0.005182
2889.17 -0.018428
2891.84 0.023489
2894.51 0.002428
2897.18 -0.038285
2899.85 -0.010151
2902.52 0.089332
2905.19 0.005748
2907.86 0.048836
2910.53 0.034646
2913.20 0.008757
2915.87 0.051745
2918.54 0.040534
2921.21 0.042328
2923.88 0.036965
2926.55 0.014036
2929.22 0.003904
2931.89 0.038567
2934.56 0.000652
2937.23 0.054816
2939.90 0.007348
2942.57 0.063372
2945.24 0.003865
2947.91 0.033090
2950.58 0.014182
2953.25 0.007671
2955.92 0.066736
2958.59 0.044297
2961.26 0.038935
2963.93 0.061262
2966.60 0.048344
2969.27 0.032621
2971.94 0.068569
2974.61 0.053597
2977.28 0.071522
2979.95 0.060248
2982.62 0.051427
2985.29 0.023196
2987.96 0.042385
2990.63 0.062679
2993.30 0.034536
2995.97 0.025034
2998.64 0.062511
3001.31 0.056830
3003.98 0.023058
3006.65 0.013787
3009.32 0.038276
3011.99 0.024587
3014.66 0.040584
3017.33 0.013520
3020.00 0.024894
3022.67 0.018985
3025.34 0.030887
3028.01 0.024989
3030.68 0.014874
3033.35 0.011554
3036.02 0.032322
3038.69 -0.004678
3041.36 0.020673
3044.03 0.012719
3046.70 -0.013875
3049.37 0.002632
3052.04 0.004740
3054.71 0.065748
3057.38 -0.016884
3060.05 -0.012117
3062.72 -0.006596
3065.39 0.043930
3068.06 0.010337
3070.73 -0.002697
3073.40 0.006554
3076.07 -0.037953
3078.74 0.000722
3081.41 -0.014630
3084.08 -0.010212
3086.75 0.002464
3089.42 0.026450
3092.09 0.002699
3094.76 -0.007290
3097.43 0.028326
3100.10 -0.036066
3102.77 0.011338
3105.44 -0.004575
3108.11 0.024753
3110.78 -0.010624
3113.45 0.001887
3116.12 -0.007064
3118.79 0.002504
3121.46 0.008860
3124.13 0.058475
3126.80 0.043938
3129.47 0.021350
3132.14 -0.009144
3134.81 0.035321
3137.48 0.014239
3140.15 0.030558
3142.82 0.049959
3145.49 0.004608
3148.16 0.010089
3150.83 0.031738
3153.50 -0.004064
3156.17 -0.013467
3158.84 -0.001777
3161.51 -0.017071
3164.18 0.010574
3166.85 0.029682
3169.52 0.012640
3172.19 0.034618
3174.86 0.031040
3177.53 0.031169
3180.20 0.022710
3182.87 -0.010063
3185.54 0.010996
3188.21 0.028824
3190.88 0.044468
3193.55 0.011431
3196.22 0.037923
3198.89 -0.010181
3201.56 0.045568
3204.23 0.039893
3206.90 0.038800
3209.57 0.016904
3212.24 -0.003423
3214.91 0.009622
3217.58 0.002871
3220.25 0.020508
3222.92 -0.015660
3225.59 -0.026275
3228.26 -0.033960
3230.93 -0.013301
3233.60 -0.029288
3236.27 -0.012752
3238.94 -0.006699
3241.61 -0.050640
3244.28 -0.004013
3246.95 -0.038023
3249.62 -0.006854
3252.29 -0.018970
3254.96 -0.037895
3257.63 -0.015186
3260.30 -0.015648
3262.97 -0.033906
3265.64 0.014261
3268.31 -0.009737
3270.98 0.018169
3273.65 -0.008254
3276.32 -0.022047
3278.99 -0.045749
3281.66 -0.032620
3284.33 -0.026593
3287.00 -0.010560
3289.67 -0.018996
3292.34 -0.002560
3295.01 0.006308
3297.68 -0.003343
3300.35 -0.016478
3303.02 -0.016186
3305.69 -0.015169
3308.36 0.019213
3311.03 -0.001260
3313.70 -0.027245
3316.37 -0.025288
3319.04 0.013619
3321.71 0.038012
3324.38 -0.016752
3327.05 -0.011532
3329.72 -0.016792
3332.39 0.012077
3335.06 0.043521
3337.73 0.017808
3340.40 0.007368
3343.07 0.010411
3345.74 0.013361
3348.41 0.030259
3351.08 0.000850
3353.75 -0.028918
3356.42 -0.023840
3359.09 -0.013269
3361.76 0.000670
3364.43 -0.011493
3367.10 -0.033237
3369.77 -0.008039
3372.44 -0.024946
3375.11 -0.031797
3377.78 -0.007946
3380.45 -0.016521
3383.12 -0.043274
3385.79 -0.021306
3388.46 -0.013825
3391.13 0.004380
3393.80 -0.029703
3396.47 -0.019779
3399.14 -0.028885
3401.81 -0.027775
3404.48 -0.025447
3407.15 -0.025804
3409.82 -0.039307
3412.49 -0.017714
3415.16 -0.030546
3417.83 -0.032901
3420.50 -0.005333
3423.17 0.031086
3425.84 0.050096
3428.51 0.029130
3431.18 0.012553
3433.85 -0.012595
3436.52 -0.011671
3439.19 0.008872
3441.86 -0.018823
3444.53 0.005580
3447.20 -0.013970
3449.87 -0.016213
3452.54 -0.025372
3455.21 -0.013158
3457.88 0.018339
3460.55 -0.016521
3463.22 0.002584
3465.89 -0.038574
3468.56 -0.005237
3471.23 -0.021274
3473.90 -0.021380
3476.57 0.008445
3479.24 -0.015407
3481.91 -0.018259
3484.58 -0.021533
3487.25 -0.042611
3489.92 0.007250
3492.59 -0.009210
3495.26 -0.022412
3497.93 -0.019730
3500.60 -0.021717
3503.27 -0.034690
3505.94 0.017122
3508.61 0.001291
3511.28 -0.001268
3513.95 -0.014471
3516.62 -0.050542
3519.29 -0.037946
3521.96 -0.011060
3524.63 -0.036311
3527.30 -0.029144
3529.97 0.001818
3532.64 -0.010100
3535.31 0.006214
3537.98 -0.008095
3540.65 -0.012281
3543.32 0.000154
3545.99 -0.006778
3548.66 0.027144
3551.33 -0.010914
3554.00 0.014208
3556.67 -0.011598
3559.34 0.014339
3562.01 0.000851
3564.68 -0.019978
3567.35 -0.011180
3570.02 0.018440
3572.69 -0.003790
3575.36 0.006060
3578.03 0.000462
3580.70 -0.003037
3583.37 0.005386
3586.04 0.007039
3588.71 0.006614
3591.38 -0.012847
3594.05 0.001584
3596.72 -0.005094
3599.39 0.024283
3602.06 0.008041
3604.73 0.003052
3607.40 0.001045
3610.07 -0.009752
3612.74 -0.005392
3615.41 -0.006968
3618.08 -0.008455
3620.75 0.004349
3623.42 -0.006409
3626.09 -0.000636
3628.76 0.004404
3631.43 0.001889
3634.10 -0.017428
3636.77 -0.012365
3639.44 -0.011477
3642.11 -0.007793
3644.78 -0.016025
3647.45 -0.023319
3650.12 0.020009
3652.79 -0.008071
3655.46 -0.015653
3658.13 -0.010040
3660.80 0.019345
3663.47 0.002427
3666.14 -0.009259
3668.81 0.007270
3671.48 0.003671
3674.15 -0.001898
3676.82 -0.002638
3679.49 -0.014746
3682.16 -0.005274
3684.83 -0.040555
3687.50 -0.010214
3690.17 0.004994
3692.84 -0.011446
3695.51 -0.012553
3698.18 -0.018404
3700.85 0.003717
3703.52 0.002097
3706.19 -0.023388
3708.86 0.007552
3711.53 0.020176
3714.20 -0.004590
3716.87 -0.038795
3719.54 -0.042564
3722.21 -0.053558
3724.88 -0.050960
3727.55 -0.053130
3730.22 -0.057813
3732.89 -0.063261
3735.56 -0.033084
3738.23 -0.022534
3740.90 -0.023643
3743.57 -0.023810
3746.24 -0.013858
3748.91 -0.030420
3751.58 0.004299
3754.25 0.007785
3756.92 0.015208
3759.59 0.000144
3762.26 -0.003109
3764.93 -0.015255
3767.60 -0.038987
3770.27 -0.013454
3772.94 -0.044830
3775.61 -0.005521
3778.28 -0.012531
3780.95 0.017787
3783.62 -0.000023
3786.29 -0.035674
3788.96 0.018544
3791.63 0.014898
3794.30 0.011853
3796.97 -0.024283
3799.64 0.012452
3802.31 0.013301
3804.98 0.009463
3807.65 -0.010420
3810.32 0.003926
3812.99 -0.000688
3815.66 -0.013448
3818.33 -0.007972
3821.00 -0.041248
3823.67 0.014269
3826.34 -0.003041
3829.01 -0.009753
3831.68 -0.020882
3834.35 -0.007621
3837.02 0.017517
3839.69 -0.009197
3842.36 0.008652
3845.03 -0.035180
3847.70 -0.003875
3850.37 -0.025257
3853.04 -0.037287
3855.71 -0.013639
3858.38 -0.012006
3861.05 -0.011414
3863.72 -0.001506
3866.39 -0.024099
3869.06 0.010793
3871.73 -0.004535
3874.40 0.009719
3877.07 -0.039459
3879.74 -0.032849
3882.41 0.016185
3885.08 -0.013646
3887.75 -0.007124
3890.42 -0.004635
3893.09 -0.016190
3895.76 -0.029225
3898.43 -0.014357
3901.10 -0.024005
3903.77 -0.038940
3906.44 0.001252
3909.11 0.012319
3911.78 -0.017802
3914.45 0.004726
3917.12 -0.037092
3919.79 0.004876
3922.46 0.006373
3925.13 -0.019444
3927.80 -0.008952
3930.47 -0.026106
3933.14 -0.004287
3935.81 -0.013153
3938.48 -0.015921
3941.15 -0.001537
3943.82 -0.002338
3946.49 -0.006129
3949.16 0.010925
3951.83 0.011419
3954.50 -0.011077
3957.17 0.007011
3959.84 0.022001
3962.51 0.002054
3965.18 -0.000245
3967.85 0.002676
3970.52 0.034521
3973.19 0.014316
3975.86 -0.001135
3978.53 -0.013912
3981.20 -0.012668
3983.87 -0.024896
3986.54 0.020129
3989.21 0.026518
3991.88 -0.003090
3994.55 0.021285
3997.22 0.004327
3999.89 -0.001973
4002.56 0.007842
4005.23 0.008137
4007.90 0.014904
4010.57 0.028618
4013.24 0.012429
4015.91 0.001934
4018.58 0.015311
4021.25 0.008301
4023.92 -0.021697
4026.59 -0.003374
4029.26 0.002502
4031.93 0.030797
4034.60 0.015204
4037.27 0.038884
4039.94 0.001267
4042.61 -0.010078
4045.28 0.006402
4047.95 0.005903
4050.62 0.002225
4053.29 0.008199
4055.96 -0.003583
4058.63 -0.005315
4061.30 0.005012
4063.97 -0.023970
4066.64 -0.013732
4069.31 -0.008790
4071.98 0.007770
4074.65 0.006870
4077.32 0.007655
4079.99 -0.004754
4082.66 0.017155
4085.33 0.000589
4088.00 0.026706
4090.67 -0.001969
4093.34 0.001515
4096.01 0.019311
4098.68 0.002970
4101.35 -0.014161
4104.02 -0.021459
4106.69 -0.003854
4109.36 -0.007744
4112.03 -0.020156
4114.70 -0.005741
4117.37 -0.028841
4120.04 -0.027869
4122.71 0.000970
4125.38 -0.021074
4128.05 0.005190
4130.72 0.021758
4133.39 0.023282
4136.06 0.003270
4138.73 0.002469
4141.40 0.049070
4144.07 0.036953
4146.74 0.009463
4149.41 0.020167
4152.08 0.005106
4154.75 0.004805
4157.42 0.009165
4160.09 0.013906
4162.76 0.021714
4165.43 0.015383
4168.10 -0.004968
4170.77 0.006113
4173.44 -0.016401
4176.11 0.013651
4178.78 0.009703
4181.45 -0.008521
4184.12 -0.001927
4186.79 -0.003282
4189.46 -0.011703
4192.13 0.016751
4194.80 0.009636
4197.47 0.008233
4200.14 0.025359
4202.81 0.023701
4205.48 0.033221
4208.15 0.024496
4210.82 -0.004225
4213.49 0.020571
4216.16 0.011814
4218.83 0.012996
4221.50 -0.004649
4224.17 -0.006391
4226.84 0.003935
4229.51 -0.005398
4232.18 0.000101
4234.85 0.003068
4237.52 -0.025465
4240.19 0.014330
4242.86 -0.017963
4245.53 -0.006961
4248.20 0.004148
4250.87 -0.000077
4253.54 0.009501
4256.21 0.006319
4258.88 0.019221
4261.55 0.007178
4264.22 0.016466
4266.89 0.009626
4269.56 0.015945
4272.23 -0.001562
4274.90 0.013485
4277.57 0.016088
4280.24 0.006775
4282.91 0.021742
4285.58 0.032028
4288.25 0.028707
4290.92 0.020827
4293.59 0.013029
4296.26 -0.001420
4298.93 -0.013292
4301.60 -0.000696
4304.27 0.002077
4306.94 0.007940
4309.61 0.000358
4312.28 0.009048
4314.95 0.008794
4317.62 -0.004454
4320.29 0.009642
4322.96 0.002862
4325.63 0.005694
4328.30 -0.007540
4330.97 -0.001203
4333.64 -0.003156
4336.31 -0.017445
4338.98 -0.022550
4341.65 -0.014947
4344.32 -0.017290
4346.99 -0.041589
4349.66 -0.013194
4352.33 -0.007960
4355.00 -0.004204
4357.67 -0.000287
4360.34 0.004707
4363.01 0.033043
4365.68 0.022741
4368.35 0.028181
4371.02 0.006461
4373.69 0.027790
4376.36 0.000378
4379.03 0.014697
4381.70 -0.004969
4384.37 -0.015278
4387.04 -0.011004
4389.71 -0.005565
4392.38 -0.006296
4395.05 -0.007747
4397.72 -0.012592
4400.39 -0.011493
4403.06 -0.038193
4405.73 -0.007209
4408.40 -0.004078
4411.07 0.000981
4413.74 -0.018342
4416.41 -0.015729
4419.08 -0.027744
4421.75 -0.010349
4424.42 0.002512
4427.09 -0.005648
4429.76 -0.005698
4432.43 0.008888
4435.10 -0.004862
4437.77 0.012087
4440.44 0.006421
4443.11 -0.009423
4445.78 0.001167
4448.45 0.018436
4451.12 -0.001151
4453.79 0.013727
4456.46 0.018101
4459.13 -0.007601
4461.80 -0.000431
4464.47 0.011517
4467.14 -0.006587
4469.81 -0.003938
4472.48 -0.006336
4475.15 0.000982
4477.82 0.003736
4480.49 0.020748
4483.16 -0.013204
4485.83 -0.002228
4488.50 -0.000590
4491.17 -0.007149
4493.84 -0.002852
4496.51 -0.008686
4499.18 0.005802
4501.85 0.007802
4504.52 0.014406
4507.19 -0.012541
4509.86 -0.017983
4512.53 0.000912
4515.20 -0.010786
4517.87 -0.033762
4520.54 -0.020461
4523.21 -0.015331
4525.88 -0.004971
4528.55 -0.001406
4531.22 0.003742
4533.89 0.003015
4536.56 0.000746
4539.23 -0.013373
4541.90 0.001145
4544.57 0.002691
4547.24 0.003523
4549.91 0.000686
4552.58 -0.017526
4555.25 -0.011593
4557.92 -0.008202
4560.59 -0.028335
4563.26 -0.010916
4565.93 -0.021214
4568.60 -0.006786
4571.27 -0.021302
4573.94 0.002387
4576.61 0.009724
4579.28 -0.000404
4581.95 -0.011727
4584.62 -0.016337
4587.29 -0.028463
4589.96 -0.012244
4592.63 -0.021504
4595.30 -0.006858
4597.97 -0.005791
4600.64 -0.016438
4603.31 0.011791
4605.98 -0.010341
4608.65 0.005135
4611.32 -0.002179
4613.99 -0.001677
4616.66 -0.002662
4619.33 -0.005440
4622.00 0.004127
4624.67 -0.014013
4627.34 -0.015249
4630.01 -0.026652
4632.68 -0.030243
4635.35 -0.017037
4638.02 -0.014107
4640.69 -0.018497
4643.36 -0.008852
4646.03 0.001929
4648.70 -0.010664
4651.37 -0.010037
4654.04 -0.004124
4656.71 -0.015547
4659.38 -0.012322
4662.05 -0.007216
4664.72 -0.018570
4667.39 -0.018941
4670.06 -0.017733
4672.73 -0.004579
4675.40 -0.014791
4678.07 0.006697
4680.74 -0.011647
4683.41 -0.002022
4686.08 -0.004064
4688.75 0.002439
4691.42 -0.015901
4694.09 -0.009462
4696.76 -0.012029
4699.43 -0.011794
4702.10 -0.010164
4704.77 -0.008647
4707.44 -0.016178
4710.11 -0.005652
4712.78 -0.013992
4715.45 -0.009440
4718.12 0.006955
4720.79 -0.014372
4723.46 -0.020584
4726.13 0.001672
4728.80 -0.018353
4731.47 -0.015579
4734.14 -0.032244
4736.81 -0.020572
4739.48 -0.011298
4742.15 -0.000385
4744.82 -0.010588
4747.49 -0.006252
4750.16 0.007210
4752.83 0.003985
4755.50 0.006874
4758.17 -0.017769
4760.84 0.014261
4763.51 -0.006187
4766.18 -0.001258
4768.85 0.014056
4771.52 0.004243
4774.19 0.007136
4776.86 0.004358
4779.53 0.027236
4782.20 0.016644
4784.87 0.035149
4787.54 0.036703
4790.21 0.026478
4792.88 0.021279
4795.55 0.036310
4798.22 0.028205
4800.89 0.016885
4803.56 0.038132
4806.23 0.026259
4808.90 0.029541
4811.57 0.024894
4814.24 0.014261
4816.91 0.019713
4819.58 0.039514
4822.25 0.028719
4824.92 0.049316
4827.59 0.027572
4830.26 0.032309
4832.93 0.025439
4835.60 0.027217
4838.27 0.034656
4840.94 0.029888
4843.61 -0.008598
4846.28 0.003033
4848.95 0.007390
4851.62 0.019497
4854.29 -0.026486
4856.96 -0.058453
4859.63 -0.053732
4862.30 -0.044601
4864.97 -0.064441
4867.64 -0.076517
4870.31 -0.025910
4872.98 -0.024453
4875.65 -0.009470
4878.32 -0.019250
4880.99 0.005950
4883.66 -0.004941
4886.33 0.027313
4889.00 0.009178
4891.67 0.011535
4894.34 0.038046
4897.01 0.014209
4899.68 0.019976
4902.35 0.012649
4905.02 0.018464
4907.69 0.009911
4910.36 0.010774
4913.03 -0.000016
4915.70 0.014948
4918.37 -0.026353
4921.04 -0.006605
4923.71 0.000316
4926.38 0.000385
4929.05 0.000391
4931.72 -0.016637
4934.39 -0.008393
4937.06 0.001506
4939.73 0.007730
4942.40 -0.016690
4945.07 0.011640
4947.74 0.021623
4950.41 -0.011023
4953.08 -0.017181
4955.75 -0.028451
4958.42 -0.022837
4961.09 0.071759
4963.76 0.049066
4966.43 -0.015468
4969.10 -0.005251
4971.77 0.023678
4974.44 -0.001891
4977.11 0.018002
4979.78 -0.009959
4982.45 -0.005355
4985.12 -0.026900
4987.79 -0.016933
4990.46 -0.000372
4993.13 -0.028663
4995.80 -0.030599
4998.47 -0.048104
5001.14 -0.056486
5003.81 -0.132868
5006.48 -0.023114
5009.15 0.187021
5011.82 0.058519
5014.49 -0.085167
5017.16 -0.079148
5019.83 -0.039351
5022.50 -0.032176
5025.17 -0.024282
5027.84 -0.015542
5030.51 -0.014150
5033.18 -0.024177
5035.85 -0.026734
5038.52 -0.021818
5041.19 -0.012438
5043.86 0.003537
5046.53 -0.005777
5049.20 -0.003939
5051.87 0.015683
5054.54 0.008171
5057.21 0.002037
5059.88 -0.007224
5062.55 -0.007350
5065.22 -0.010133
5067.89 -0.007796
5070.56 0.004520
5073.23 0.018773
5075.90 0.015707
5078.57 0.010194
5081.24 0.001387
5083.91 0.016275
5086.58 0.020806
5089.25 0.018329
5091.92 0.024541
5094.59 0.007152
5097.26 0.008041
5099.93 0.017537
5102.60 0.006235
5105.27 0.001569
5107.94 0.006104
5110.61 0.003288
5113.28 0.009962
5115.95 0.001299
5118.62 0.015367
5121.29 0.021804
5123.96 0.008915
5126.63 0.007998
5129.30 0.007646
5131.97 0.013417
5134.64 0.007113
5137.31 0.018306
5139.98 0.024264
5142.65 0.009141
5145.32 0.016244
5147.99 0.048428
5150.66 0.026268
5153.33 0.028456
5156.00 0.024820
5158.67 0.020792
5161.34 0.010889
5164.01 0.001574
5166.68 -0.016117
5169.35 0.005035
5172.02 -0.005269
5174.69 -0.010946
5177.36 -0.024574
5180.03 -0.000484
5182.70 -0.006069
5185.37 0.017647
5188.04 0.014598
5190.71 0.019043
5193.38 0.020686
5196.05 0.014110
5198.72 0.011474
5201.39 0.000480
5204.06 -0.013158
5206.73 0.004467
5209.40 0.009284
5212.07 -0.002761
5214.74 0.014364
5217.41 0.028839
5220.08 0.012356
5222.75 0.025354
5225.42 -0.000092
5228.09 0.029744
5230.76 0.024228
5233.43 0.012252
5236.10 0.016835
5238.77 0.010977
5241.44 0.003073
5244.11 0.010856
5246.78 0.018084
5249.45 -0.000160
5252.12 0.017528
5254.79 0.005353
5257.46 -0.001945
5260.13 0.015583
5262.80 0.009898
5265.47 0.006904
5268.14 0.008693
5270.81 0.002812
5273.48 0.005788
5276.15 0.003049
5278.82 0.013743
5281.49 -0.007792
5284.16 0.007497
5286.83 0.000514
5289.50 -0.003284
5292.17 0.006567
5294.84 0.008960
5297.51 0.019913
5300.18 -0.005312
5302.85 0.009757
5305.52 0.003735
5308.19 -0.002025
5310.86 0.004844
5313.53 -0.018726
5316.20 0.000606
5318.87 0.003327
5321.54 0.010221
5324.21 0.003863
5326.88 -0.024688
5329.55 0.005967
5332.22 0.001786
5334.89 -0.000016
5337.56 0.009813
5340.23 0.011514
5342.90 -0.002358
5345.57 0.026448
5348.24 0.022275
5350.91 0.009652
5353.58 0.031116
5356.25 0.012631
5358.92 -0.003285
5361.59 -0.005317
5364.26 0.014286
5366.93 -0.007726
5369.60 -0.014303
5372.27 -0.001949
5374.94 -0.003455
5377.61 -0.004349
5380.28 0.015679
5382.95 0.005667
5385.62 0.005757
5388.29 0.007868
5390.96 0.013413
5393.63 0.010773
5396.30 0.033196
5398.97 0.023130
5401.64 0.019474
5404.31 0.028506
5406.98 0.026997
5409.65 0.011525
5412.32 0.031850
5414.99 -0.019034
5417.66 0.012797
5420.33 -0.005151
5423.00 -0.003677
5425.67 -0.009056
5428.34 0.013621
5431.01 -0.024627
5433.68 -0.006392
5436.35 -0.013301
5439.02 -0.000359
5441.69 -0.001246
5444.36 0.002500
5447.03 0.015059
5449.70 0.011380
5452.37 0.011819
5455.04 0.016132
5457.71 0.021227
5460.38 0.031753
5463.05 0.016057
5465.72 0.016208
5468.39 0.026651
5471.06 0.004418
5473.73 0.022708
5476.40 0.008150
5479.07 0.004080
5481.74 0.018054
5484.41 0.030453
5487.08 0.030098
5489.75 0.014814
5492.42 0.022433
5495.09 -0.013050
5497.76 0.004787
5500.43 0.007898
5503.10 -0.004916
5505.77 0.026590
5508.44 -0.009127
5511.11 -0.000559
5513.78 0.017525
5516.45 0.005505
5519.12 0.016512
5521.79 -0.001071
5524.46 -0.007869
5527.13 0.006685
5529.80 0.009621
5532.47 0.008075
5535.14 0.011796
5537.81 0.007008
5540.48 0.012886
5543.15 -0.008204
5545.82 0.017968
5548.49 -0.004744
5551.16 -0.013442
5553.83 -0.000604
5556.50 0.011279
5559.17 0.015588
5561.84 0.028290
5564.51 0.005487
5567.18 -0.007428
5569.85 0.021812
5572.52 -0.006627
5575.19 0.021920
5577.86 -0.006200
5580.53 -0.002632
5583.20 0.019538
5585.87 0.016640
5588.54 0.003937
5591.21 0.011768
5593.88 0.005378
5596.55 0.003283
5599.22 0.001039
5601.89 0.001986
5604.56 0.003446
5607.23 -0.008623
5609.90 0.028576
5612.57 0.004095
5615.24 0.015303
5617.91 0.011259
5620.58 0.018782
5623.25 0.011547
5625.92 0.013256
5628.59 0.011506
5631.26 0.008419
5633.93 0.023882
5636.60 0.010951
5639.27 0.007329
5641.94 0.013967
5644.61 0.001334
5647.28 0.005372
5649.95 0.000792
5652.62 -0.003982
5655.29 -0.003802
5657.96 -0.012015
5660.63 -0.015988
5663.30 0.016813
5665.97 -0.002457
5668.64 0.002144
5671.31 -0.011969
5673.98 -0.009874
5676.65 0.000590
5679.32 0.011215
5681.99 -0.014773
5684.66 0.002255
5687.33 0.007889
5690.00 0.002274
5692.67 0.010643
5695.34 -0.001627
5698.01 -0.007315
5700.68 -0.019896
5703.35 -0.015941
5706.02 -0.008057
5708.69 -0.011218
5711.36 -0.014204
5714.03 0.019539
5716.70 0.016748
5719.37 0.015049
5722.04 0.018709
5724.71 0.005270
5727.38 0.005113
5730.05 0.019620
5732.72 -0.025313
5735.39 0.009552
5738.06 0.001791
5740.73 -0.022485
5743.40 0.007976
5746.07 0.003723
5748.74 0.008862
5751.41 0.029241
5754.08 0.022983
5756.75 0.002748
5759.42 0.007400
5762.09 -0.023153
5764.76 -0.002285
5767.43 0.006738
5770.10 0.002858
5772.77 -0.021060
5775.44 -0.007811
5778.11 0.023413
5780.78 0.019635
5783.45 -0.003842
5786.12 -0.006018
5788.79 0.025233
5791.46 0.003473
5794.13 0.010019
5796.80 0.000299
5799.47 0.020420
5802.14 0.032234
5804.81 -0.006616
5807.48 -0.007876
5810.15 -0.002234
5812.82 0.029312
5815.49 -0.000332
5818.16 -0.016924
5820.83 -0.014764
5823.50 0.004641
5826.17 0.003638
5828.84 -0.003755
5831.51 0.036188
5834.18 0.006840
5836.85 0.033387
5839.52 0.016171
5842.19 0.014003
5844.86 0.043508
5847.53 0.022070
5850.20 -0.007384
5852.87 -0.001681
5855.54 0.010545
5858.21 0.016553
5860.88 0.003542
5863.55 0.023758
5866.22 0.013657
5868.89 0.000845
5871.56 0.002848
5874.23 0.013249
5876.90 -0.012569
5879.57 -0.010476
5882.24 -0.001657
5884.91 0.004333
5887.58 -0.000519
5890.25 -0.009790
5892.92 0.017669
5895.59 -0.014808
5898.26 0.012430
5900.93 -0.018887
5903.60 -0.002787
5906.27 0.019394
5908.94 0.008856
5911.61 0.046911
5914.28 0.008400
5916.95 0.007702
5919.62 0.008456
5922.29 -0.020844
5924.96 0.003580
5927.63 -0.017307
5930.30 -0.013288
5932.97 0.004198
5935.64 0.014596
5938.31 0.005163
5940.98 -0.003342
5943.65 -0.025503
5946.32 0.008107
5948.99 -0.001132
5951.66 -0.002407
5954.33 0.005949
5957.00 -0.008699
5959.67 0.005327
5962.34 0.005816
5965.01 0.010361
5967.68 0.007173
5970.35 -0.016470
5973.02 0.007090
5975.69 -0.024359
5978.36 -0.010783
5981.03 0.012420
5983.70 0.004250
5986.37 0.000931
5989.04 -0.007458
5991.71 -0.026472
5994.38 -0.005613
5997.05 -0.023047
5999.72 -0.018057
6002.39 0.012039
6005.06 -0.002069
6007.73 -0.021077
6010.40 -0.028960
6013.07 -0.010906
6015.74 0.037005
6018.41 -0.007920
6021.08 0.027526
6023.75 -0.022187
6026.42 -0.028954
6029.09 -0.000784
6031.76 0.000823
6034.43 -0.038934
6037.10 0.009204
6039.77 -0.006417
6042.44 0.004786
6045.11 -0.016453
6047.78 -0.026841
6050.45 -0.008312
6053.12 -0.020930
6055.79 0.004292
6058.46 -0.027799
6061.13 -0.009910
6063.80 -0.022241
6066.47 -0.010947
6069.14 -0.006831
6071.81 0.012609
6074.48 -0.046246
6077.15 -0.034413
6079.82 0.001162
6082.49 -0.039491
6085.16 0.011300
6087.83 0.028118
6090.50 -0.018005
6093.17 0.000876
6095.84 -0.004296
6098.51 -0.019366
6101.18 -0.001785
6103.85 -0.023199
6106.52 -0.043550
6109.19 -0.008697
6111.86 -0.034381
6114.53 -0.029452
6117.20 -0.034846
6119.87 -0.057296
6122.54 -0.013393
6125.21 -0.001844
6127.88 -0.060576
6130.55 0.009479
6133.22 -0.041813
6135.89 -0.008844
6138.56 -0.019943
6141.23 -0.037355
6143.90 -0.010554
6146.57 -0.008191
6149.24 -0.027551
6151.91 -0.015077
6154.58 -0.055607
6157.25 -0.056201
6159.92 -0.026016
6162.59 -0.052709
6165.26 -0.035238
6167.93 -0.039882
6170.60 -0.060281
6173.27 -0.039231
6175.94 -0.043694
6178.61 -0.029687
6181.28 -0.027688
6183.95 -0.033341
6186.62 -0.040401
6189.29 -0.062809
6191.96 -0.046104
6194.63 -0.027316
6197.30 -0.032878
6199.97 -0.024744
6202.64 -0.014017
6205.31 -0.009430
6207.98 -0.027901
6210.65 -0.031077
6213.32 -0.049752
6215.99 -0.042389
6218.66 -0.027155
6221.33 -0.043792
6224.00 -0.031331
6226.67 -0.041418
6229.34 -0.114997
6232.01 -0.120048
6234.68 -0.135600
6237.35 -0.041903
6240.02 -0.038565
6242.69 -0.037714
6245.36 -0.035706
6248.03 -0.043522
6250.70 -0.031583
6253.37 -0.037693
6256.04 -0.038219
6258.71 -0.015730
6261.38 0.023730
6264.05 -0.036110
6266.72 -0.028202
6269.39 -0.013666
6272.06 -0.020989
6274.73 -0.033914
6277.40 -0.013223
6280.07 -0.017297
6282.74 -0.015386
6285.41 -0.021330
6288.08 -0.015068
6290.75 0.042675
6293.42 -0.012637
6296.09 -0.016523
6298.76 -0.009521
6301.43 0.000527
6304.10 -0.011098
6306.77 -0.013580
6309.44 -0.009703
6312.11 -0.023010
6314.78 -0.021707
6317.45 -0.012168
6320.12 -0.027025
6322.79 0.010927
6325.46 0.009425
6328.13 -0.006132
6330.80 -0.008584
6333.47 -0.004897
6336.14 -0.013038
6338.81 -0.014756
6341.48 -0.009758
6344.15 -0.009234
6346.82 -0.007706
6349.49 -0.013278
6352.16 -0.004078
6354.83 -0.021537
6357.50 -0.018981
6360.17 0.011437
6362.84 -0.012741
6365.51 -0.000402
6368.18 0.007511
6370.85 -0.009530
6373.52 -0.005370
6376.19 -0.009831
6378.86 -0.006962
6381.53 -0.015758
6384.20 -0.025830
6386.87 0.002932
6389.54 -0.005333
6392.21 -0.000819
6394.88 -0.022195
6397.55 -0.021351
6400.22 -0.017476
6402.89 -0.007971
6405.56 0.008132
6408.23 -0.014886
6410.90 -0.010775
6413.57 0.006696
6416.24 0.004082
6418.91 -0.001401
6421.58 -0.015099
6424.25 0.011918
6426.92 -0.004190
6429.59 -0.003435
6432.26 0.001681
6434.93 -0.008007
6437.60 -0.007153
6440.27 -0.012803
6442.94 -0.003453
6445.61 -0.014251
6448.28 -0.017003
6450.95 -0.003479
6453.62 -0.014748
6456.29 -0.004874
6458.96 0.001194
6461.63 0.000292
6464.30 -0.005602
6466.97 -0.012317
6469.64 -0.004802
6472.31 -0.009428
6474.98 0.004173
6477.65 0.006172
6480.32 -0.002469
6482.99 -0.016360
6485.66 -0.010642
6488.33 -0.001895
6491.00 0.021018
6493.67 0.003512
6496.34 -0.000385
6499.01 -0.013852
6501.68 -0.018184
6504.35 -0.006200
6507.02 0.002795
6509.69 0.000483
6512.36 -0.001535
6515.03 -0.007390
6517.70 -0.005763
6520.37 -0.000427
6523.04 0.002512
6525.71 0.011347
6528.38 0.003706
6531.05 0.005587
6533.72 0.016626
6536.39 0.010848
6539.06 0.011166
6541.73 0.011689
6544.40 0.011088
6547.07 0.011827
6549.74 0.011482
6552.41 0.011561
6555.08 0.006164
6557.75 0.006780
6560.42 0.011711
6563.09 0.011021
6565.76 0.008409
6568.43 0.007515
6571.10 0.007349
6573.77 0.007419
6576.44 0.006407
6579.11 0.007691
6581.78 0.007613
6584.45 0.009097
6587.12 0.009827
6589.79 0.009875
6592.46 0.008743
6595.13 0.007992
6597.80 0.008652
6600.47 0.008586
6603.14 0.007202
6605.81 0.008074
6608.48 0.006466
6611.15 0.007356
6613.82 0.006268
6616.49 0.005435
6619.16 0.007498
6621.83 0.006364
6624.50 0.006708
6627.17 0.006169
6629.84 0.007174
6632.51 0.007037
6635.18 0.006466
6637.85 0.006316
6640.52 0.006458
6643.19 0.006295
6645.86 0.007302
6648.53 0.006030
6651.20 0.005841
6653.87 0.006262
6656.54 0.005376
6659.21 0.003997
6661.88 0.004412
6664.55 0.004201
6667.22 0.004740
6669.89 0.004596
6672.56 0.003680
6675.23 0.003183
6677.90 0.002758
6680.57 0.003874
6683.24 0.003648
6685.91 0.003399
6688.58 0.002931
6691.25 0.002030
6693.92 0.003150
6696.59 0.002936
6699.26 0.002550
6701.93 0.003008
6704.60 0.002489
6707.27 0.002340
6709.94 0.003229
6712.61 0.003181
6715.28 0.003260
6717.95 0.003341
6720.62 0.003219
6723.29 0.003198
6725.96 0.003179
6728.63 0.003121
6731.30 0.003120
6733.97 0.003091
6736.64 0.002998
6739.31 0.002906
6741.98 0.002876
6744.65 0.002862
6747.32 0.002780
6749.99 0.002743
6752.66 0.002734
6755.33 0.002705
6758.00 0.002730
6760.67 0.002678
6763.34 0.002687
6766.01 0.002648
6768.68 0.002636
6771.35 0.002639
6774.02 0.002674
6776.69 0.002625
6779.36 0.002613
6782.03 0.002616
6784.70 0.002669
6787.37 0.002700
6790.04 0.002656
6792.71 0.002642
6795.38 0.002637
6798.05 0.002582
6800.72 0.002586
6803.39 0.002611
6806.06 0.002626
6808.73 0.002578
6811.40 0.002593
6814.07 0.002597
6816.74 0.002619
6819.41 0.002671
6822.08 0.002585
6824.75 0.002609
6827.42 0.002593
6830.09 0.002631
6832.76 0.002589
6835.43 0.002585
6838.10 0.002590
6840.77 0.002600
6843.44 0.002546
6846.11 0.002535
6848.78 0.002552
6851.45 0.002524
6854.12 0.002541
6856.79 0.002559
6859.46 0.002553
6862.13 0.002497
6864.80 0.002544
6867.47 0.002615
6870.14 0.002554
6872.81 0.002601
6875.48 0.002560
6878.15 0.002570
6880.82 0.002556
6883.49 0.002554
6886.16 0.002581
6888.83 0.002437
6891.50 0.002571
6894.17 0.002560
6896.84 0.002535
6899.51 0.002548
6902.18 0.002547
6904.85 0.002493
6907.52 0.002452
6910.19 0.002604
6912.86 0.002666
6915.53 0.002684
6918.20 0.002671
6920.87 0.002557
6923.54 0.002585
6926.21 0.002541
6928.88 0.002571
6931.55 0.002584
6934.22 0.002576
6936.89 0.002595
6939.56 0.002620
6942.23 0.002515
6944.90 0.002464
6947.57 0.002466
6950.24 0.002607
6952.91 0.002663
6955.58 0.002701
6958.25 0.002653
6960.92 0.002693
6963.59 0.002700
6966.26 0.002680
6968.93 0.002734
6971.60 0.002640
6974.27 0.002726
6976.94 0.002777
6979.61 0.002821
6982.28 0.002926
6984.95 0.002873
6987.62 0.002899
6990.29 0.002824
6992.96 0.002835
6995.63 0.002882
6998.30 0.002876
7000.97 0.002838
7003.64 0.002842
7006.31 0.002850
7008.98 0.002727
7011.65 0.002834
7014.32 0.002823
7016.99 0.002758
7019.66 0.002869
7022.33 0.002807
7025.00 0.002880
7027.67 0.002930
7030.34 0.002880
7033.01 0.002891
7035.68 0.002900
7038.35 0.002955
7041.02 0.003060
7043.69 0.002963
7046.36 0.002907
7049.03 0.003012
7051.70 0.002938
7054.37 0.002840
7057.04 0.002755
7059.71 0.002755
7062.38 0.002897
7065.05 0.003020
7067.72 0.002924
7070.39 0.002860
7073.06 0.002710
7075.73 0.002832
7078.40 0.002891
7081.07 0.002928
7083.74 0.002862
7086.41 0.002716
7089.08 0.002685
7091.75 0.002848
7094.42 0.002831
7097.09 0.002786
7099.76 0.002745
7102.43 0.002770
7105.10 0.002800
7107.77 0.002918
7110.44 0.002897
7113.11 0.002920
7115.78 0.002889
7118.45 0.002972
7121.12 0.002878
7123.79 0.002908
7126.46 0.002918
7129.13 0.002936
7131.80 0.002969
7134.47 0.002916
7137.14 0.002983
7139.81 0.002922
7142.48 0.002882
7145.15 0.002875
7147.82 0.002869
7150.49 0.002873
7153.16 0.002831
7155.83 0.002813
7158.50 0.002896
7161.17 0.002831
7163.84 0.002860
7166.51 0.002773
7169.18 0.002859
7171.85 0.002857
7174.52 0.002908
7177.19 0.002885
7179.86 0.002895
7182.53 0.002934
7185.20 0.003045
7187.87 0.002953
7190.54 0.002893
7193.21 0.002802
7195.88 0.002778
7198.55 0.002946
7201.22 0.002760
7203.89 0.002785
7206.56 0.002763
7209.23 0.002760
7211.90 0.002849
7214.57 0.002855
7217.24 0.002784
7219.91 0.002822
7222.58 0.002801
7225.25 0.002875
7227.92 0.002926
7230.59 0.002822
7233.26 0.002783
7235.93 0.002848
7238.60 0.002885
7241.27 0.002849
7243.94 0.002863
7246.61 0.002796
7249.28 0.002808
7251.95 0.002837
7254.62 0.002817
7257.29 0.002828
7259.96 0.002777
7262.63 0.002744
7265.30 0.002795
7267.97 0.002775
7270.64 0.002798
7273.31 0.002864
7275.98 0.002818
7278.65 0.002754
7281.32 0.002662
7283.99 0.002717
7286.66 0.002855
7289.33 0.002873
7292.00 0.002758
7294.67 0.002780
7297.34 0.002838
7300.01 0.002799
7302.68 0.002796
7305.35 0.002765
7308.02 0.002927
7310.69 0.002803
7313.36 0.002854
7316.03 0.002846
7318.70 0.002954
7321.37 0.002977
7324.04 0.002916
7326.71 0.002928
7329.38 0.002934
7332.05 0.002873
7334.72 0.002906
7337.39 0.002895
7340.06 0.002815
7342.73 0.002850
7345.40 0.002808
7348.07 0.002813
7350.74 0.002801
7353.41 0.002776
7356.08 0.002751
7358.75 0.002895
7361.42 0.002813
7364.09 0.002837
7366.76 0.002863
7369.43 0.002855
7372.10 0.002808
7374.77 0.002860
7377.44 0.002720
7380.11 0.002879
7382.78 0.002901
7385.45 0.002746
7388.12 0.002780
7390.79 0.002777
7393.46 0.002781
7396.13 0.002741
7398.80 0.002753
7401.47 0.002665
7404.14 0.002805
7406.81 0.002776
7409.48 0.002759
7412.15 0.002828
7414.82 0.002599
7417.49 0.002701
7420.16 0.002770
7422.83 0.002865
7425.50 0.002780
7428.17 0.002790
7430.84 0.002631
7433.51 0.002662
7436.18 0.002747
7438.85 0.002678
7441.52 0.002744
7444.19 0.002801
7446.86 0.002742
7449.53 0.002662
7452.20 0.002757
7454.87 0.002772
7457.54 0.002864
7460.21 0.002891
7462.88 0.002828
7465.55 0.002895
7468.22 0.002875
7470.89 0.002867
7473.56 0.002897
7476.23 0.002911
7478.90 0.002865
7481.57 0.002892
7484.24 0.002862
7486.91 0.002857
7489.58 0.002929
7492.25 0.002876
7494.92 0.002856
7497.59 0.002840
