2486.00 -0.008824
2488.67 -0.004083
2491.34 -0.015710
2494.01 -0.000877
2496.68 -0.035096
2499.35 -0.016523
2502.02 -0.041432
2504.69 -0.015963
2507.36 0.028159
2510.03 -0.006223
2512.70 -0.028911
2515.37 -0.016651
2518.04 0.053867
2520.71 -0.040837
2523.38 -0.030999
2526.05 0.023946
2528.72 -0.036402
2531.39 -0.002905
2534.06 -0.025637
2536.73 -0.008325
2539.40 0.047428
2542.07 0.074902
2544.74 -0.026196
2547.41 -0.019116
2550.08 -0.015845
2552.75 -0.028015
2555.42 -0.077423
2558.09 0.011181
2560.76 0.061933
2563.43 -0.038592
2566.10 0.007868
2568.77 0.054771
2571.44 -0.065539
2574.11 0.066541
2576.78 0.045620
2579.45 0.026908
2582.12 0.023729
2584.79 0.032671
2587.46 -0.005577
2590.13 0.014687
2592.80 -0.043370
2595.47 0.001844
2598.14 -0.019439
2600.81 0.013333
2603.48 0.006286
2606.15 0.035093
2608.82 -0.060058
2611.49 0.002387
2614.16 0.047069
2616.83 0.087184
2619.50 -0.002270
2622.17 -0.062083
2624.84 0.025736
2627.51 0.055179
2630.18 0.093678
2632.85 0.025510
2635.52 -0.074564
2638.19 0.003149
2640.86 0.077495
2643.53 -0.014292
2646.20 0.060357
2648.87 -0.089473
2651.54 -0.023278
2654.21 -0.001260
2656.88 0.051406
2659.55 0.025132
2662.22 -0.102008
2664.89 0.072140
2667.56 0.030959
2670.23 -0.056606
2672.90 0.024691
2675.57 0.002353
2678.24 -0.000529
2680.91 0.013364
2683.58 -0.010706
2686.25 -0.090429
2688.92 -0.022357
2691.59 -0.041144
2694.26 -0.029071
2696.93 -0.001865
2699.60 -0.035374
2702.27 0.009718
2704.94 0.027796
2707.61 -0.046294
2710.28 0.000608
2712.95 0.025433
2715.62 0.014362
2718.29 -0.010796
2720.96 -0.090551
2723.63 -0.072173
2726.30 -0.027371
2728.97 -0.043801
2731.64 0.007058
2734.31 -0.004364
2736.98 -0.087822
2739.65 0.017812
2742.32 0.003406
2744.99 0.007536
2747.66 0.016564
2750.33 0.003815
2753.00 -0.008664
2755.67 0.086327
2758.34 -0.085628
2761.01 0.008533
2763.68 0.033209
2766.35 0.038116
2769.02 0.033505
2771.69 0.024892
2774.36 0.084565
2777.03 0.010303
2779.70 0.039659
2782.37 -0.015115
2785.04 0.034643
2787.71 -0.007024
2790.38 -0.044109
2793.05 -0.052498
2795.72 0.025970
2798.39 0.014898
2801.06 0.016489
2803.73 0.018631
2806.40 0.024473
2809.07 -0.006424
2811.74 0.029656
2814.41 0.010353
2817.08 -0.056151
2819.75 0.012033
2822.42 0.030317
2825.09 -0.013051
2827.76 -0.033231
2830.43 -0.026600
2833.10 -0.055641
2835.77 -0.055157
2838.44 -0.035403
2841.11 0.063216
2843.78 -0.024527
2846.45 -0.006546
2849.12 0.033377
2851.79 0.037744
2854.46 0.053479
2857.13 0.043169
2859.80 0.052193
2862.47 0.038064
2865.14 -0.015544
2867.81 0.021553
2870.48 0.004492
2873.15 -0.003522
2875.82 0.079120
2878.49 0.014955
2881.16 -0.015513
2883.83 0.021919
2886.50 -0.024276
2889.17 0.029527
2891.84 -0.024826
2894.51 0.000477
2897.18 -0.031494
2899.85 -0.033088
2902.52 0.010038
2905.19 -0.039375
2907.86 -0.006170
2910.53 -0.014406
2913.20 0.011600
2915.87 0.024008
2918.54 -0.025258
2921.21 0.030889
2923.88 0.053912
2926.55 0.026104
2929.22 -0.005468
2931.89 0.041375
2934.56 0.016153
2937.23 -0.007896
2939.90 0.007994
2942.57 0.009953
2945.24 -0.044263
2947.91 -0.034896
2950.58 -0.028082
2953.25 0.033192
2955.92 -0.019017
2958.59 -0.011564
2961.26 0.045757
2963.93 0.007140
2966.60 -0.004049
2969.27 -0.025094
2971.94 -0.013610
2974.61 0.001073
2977.28 0.004546
2979.95 -0.058409
2982.62 -0.002734
2985.29 -0.005986
2987.96 0.038994
2990.63 -0.020395
2993.30 -0.086948
2995.97 0.012679
2998.64 0.033317
3001.31 0.046982
3003.98 -0.003905
3006.65 -0.051035
3009.32 -0.007688
3011.99 0.005002
3014.66 0.044896
3017.33 -0.030170
3020.00 -0.023240
3022.67 -0.014601
3025.34 0.024827
3028.01 -0.001326
3030.68 0.026372
3033.35 0.026353
3036.02 0.009130
3038.69 -0.037659
3041.36 -0.023827
3044.03 0.014772
3046.70 -0.020778
3049.37 0.007653
3052.04 -0.009097
3054.71 0.001620
3057.38 0.005450
3060.05 -0.022712
3062.72 0.007941
3065.39 -0.057581
3068.06 0.004173
3070.73 -0.040193
3073.40 -0.029433
3076.07 -0.025693
3078.74 -0.054205
3081.41 -0.058904
3084.08 -0.028503
3086.75 -0.047577
3089.42 -0.017948
3092.09 0.010013
3094.76 -0.013912
3097.43 0.024590
3100.10 -0.057450
3102.77 -0.020372
3105.44 -0.022891
3108.11 0.002676
3110.78 -0.001337
3113.45 -0.017637
3116.12 0.006993
3118.79 0.001630
3121.46 -0.040929
3124.13 0.029583
3126.80 0.010395
3129.47 -0.024865
3132.14 0.033564
3134.81 -0.000501
3137.48 -0.038855
3140.15 -0.052842
3142.82 0.004504
3145.49 0.000333
3148.16 0.005589
3150.83 -0.044593
3153.50 -0.057190
3156.17 -0.019536
3158.84 0.005552
3161.51 0.023342
3164.18 -0.008624
3166.85 0.012550
3169.52 -0.040831
3172.19 -0.001074
3174.86 0.006700
3177.53 0.014472
3180.20 -0.024951
3182.87 0.022946
3185.54 0.025922
3188.21 0.023385
3190.88 0.055407
3193.55 -0.003632
3196.22 -0.004125
3198.89 -0.013625
3201.56 -0.000516
3204.23 0.053652
3206.90 0.039241
3209.57 0.031545
3212.24 0.045802
3214.91 -0.012432
3217.58 -0.005097
3220.25 -0.006453
3222.92 0.007596
3225.59 0.018216
3228.26 -0.015607
3230.93 -0.023526
3233.60 0.009709
3236.27 -0.000654
3238.94 -0.011331
3241.61 0.021647
3244.28 -0.004878
3246.95 -0.000793
3249.62 0.035203
3252.29 0.018512
3254.96 0.028366
3257.63 0.043469
3260.30 -0.001493
3262.97 -0.004974
3265.64 -0.004267
3268.31 0.007911
3270.98 0.025041
3273.65 0.014416
3276.32 0.019493
3278.99 -0.014967
3281.66 -0.004603
3284.33 -0.003762
3287.00 0.016891
3289.67 0.015460
3292.34 -0.007714
3295.01 -0.010987
3297.68 0.008904
3300.35 -0.009102
3303.02 -0.009902
3305.69 0.019190
3308.36 0.023309
3311.03 0.012354
3313.70 -0.034640
3316.37 -0.014804
3319.04 0.008744
3321.71 0.006919
3324.38 0.014302
3327.05 0.003449
3329.72 -0.000119
3332.39 0.020664
3335.06 0.001026
3337.73 0.003844
3340.40 -0.007579
3343.07 0.019973
3345.74 -0.019376
3348.41 -0.052067
3351.08 0.004429
3353.75 -0.025021
3356.42 0.024852
3359.09 0.022137
3361.76 -0.009640
3364.43 -0.032077
3367.10 0.003720
3369.77 -0.006496
3372.44 -0.026603
3375.11 0.001125
3377.78 0.001999
3380.45 0.005558
3383.12 -0.013066
3385.79 -0.025668
3388.46 -0.005493
3391.13 -0.006295
3393.80 -0.039134
3396.47 0.010365
3399.14 -0.004731
3401.81 -0.038558
3404.48 -0.012884
3407.15 -0.034865
3409.82 -0.039976
3412.49 0.013380
3415.16 -0.023189
3417.83 -0.060402
3420.50 -0.010981
3423.17 -0.037264
3425.84 -0.041567
3428.51 -0.019305
3431.18 0.001399
3433.85 0.018832
3436.52 0.037170
3439.19 0.019415
3441.86 0.023778
3444.53 -0.001522
3447.20 0.003518
3449.87 0.022765
3452.54 -0.008763
3455.21 0.017108
3457.88 0.028601
3460.55 0.003685
3463.22 -0.014580
3465.89 0.007631
3468.56 0.040459
3471.23 0.002655
3473.90 -0.025136
3476.57 0.000320
3479.24 0.002605
3481.91 0.024257
3484.58 0.011976
3487.25 0.000835
3489.92 0.006846
3492.59 0.055105
3495.26 -0.003677
3497.93 -0.001074
3500.60 0.022617
3503.27 0.002858
3505.94 0.038957
3508.61 0.003840
3511.28 0.033910
3513.95 -0.020114
3516.62 -0.002971
3519.29 0.011297
3521.96 0.009051
3524.63 0.006006
3527.30 0.019838
3529.97 0.054244
3532.64 0.029876
3535.31 0.016851
3537.98 -0.032873
3540.65 -0.003401
3543.32 -0.013141
3545.99 0.005846
3548.66 0.025861
3551.33 0.021517
3554.00 -0.014945
3556.67 -0.012717
3559.34 -0.030369
3562.01 -0.047792
3564.68 -0.004727
3567.35 -0.014409
3570.02 -0.017528
3572.69 0.021495
3575.36 -0.024647
3578.03 -0.008848
3580.70 -0.011369
3583.37 -0.011755
3586.04 -0.001241
3588.71 -0.004153
3591.38 -0.009503
3594.05 0.026399
3596.72 -0.011102
3599.39 0.014106
3602.06 -0.015882
3604.73 0.007577
3607.40 -0.010050
3610.07 -0.040908
3612.74 -0.029113
3615.41 -0.020346
3618.08 0.008314
3620.75 -0.002220
3623.42 0.005018
3626.09 -0.002431
3628.76 -0.001576
3631.43 -0.014670
3634.10 0.004181
3636.77 0.004967
3639.44 0.008839
3642.11 0.013177
3644.78 -0.000576
3647.45 -0.022256
3650.12 -0.012767
3652.79 0.032452
3655.46 -0.008470
3658.13 0.003075
3660.80 -0.013734
3663.47 0.036138
3666.14 -0.005700
3668.81 -0.008858
3671.48 0.003494
3674.15 0.031763
3676.82 0.000930
3679.49 0.001840
3682.16 0.014039
3684.83 0.030229
3687.50 -0.000214
3690.17 -0.017234
3692.84 -0.010836
3695.51 -0.040530
3698.18 0.001918
3700.85 -0.033815
3703.52 0.004856
3706.19 -0.014397
3708.86 0.025813
3711.53 0.008464
3714.20 -0.013831
3716.87 -0.013905
3719.54 -0.015507
3722.21 0.024165
3724.88 0.108838
3727.55 0.161991
3730.22 0.122119
3732.89 0.034923
3735.56 0.005569
3738.23 0.019261
3740.90 0.030402
3743.57 -0.030620
3746.24 0.000530
3748.91 0.014427
3751.58 0.020502
3754.25 -0.007779
3756.92 -0.001251
3759.59 0.014998
3762.26 -0.026974
3764.93 -0.000227
3767.60 -0.012705
3770.27 0.018803
3772.94 -0.041743
3775.61 0.007242
3778.28 0.007080
3780.95 0.011360
3783.62 0.004004
3786.29 -0.026362
3788.96 0.044265
3791.63 -0.000315
3794.30 0.023194
3796.97 -0.003559
3799.64 0.002779
3802.31 -0.003625
3804.98 -0.020151
3807.65 0.036156
3810.32 0.013140
3812.99 0.037528
3815.66 -0.008983
3818.33 0.020806
3821.00 -0.009208
3823.67 -0.014173
3826.34 -0.026939
3829.01 0.000912
3831.68 -0.017635
3834.35 -0.036813
3837.02 -0.010068
3839.69 -0.028231
3842.36 -0.008381
3845.03 0.006367
3847.70 0.008910
3850.37 -0.017006
3853.04 -0.027453
3855.71 0.007450
3858.38 -0.016668
3861.05 -0.011181
3863.72 0.007549
3866.39 -0.048907
3869.06 0.015313
3871.73 -0.017731
3874.40 0.002401
3877.07 -0.003753
3879.74 -0.004904
3882.41 -0.014903
3885.08 -0.003510
3887.75 0.023366
3890.42 0.030130
3893.09 -0.023169
3895.76 0.025015
3898.43 0.039974
3901.10 0.032191
3903.77 0.017198
3906.44 -0.015596
3909.11 -0.000932
3911.78 0.007739
3914.45 0.000754
3917.12 0.005718
3919.79 0.040598
3922.46 0.039618
3925.13 0.005457
3927.80 -0.047367
3930.47 0.036430
3933.14 0.040137
3935.81 -0.007682
3938.48 -0.008842
3941.15 -0.018508
3943.82 0.001438
3946.49 0.032616
3949.16 -0.017016
3951.83 0.001236
3954.50 0.010455
3957.17 0.007443
3959.84 0.011437
3962.51 0.009331
3965.18 -0.002164
3967.85 0.021305
3970.52 0.003641
3973.19 0.001561
3975.86 0.005870
3978.53 -0.032513
3981.20 0.030308
3983.87 0.027222
3986.54 -0.006287
3989.21 -0.035035
3991.88 0.013802
3994.55 0.045209
3997.22 0.018892
3999.89 0.021643
4002.56 -0.014011
4005.23 -0.010732
4007.90 0.002834
4010.57 -0.001743
4013.24 -0.005380
4015.91 0.022220
4018.58 0.007977
4021.25 -0.003963
4023.92 -0.023424
4026.59 -0.005336
4029.26 -0.025503
4031.93 -0.021932
4034.60 -0.031487
4037.27 0.036681
4039.94 -0.022066
4042.61 -0.027012
4045.28 -0.003860
4047.95 0.018246
4050.62 0.015483
4053.29 -0.023911
4055.96 -0.026056
4058.63 -0.019869
4061.30 -0.017609
4063.97 -0.020493
4066.64 0.026654
4069.31 -0.025461
4071.98 -0.004763
4074.65 -0.018295
4077.32 -0.013704
4079.99 -0.026063
4082.66 -0.024357
4085.33 -0.042608
4088.00 -0.032977
4090.67 0.042208
4093.34 -0.007952
4096.01 -0.007874
4098.68 0.029181
4101.35 -0.002717
4104.02 -0.026734
4106.69 -0.008226
4109.36 -0.008411
4112.03 0.008134
4114.70 0.014171
4117.37 0.001011
4120.04 0.036820
4122.71 0.028774
4125.38 0.008416
4128.05 0.013100
4130.72 0.007981
4133.39 -0.001789
4136.06 0.003656
4138.73 0.009177
4141.40 0.017513
4144.07 -0.007812
4146.74 -0.037849
4149.41 0.028811
4152.08 -0.001320
4154.75 -0.013316
4157.42 0.017336
4160.09 -0.003248
4162.76 0.002349
4165.43 0.018589
4168.10 -0.009613
4170.77 -0.005393
4173.44 -0.012706
4176.11 0.012416
4178.78 -0.011514
4181.45 -0.020400
4184.12 -0.019814
4186.79 -0.022314
4189.46 -0.009901
4192.13 -0.001413
4194.80 -0.008791
4197.47 0.013975
4200.14 0.015504
4202.81 0.017010
4205.48 -0.009837
4208.15 -0.003612
4210.82 -0.016306
4213.49 0.010861
4216.16 0.018759
4218.83 0.000804
4221.50 0.014180
4224.17 -0.025670
4226.84 0.032102
4229.51 -0.007530
4232.18 -0.018133
4234.85 0.005535
4237.52 -0.019600
4240.19 -0.006865
4242.86 -0.025211
4245.53 -0.001698
4248.20 -0.025958
4250.87 -0.005608
4253.54 -0.000245
4256.21 0.008462
4258.88 0.003356
4261.55 -0.012860
4264.22 -0.004774
4266.89 0.008468
4269.56 0.001527
4272.23 -0.016145
4274.90 0.005099
4277.57 -0.001980
4280.24 0.014879
4282.91 -0.007204
4285.58 0.006682
4288.25 0.002645
4290.92 0.005533
4293.59 0.022163
4296.26 -0.007623
4298.93 -0.012071
4301.60 -0.018394
4304.27 0.006750
4306.94 -0.024403
4309.61 -0.028296
4312.28 -0.039843
4314.95 -0.043873
4317.62 -0.006246
4320.29 0.000345
4322.96 -0.021130
4325.63 -0.004601
4328.30 -0.004148
4330.97 -0.005016
4333.64 0.007634
4336.31 0.033506
4338.98 0.025355
4341.65 0.030886
4344.32 -0.024411
4346.99 -0.001590
4349.66 0.004577
4352.33 -0.001185
4355.00 0.022223
4357.67 0.013823
4360.34 0.004570
4363.01 0.042724
4365.68 0.025885
4368.35 -0.001222
4371.02 0.007789
4373.69 0.028165
4376.36 0.009680
4379.03 0.019485
4381.70 0.004659
4384.37 -0.009189
4387.04 0.010624
4389.71 0.009356
4392.38 0.007275
4395.05 0.004125
4397.72 0.004942
4400.39 -0.005422
4403.06 0.017163
4405.73 0.008741
4408.40 0.005667
4411.07 -0.008395
4413.74 -0.010079
4416.41 -0.009176
4419.08 0.017261
4421.75 0.000444
4424.42 0.004783
4427.09 0.009083
4429.76 0.012885
4432.43 -0.001584
4435.10 0.024369
4437.77 0.023863
4440.44 0.020331
4443.11 0.005849
4445.78 0.000789
4448.45 -0.012101
4451.12 -0.000143
4453.79 0.005861
4456.46 -0.007886
4459.13 -0.010120
4461.80 0.007583
4464.47 0.003319
4467.14 0.002445
4469.81 -0.006081
4472.48 0.024623
4475.15 -0.005837
4477.82 0.005043
4480.49 0.008844
4483.16 0.014099
4485.83 -0.008157
4488.50 0.005752
4491.17 0.016486
4493.84 -0.005205
4496.51 0.007647
4499.18 -0.028220
4501.85 -0.013008
4504.52 0.024802
4507.19 0.007295
4509.86 0.002430
4512.53 -0.015171
4515.20 0.006309
4517.87 0.005157
4520.54 -0.018638
4523.21 0.001803
4525.88 0.006462
4528.55 -0.005940
4531.22 0.012688
4533.89 0.012718
4536.56 -0.002011
4539.23 -0.009449
4541.90 0.003339
4544.57 0.011241
4547.24 0.005309
4549.91 -0.012027
4552.58 0.003840
4555.25 0.008770
4557.92 -0.006175
4560.59 0.000022
4563.26 -0.003015
4565.93 0.018139
4568.60 -0.013867
4571.27 -0.002018
4573.94 0.009672
4576.61 0.005304
4579.28 0.012817
4581.95 -0.000404
4584.62 -0.001836
4587.29 -0.016452
4589.96 -0.012044
4592.63 -0.025093
4595.30 -0.011575
4597.97 -0.009505
4600.64 -0.009434
4603.31 -0.002743
4605.98 0.003885
4608.65 -0.028979
4611.32 0.007290
4613.99 -0.015005
4616.66 0.009634
4619.33 -0.011869
4622.00 -0.018423
4624.67 -0.002565
4627.34 -0.023065
4630.01 -0.016990
4632.68 -0.030944
4635.35 -0.031519
4638.02 -0.016832
4640.69 0.016389
4643.36 -0.016226
4646.03 0.006792
4648.70 0.007464
4651.37 -0.002982
4654.04 0.019126
4656.71 -0.009469
4659.38 0.006558
4662.05 0.005792
4664.72 -0.002660
4667.39 -0.003293
4670.06 -0.018966
4672.73 0.003512
4675.40 -0.019807
4678.07 0.016034
4680.74 -0.003927
4683.41 0.000332
4686.08 0.008984
4688.75 -0.006789
4691.42 -0.005033
4694.09 0.010391
4696.76 0.002142
4699.43 -0.002508
4702.10 0.015707
4704.77 -0.017885
4707.44 -0.001786
4710.11 -0.006719
4712.78 -0.014175
4715.45 0.005826
4718.12 0.010098
4720.79 0.026246
4723.46 0.001820
4726.13 -0.015603
4728.80 -0.017895
4731.47 0.008480
4734.14 -0.015323
4736.81 -0.020286
4739.48 0.000551
4742.15 0.013907
4744.82 -0.005558
4747.49 0.028270
4750.16 0.010273
4752.83 0.001075
4755.50 0.011711
4758.17 -0.004734
4760.84 0.016026
4763.51 0.004970
4766.18 -0.006036
4768.85 0.001113
4771.52 -0.008589
4774.19 0.010064
4776.86 0.014207
4779.53 0.005730
4782.20 -0.001856
4784.87 0.003281
4787.54 0.028773
4790.21 0.024036
4792.88 0.034668
4795.55 0.024482
4798.22 0.019749
4800.89 0.004849
4803.56 -0.033512
4806.23 -0.024373
4808.90 -0.021753
4811.57 -0.007935
4814.24 -0.005502
4816.91 -0.011205
4819.58 0.003623
4822.25 -0.009610
4824.92 -0.001464
4827.59 -0.047876
4830.26 -0.036714
4832.93 -0.023295
4835.60 -0.053209
4838.27 -0.031636
4840.94 -0.059429
4843.61 -0.033437
4846.28 -0.011832
4848.95 -0.014588
4851.62 0.007241
4854.29 0.057838
4856.96 0.037639
4859.63 0.011794
4862.30 0.029385
4864.97 -0.028793
4867.64 -0.037845
4870.31 -0.022273
4872.98 -0.000731
4875.65 0.011937
4878.32 0.042255
4880.99 0.036199
4883.66 0.033801
4886.33 0.024205
4889.00 -0.000233
4891.67 0.000508
4894.34 0.015222
4897.01 0.002699
4899.68 -0.035416
4902.35 -0.010404
4905.02 -0.004582
4907.69 -0.024990
4910.36 -0.038057
4913.03 -0.035692
4915.70 -0.007118
4918.37 -0.027548
4921.04 0.001713
4923.71 -0.017239
4926.38 0.002686
4929.05 -0.015801
4931.72 -0.028952
4934.39 -0.018062
4937.06 0.022510
4939.73 0.010204
4942.40 0.009399
4945.07 -0.003730
4947.74 0.026717
4950.41 -0.005411
4953.08 -0.005077
4955.75 -0.027024
4958.42 -0.011566
4961.09 0.014554
4963.76 -0.029348
4966.43 0.006478
4969.10 0.027182
4971.77 0.013369
4974.44 0.000593
4977.11 0.009844
4979.78 -0.003874
4982.45 -0.018605
4985.12 -0.016520
4987.79 -0.019668
4990.46 -0.037892
4993.13 -0.024103
4995.80 -0.015204
4998.47 -0.016300
5001.14 -0.011250
5003.81 -0.026148
5006.48 -0.066264
5009.15 0.025281
5011.82 -0.032564
5014.49 0.003995
5017.16 0.062923
5019.83 0.080480
5022.50 0.054587
5025.17 0.045420
5027.84 -0.005088
5030.51 0.018163
5033.18 0.031584
5035.85 0.026845
5038.52 0.041200
5041.19 -0.018936
5043.86 0.014033
5046.53 0.036794
5049.20 0.037311
5051.87 0.017368
5054.54 0.001133
5057.21 -0.003785
5059.88 0.021461
5062.55 0.012324
5065.22 -0.008959
5067.89 0.012647
5070.56 -0.008296
5073.23 0.025496
5075.90 0.009027
5078.57 0.013796
5081.24 0.011824
5083.91 0.009325
5086.58 0.014780
5089.25 0.006245
5091.92 0.006055
5094.59 0.010712
5097.26 0.014896
5099.93 0.009445
5102.60 -0.018513
5105.27 0.012332
5107.94 -0.023130
5110.61 0.018629
5113.28 -0.024236
5115.95 -0.003990
5118.62 0.004282
5121.29 -0.018344
5123.96 -0.009516
5126.63 -0.006164
5129.30 0.009064
5131.97 0.000035
5134.64 -0.015460
5137.31 0.004112
5139.98 -0.029402
5142.65 0.019000
5145.32 -0.007851
5147.99 -0.030948
5150.66 0.043360
5153.33 0.013977
5156.00 0.031474
5158.67 -0.009602
5161.34 -0.017181
5164.01 0.017725
5166.68 -0.014592
5169.35 -0.009188
5172.02 -0.018926
5174.69 -0.020151
5177.36 -0.002762
5180.03 0.003333
5182.70 0.033004
5185.37 0.007960
5188.04 0.022254
5190.71 0.032185
5193.38 0.036693
5196.05 -0.014741
5198.72 -0.019929
5201.39 -0.001800
5204.06 -0.039198
5206.73 -0.003294
5209.40 0.015674
5212.07 0.010954
5214.74 0.005903
5217.41 -0.016470
5220.08 -0.010664
5222.75 0.022606
5225.42 -0.018282
5228.09 0.001254
5230.76 -0.008119
5233.43 0.009567
5236.10 -0.021830
5238.77 -0.014366
5241.44 0.013200
5244.11 -0.017485
5246.78 0.011397
5249.45 -0.019282
5252.12 0.008774
5254.79 -0.027658
5257.46 -0.046178
5260.13 -0.030988
5262.80 -0.005692
5265.47 -0.002765
5268.14 -0.024135
5270.81 -0.034110
5273.48 -0.013502
5276.15 -0.007532
5278.82 0.000320
5281.49 -0.009354
5284.16 -0.027778
5286.83 -0.000169
5289.50 -0.003333
5292.17 0.004270
5294.84 -0.015840
5297.51 -0.022619
5300.18 -0.012102
5302.85 -0.007921
5305.52 0.029772
5308.19 0.046906
5310.86 0.007719
5313.53 -0.022348
5316.20 -0.035656
5318.87 -0.036585
5321.54 -0.026796
5324.21 -0.039593
5326.88 -0.024140
5329.55 -0.003710
5332.22 0.005955
5334.89 -0.016317
5337.56 0.002934
5340.23 -0.027925
5342.90 -0.036458
5345.57 0.015030
5348.24 -0.013535
5350.91 -0.003091
5353.58 0.044314
5356.25 0.013671
5358.92 -0.033741
5361.59 -0.018727
5364.26 0.012673
5366.93 0.003386
5369.60 -0.007781
5372.27 -0.027605
5374.94 -0.001797
5377.61 -0.001006
5380.28 0.014960
5382.95 0.009970
5385.62 -0.006704
5388.29 -0.007660
5390.96 -0.019024
5393.63 -0.006434
5396.30 -0.006065
5398.97 -0.055463
5401.64 0.042943
5404.31 -0.006787
5406.98 -0.022996
5409.65 0.003515
5412.32 -0.014300
5414.99 -0.039404
5417.66 0.000819
5420.33 -0.027703
5423.00 -0.003527
5425.67 -0.025600
5428.34 -0.016514
5431.01 0.011903
5433.68 0.003452
5436.35 -0.007979
5439.02 -0.005498
5441.69 0.010082
5444.36 0.023283
5447.03 0.009884
5449.70 -0.011946
5452.37 0.004981
5455.04 0.013216
5457.71 0.012930
5460.38 0.030938
5463.05 -0.020681
5465.72 0.006956
5468.39 -0.020167
5471.06 0.034715
5473.73 0.024728
5476.40 0.025583
5479.07 0.026552
5481.74 0.027853
5484.41 -0.035611
5487.08 -0.025038
5489.75 0.025056
5492.42 -0.005142
5495.09 0.014492
5497.76 0.026378
5500.43 0.028952
5503.10 0.009898
5505.77 -0.000454
5508.44 -0.014595
5511.11 -0.036838
5513.78 -0.024311
5516.45 -0.013204
5519.12 -0.011562
5521.79 0.005288
5524.46 -0.012221
5527.13 -0.021396
5529.80 -0.006165
5532.47 -0.004530
5535.14 0.013181
5537.81 -0.011820
5540.48 0.007732
5543.15 -0.005931
5545.82 -0.001889
5548.49 -0.025094
5551.16 0.025224
5553.83 -0.000085
5556.50 0.024908
5559.17 0.004063
5561.84 0.030197
5564.51 0.004404
5567.18 -0.004505
5569.85 -0.010710
5572.52 -0.016962
5575.19 0.018549
5577.86 0.017419
5580.53 0.033581
5583.20 0.022387
5585.87 0.017984
5588.54 0.004240
5591.21 -0.001167
5593.88 0.014507
5596.55 0.009125
5599.22 0.001039
5601.89 -0.032070
5604.56 0.015298
5607.23 0.002177
5609.90 0.031662
5612.57 0.013144
5615.24 0.019339
5617.91 0.017995
5620.58 0.015621
5623.25 0.035964
5625.92 0.002852
5628.59 0.005282
5631.26 -0.001100
5633.93 -0.007435
5636.60 0.012171
5639.27 0.003039
5641.94 -0.011366
5644.61 -0.021319
5647.28 0.016541
5649.95 0.032497
5652.62 0.039000
5655.29 0.050623
5657.96 0.017541
5660.63 -0.005313
5663.30 0.008607
5665.97 0.036919
5668.64 0.025634
5671.31 0.013778
5673.98 0.015634
5676.65 0.003364
5679.32 0.025772
5681.99 0.028080
5684.66 0.026929
5687.33 0.018260
5690.00 0.043548
5692.67 0.011101
5695.34 0.009620
5698.01 0.003406
5700.68 0.008856
5703.35 -0.018673
5706.02 0.027585
5708.69 0.036649
5711.36 0.002320
5714.03 0.009773
5716.70 0.034197
5719.37 0.009530
5722.04 -0.024442
5724.71 0.003980
5727.38 -0.005640
5730.05 0.009147
5732.72 0.008550
5735.39 -0.024258
5738.06 0.013995
5740.73 -0.003172
5743.40 0.008413
5746.07 0.019562
5748.74 0.000445
5751.41 0.032493
5754.08 0.017819
5756.75 -0.005398
5759.42 0.009837
5762.09 -0.018175
5764.76 -0.003135
5767.43 -0.016597
5770.10 -0.001670
5772.77 0.014422
5775.44 -0.010244
5778.11 0.016020
5780.78 0.016952
5783.45 0.037340
5786.12 -0.005478
5788.79 0.016017
5791.46 0.003899
5794.13 0.007052
5796.80 -0.014191
5799.47 0.011105
5802.14 0.000169
5804.81 0.002831
5807.48 -0.016105
5810.15 0.034181
5812.82 0.007301
5815.49 -0.015061
5818.16 -0.008151
5820.83 0.005145
5823.50 -0.030985
5826.17 -0.000898
5828.84 0.010124
5831.51 -0.015077
5834.18 0.011499
5836.85 0.039598
5839.52 0.050832
5842.19 0.032114
5844.86 0.011190
5847.53 0.008090
5850.20 0.003639
5852.87 0.002836
5855.54 0.046321
5858.21 0.023749
5860.88 0.022932
5863.55 0.026800
5866.22 0.046439
5868.89 0.075380
5871.56 0.022806
5874.23 0.036403
5876.90 -0.023657
5879.57 0.014557
5882.24 -0.007562
5884.91 0.027126
5887.58 -0.065011
5890.25 -0.011151
5892.92 0.006045
5895.59 -0.017915
5898.26 -0.050118
5900.93 0.066803
5903.60 0.011129
5906.27 -0.019514
5908.94 0.005835
5911.61 -0.016015
5914.28 -0.001859
5916.95 -0.053048
5919.62 -0.017011
5922.29 -0.030880
5924.96 -0.017396
5927.63 -0.012860
5930.30 -0.017160
5932.97 -0.035921
5935.64 -0.015918
5938.31 0.016428
5940.98 0.055196
5943.65 -0.021316
5946.32 -0.027652
5948.99 -0.018847
5951.66 -0.010578
5954.33 0.007033
5957.00 0.006966
5959.67 -0.009470
5962.34 -0.012230
5965.01 -0.013475
5967.68 -0.064045
5970.35 0.011975
5973.02 -0.031375
5975.69 0.011025
5978.36 0.007573
5981.03 -0.024274
5983.70 -0.036880
5986.37 0.009659
5989.04 -0.012066
5991.71 -0.005990
5994.38 -0.021836
5997.05 -0.038170
5999.72 -0.016676
6002.39 0.010298
6005.06 -0.023292
6007.73 -0.022942
6010.40 0.010379
6013.07 0.023826
6015.74 0.046131
6018.41 -0.004704
6021.08 -0.067008
6023.75 0.029137
6026.42 0.006098
6029.09 -0.031625
6031.76 0.006528
6034.43 -0.015300
6037.10 0.057887
6039.77 -0.009344
6042.44 -0.015273
6045.11 -0.009791
6047.78 0.019325
6050.45 -0.029558
6053.12 -0.025072
6055.79 -0.001005
6058.46 0.014677
6061.13 0.025950
6063.80 0.041090
6066.47 0.013621
6069.14 0.012219
6071.81 -0.026507
6074.48 0.040879
6077.15 0.005215
6079.82 -0.037603
6082.49 -0.001520
6085.16 -0.018008
6087.83 -0.017288
6090.50 -0.022697
6093.17 0.033299
6095.84 0.039804
6098.51 0.033999
6101.18 -0.000157
6103.85 0.019505
6106.52 0.008258
6109.19 -0.013733
6111.86 0.023955
6114.53 0.004944
6117.20 0.041685
6119.87 0.015272
6122.54 0.034889
6125.21 0.027188
6127.88 -0.014862
6130.55 0.034421
6133.22 -0.002989
6135.89 0.044033
6138.56 0.014905
6141.23 0.019035
6143.90 -0.011564
6146.57 0.032857
6149.24 0.022855
6151.91 -0.007370
6154.58 -0.005228
6157.25 -0.066712
6159.92 0.001813
6162.59 0.025952
6165.26 -0.043314
6167.93 0.009151
6170.60 0.013098
6173.27 0.020915
6175.94 -0.003594
6178.61 -0.018462
6181.28 -0.009778
6183.95 0.019873
6186.62 0.061977
6189.29 -0.014611
6191.96 0.031198
6194.63 0.014562
6197.30 0.018570
6199.97 0.012775
6202.64 -0.034335
6205.31 0.008775
6207.98 0.007543
6210.65 0.009775
6213.32 0.004403
6215.99 -0.044876
6218.66 0.006426
6221.33 0.013432
6224.00 0.004853
6226.67 -0.004173
6229.34 0.026800
6232.01 0.012446
6234.68 0.042830
6237.35 0.027807
6240.02 0.011401
6242.69 0.016559
6245.36 0.008269
6248.03 0.007620
6250.70 0.049878
6253.37 -0.027114
6256.04 0.007148
6258.71 0.007759
6261.38 -0.022932
6264.05 0.005760
6266.72 -0.011667
6269.39 0.006678
6272.06 0.052392
6274.73 0.048491
6277.40 -0.010226
6280.07 0.003728
6282.74 -0.026814
6285.41 -0.014518
6288.08 -0.039697
6290.75 -0.031193
6293.42 -0.009914
6296.09 -0.008501
6298.76 0.012046
6301.43 0.024609
6304.10 0.006370
6306.77 0.008480
6309.44 0.001468
6312.11 0.010681
6314.78 -0.000068
6317.45 0.018512
6320.12 0.001005
6322.79 -0.009564
6325.46 -0.023993
6328.13 -0.004642
6330.80 0.017221
6333.47 0.007101
6336.14 0.002814
6338.81 -0.004478
6341.48 -0.011209
6344.15 -0.000643
6346.82 -0.010361
6349.49 -0.006173
6352.16 -0.034890
6354.83 0.003980
6357.50 -0.011305
6360.17 -0.029854
6362.84 -0.003056
6365.51 -0.008525
6368.18 -0.038121
6370.85 -0.026697
6373.52 -0.046199
6376.19 -0.028897
6378.86 -0.000733
6381.53 -0.035470
6384.20 -0.050530
6386.87 -0.028198
6389.54 0.013433
6392.21 -0.019876
6394.88 -0.011258
6397.55 -0.007149
6400.22 -0.004475
6402.89 -0.025829
6405.56 -0.035581
6408.23 -0.012606
6410.90 0.034661
6413.57 0.017865
6416.24 0.016116
6418.91 0.009438
6421.58 0.016320
6424.25 0.004452
6426.92 -0.006132
6429.59 -0.008227
6432.26 -0.011014
6434.93 -0.039852
6437.60 0.003796
6440.27 -0.020924
6442.94 -0.021079
6445.61 0.031226
6448.28 -0.009745
6450.95 -0.007947
6453.62 -0.025443
6456.29 0.045233
6458.96 -0.003977
6461.63 -0.034368
6464.30 -0.016407
6466.97 -0.032250
6469.64 0.029769
6472.31 0.025133
6474.98 -0.037401
6477.65 -0.012998
6480.32 -0.010009
6482.99 -0.001199
6485.66 -0.007890
6488.33 -0.054468
6491.00 -0.007170
6493.67 0.022646
6496.34 0.008637
6499.01 -0.035354
6501.68 -0.041647
6504.35 -0.016963
6507.02 -0.000207
6509.69 -0.009707
6512.36 -0.016405
6515.03 -0.056542
6517.70 -0.023890
6520.37 -0.004686
6523.04 -0.010753
6525.71 0.046071
6528.38 -0.003214
6531.05 0.037286
6533.72 0.099045
6536.39 0.059774
6539.06 0.057595
6541.73 0.037501
6544.40 0.056488
6547.07 0.054584
6549.74 0.029808
6552.41 0.012074
6555.08 0.009147
6557.75 0.015464
6560.42 -0.003881
6563.09 0.001322
6565.76 0.014029
6568.43 0.016841
6571.10 0.014713
6573.77 0.012421
6576.44 0.014505
6579.11 0.006813
6581.78 0.005219
6584.45 -0.003074
6587.12 -0.007471
6589.79 -0.009609
6592.46 -0.006562
6595.13 -0.004855
6597.80 -0.009515
6600.47 -0.010603
6603.14 -0.005757
6605.81 -0.011409
6608.48 -0.004949
6611.15 -0.010115
6613.82 -0.006142
6616.49 -0.003826
6619.16 -0.014075
6621.83 -0.009044
6624.50 -0.011434
6627.17 -0.009915
6629.84 -0.014859
6632.51 -0.014920
6635.18 -0.012374
6637.85 -0.012068
6640.52 -0.013140
6643.19 -0.012967
6645.86 -0.018086
6648.53 -0.012412
6651.20 -0.011644
6653.87 -0.013831
6656.54 -0.009849
6659.21 -0.004044
6661.88 -0.006088
6664.55 -0.005471
6667.22 -0.008433
6669.89 -0.007746
6672.56 -0.003954
6675.23 -0.002055
6677.90 -0.000176
6680.57 -0.005468
6683.24 -0.004397
6685.91 -0.004004
6688.58 -0.001996
6691.25 0.001901
6693.92 -0.003316
6696.59 -0.002348
6699.26 -0.000769
6701.93 -0.002917
6704.60 -0.000714
6707.27 -0.000082
6709.94 -0.004035
6712.61 -0.003980
6715.28 -0.004078
6717.95 -0.004179
6720.62 -0.004027
6723.29 -0.004001
6725.96 -0.003977
6728.63 -0.003904
6731.30 -0.003903
6733.97 -0.003866
6736.64 -0.003751
6739.31 -0.003635
6741.98 -0.003598
6744.65 -0.003581
6747.32 -0.003479
6749.99 -0.003431
6752.66 -0.003420
6755.33 -0.003384
6758.00 -0.003415
6760.67 -0.003351
6763.34 -0.003362
6766.01 -0.003313
6768.68 -0.003298
6771.35 -0.003301
6774.02 -0.003345
6776.69 -0.003284
6779.36 -0.003269
6782.03 -0.003272
6784.70 -0.003339
6787.37 -0.003378
6790.04 -0.003323
6792.71 -0.003305
6795.38 -0.003299
6798.05 -0.003230
6800.72 -0.003235
6803.39 -0.003267
6806.06 -0.003285
6808.73 -0.003226
6811.40 -0.003244
6814.07 -0.003249
6816.74 -0.003276
6819.41 -0.003341
6822.08 -0.003234
6824.75 -0.003264
6827.42 -0.003244
6830.09 -0.003292
6832.76 -0.003239
6835.43 -0.003233
6838.10 -0.003240
6840.77 -0.003253
6843.44 -0.003184
6846.11 -0.003171
6848.78 -0.003193
6851.45 -0.003158
6854.12 -0.003178
6856.79 -0.003202
6859.46 -0.003194
6862.13 -0.003124
6864.80 -0.003182
6867.47 -0.003271
6870.14 -0.003195
6872.81 -0.003254
6875.48 -0.003202
6878.15 -0.003215
6880.82 -0.003197
6883.49 -0.003195
6886.16 -0.003229
6888.83 -0.003049
6891.50 -0.003217
6894.17 -0.003203
6896.84 -0.003171
6899.51 -0.003188
6902.18 -0.003186
6904.85 -0.003119
6907.52 -0.003068
6910.19 -0.003257
6912.86 -0.003336
6915.53 -0.003357
6918.20 -0.003341
6920.87 -0.003199
6923.54 -0.003234
6926.21 -0.003179
6928.88 -0.003216
6931.55 -0.003233
6934.22 -0.003223
6936.89 -0.003246
6939.56 -0.003278
6942.23 -0.003147
6944.90 -0.003082
6947.57 -0.003085
6950.24 -0.003262
6952.91 -0.003331
6955.58 -0.003379
6958.25 -0.003319
6960.92 -0.003370
6963.59 -0.003377
6966.26 -0.003353
6968.93 -0.003421
6971.60 -0.003302
6974.27 -0.003410
6976.94 -0.003474
6979.61 -0.003529
6982.28 -0.003661
6984.95 -0.003594
6987.62 -0.003626
6990.29 -0.003533
6992.96 -0.003547
6995.63 -0.003606
6998.30 -0.003598
7000.97 -0.003550
7003.64 -0.003555
7006.31 -0.003565
7008.98 -0.003411
7011.65 -0.003546
7014.32 -0.003531
7016.99 -0.003450
7019.66 -0.003589
7022.33 -0.003512
7025.00 -0.003603
7027.67 -0.003665
7030.34 -0.003603
7033.01 -0.003616
7035.68 -0.003628
7038.35 -0.003697
7041.02 -0.003828
7043.69 -0.003707
7046.36 -0.003636
7049.03 -0.003769
7051.70 -0.003676
7054.37 -0.003553
7057.04 -0.003446
7059.71 -0.003446
7062.38 -0.003624
7065.05 -0.003778
7067.72 -0.003658
7070.39 -0.003577
7073.06 -0.003390
7075.73 -0.003544
7078.40 -0.003617
7081.07 -0.003663
7083.74 -0.003580
7086.41 -0.003398
7089.08 -0.003360
7091.75 -0.003563
7094.42 -0.003541
7097.09 -0.003485
7099.76 -0.003433
7102.43 -0.003465
7105.10 -0.003503
7107.77 -0.003650
7110.44 -0.003623
7113.11 -0.003653
7115.78 -0.003615
7118.45 -0.003718
7121.12 -0.003601
7123.79 -0.003638
7126.46 -0.003650
7129.13 -0.003672
7131.80 -0.003714
7134.47 -0.003648
7137.14 -0.003732
7139.81 -0.003655
7142.48 -0.003606
7145.15 -0.003596
7147.82 -0.003589
7150.49 -0.003595
7153.16 -0.003542
7155.83 -0.003519
7158.50 -0.003623
7161.17 -0.003541
7163.84 -0.003578
7166.51 -0.003469
7169.18 -0.003577
7171.85 -0.003575
7174.52 -0.003638
7177.19 -0.003609
7179.86 -0.003621
7182.53 -0.003671
7185.20 -0.003809
7187.87 -0.003694
7190.54 -0.003619
7193.21 -0.003505
7195.88 -0.003475
7198.55 -0.003686
7201.22 -0.003453
7203.89 -0.003483
7206.56 -0.003457
7209.23 -0.003453
7211.90 -0.003564
7214.57 -0.003571
7217.24 -0.003483
7219.91 -0.003531
7222.58 -0.003504
7225.25 -0.003596
7227.92 -0.003660
7230.59 -0.003530
7233.26 -0.003481
7235.93 -0.003563
7238.60 -0.003609
7241.27 -0.003564
7243.94 -0.003581
7246.61 -0.003498
7249.28 -0.003512
7251.95 -0.003549
7254.62 -0.003524
7257.29 -0.003538
7259.96 -0.003475
7262.63 -0.003433
7265.30 -0.003496
7267.97 -0.003472
7270.64 -0.003501
7273.31 -0.003583
7275.98 -0.003526
7278.65 -0.003445
7281.32 -0.003331
7283.99 -0.003399
7286.66 -0.003572
7289.33 -0.003594
7292.00 -0.003451
7294.67 -0.003479
7297.34 -0.003550
7300.01 -0.003502
7302.68 -0.003498
7305.35 -0.003459
7308.02 -0.003662
7310.69 -0.003506
7313.36 -0.003571
7316.03 -0.003561
7318.70 -0.003695
7321.37 -0.003724
7324.04 -0.003648
7326.71 -0.003663
7329.38 -0.003670
7332.05 -0.003594
7334.72 -0.003635
7337.39 -0.003622
7340.06 -0.003522
7342.73 -0.003565
7345.40 -0.003513
7348.07 -0.003520
7350.74 -0.003504
7353.41 -0.003473
7356.08 -0.003442
7358.75 -0.003621
7361.42 -0.003519
7364.09 -0.003549
7366.76 -0.003581
7369.43 -0.003571
7372.10 -0.003513
7374.77 -0.003578
7377.44 -0.003403
7380.11 -0.003602
7382.78 -0.003629
7385.45 -0.003436
7388.12 -0.003478
7390.79 -0.003475
7393.46 -0.003480
7396.13 -0.003429
7398.80 -0.003444
7401.47 -0.003333
7404.14 -0.003509
7406.81 -0.003473
7409.48 -0.003451
7412.15 -0.003537
7414.82 -0.003252
7417.49 -0.003379
7420.16 -0.003465
7422.83 -0.003583
7425.50 -0.003477
7428.17 -0.003491
7430.84 -0.003292
7433.51 -0.003330
7436.18 -0.003436
7438.85 -0.003350
7441.52 -0.003432
7444.19 -0.003504
7446.86 -0.003430
7449.53 -0.003330
7452.20 -0.003450
7454.87 -0.003468
7457.54 -0.003582
7460.21 -0.003617
7462.88 -0.003538
7465.55 -0.003622
7468.22 -0.003597
7470.89 -0.003587
7473.56 -0.003624
7476.23 -0.003643
7478.90 -0.003584
7481.57 -0.003617
7484.24 -0.003581
7486.91 -0.003575
7489.58 -0.003665
7492.25 -0.003597
7494.92 -0.003573
7497.59 -0.003553
