2486.00 -0.001374
2488.67 0.009011
2491.34 -0.005830
2494.01 0.013591
2496.68 -0.017232
2499.35 0.033549
2502.02 -0.016342
2504.69 -0.022004
2507.36 0.036229
2510.03 -0.019623
2512.70 0.017619
2515.37 -0.035069
2518.04 -0.059787
2520.71 0.016977
2523.38 0.000981
2526.05 0.018301
2528.72 -0.021402
2531.39 -0.062633
2534.06 0.073537
2536.73 -0.103924
2539.40 0.057040
2542.07 0.014593
2544.74 -0.018666
2547.41 -0.043759
2550.08 0.001475
2552.75 0.017239
2555.42 -0.018424
2558.09 -0.011736
2560.76 0.008054
2563.43 0.056740
2566.10 0.025839
2568.77 -0.027977
2571.44 -0.019108
2574.11 0.067664
2576.78 -0.024150
2579.45 0.021020
2582.12 -0.013753
2584.79 -0.006548
2587.46 -0.054781
2590.13 -0.029848
2592.80 -0.014991
2595.47 -0.022714
2598.14 -0.059070
2600.81 0.016104
2603.48 -0.001532
2606.15 0.030742
2608.82 -0.011445
2611.49 0.085855
2614.16 -0.031124
2616.83 -0.059566
2619.50 0.018443
2622.17 -0.001891
2624.84 -0.076814
2627.51 0.029872
2630.18 -0.019126
2632.85 -0.092291
2635.52 0.010219
2638.19 0.045660
2640.86 0.055783
2643.53 -0.040631
2646.20 -0.022417
2648.87 -0.016687
2651.54 0.051737
2654.21 -0.047625
2656.88 0.052341
2659.55 0.021235
2662.22 0.034321
2664.89 -0.014676
2667.56 -0.054851
2670.23 -0.013326
2672.90 -0.085395
2675.57 0.007423
2678.24 0.086900
2680.91 -0.028671
2683.58 -0.018325
2686.25 -0.026060
2688.92 -0.006752
2691.59 0.064288
2694.26 0.062324
2696.93 -0.032578
2699.60 -0.005355
2702.27 0.049368
2704.94 -0.030878
2707.61 -0.014508
2710.28 0.026975
2712.95 0.000609
2715.62 -0.010256
2718.29 -0.018422
2720.96 0.020803
2723.63 -0.030812
2726.30 0.015419
2728.97 -0.087424
2731.64 0.017499
2734.31 0.193639
2736.98 -0.005702
2739.65 -0.024485
2742.32 0.074746
2744.99 0.001371
2747.66 0.030879
2750.33 -0.095126
2753.00 0.039936
2755.67 -0.043250
2758.34 -0.050007
2761.01 -0.020498
2763.68 -0.001089
2766.35 0.085233
2769.02 0.009185
2771.69 0.027218
2774.36 -0.047962
2777.03 -0.020680
2779.70 0.083315
2782.37 0.024006
2785.04 0.093351
2787.71 0.027025
2790.38 -0.058029
2793.05 -0.012765
2795.72 0.014528
2798.39 0.022781
2801.06 -0.091632
2803.73 0.048039
2806.40 0.019883
2809.07 0.051868
2811.74 0.005563
2814.41 -0.012797
2817.08 -0.029430
2819.75 0.004373
2822.42 -0.056463
2825.09 -0.052393
2827.76 -0.027185
2830.43 -0.045088
2833.10 0.060837
2835.77 -0.037968
2838.44 -0.007028
2841.11 -0.059045
2843.78 0.006391
2846.45 0.054562
2849.12 0.063530
2851.79 0.016436
2854.46 -0.038897
2857.13 -0.002041
2859.80 0.023229
2862.47 0.007562
2865.14 0.015669
2867.81 -0.011893
2870.48 0.051823
2873.15 0.039197
2875.82 0.042311
2878.49 0.015048
2881.16 -0.002062
2883.83 -0.000534
2886.50 -0.019312
2889.17 -0.025377
2891.84 -0.006365
2894.51 -0.002362
2897.18 -0.020225
2899.85 -0.019672
2902.52 -0.019476
2905.19 -0.006141
2907.86 -0.038994
2910.53 0.002115
2913.20 0.013193
2915.87 0.054140
2918.54 -0.028017
2921.21 0.003834
2923.88 -0.024730
2926.55 0.053514
2929.22 -0.016214
2931.89 0.020554
2934.56 -0.026157
2937.23 0.029593
2939.90 -0.029085
2942.57 -0.007445
2945.24 -0.044172
2947.91 0.032704
2950.58 0.006295
2953.25 -0.011882
2955.92 0.024588
2958.59 -0.004946
2961.26 0.004497
2963.93 -0.024545
2966.60 -0.003448
2969.27 0.003355
2971.94 0.049471
2974.61 0.016524
2977.28 -0.012704
2979.95 0.029528
2982.62 -0.010918
2985.29 -0.023085
2987.96 0.043497
2990.63 0.021379
2993.30 0.038579
2995.97 0.040983
2998.64 0.013727
3001.31 0.000184
3003.98 0.007026
3006.65 0.007225
3009.32 -0.006403
3011.99 0.021538
3014.66 -0.021381
3017.33 0.011007
3020.00 0.009935
3022.67 0.002430
3025.34 0.038996
3028.01 0.035723
3030.68 0.005315
3033.35 -0.016881
3036.02 -0.000635
3038.69 0.000509
3041.36 0.019317
3044.03 0.019047
3046.70 -0.012641
3049.37 0.045717
3052.04 -0.023768
3054.71 -0.013691
3057.38 0.029750
3060.05 0.049991
3062.72 -0.044614
3065.39 -0.027642
3068.06 -0.031843
3070.73 -0.017456
3073.40 0.015001
3076.07 0.010144
3078.74 0.003356
3081.41 -0.008707
3084.08 0.047303
3086.75 -0.007458
3089.42 0.008934
3092.09 0.030880
3094.76 0.025332
3097.43 -0.025866
3100.10 0.025619
3102.77 -0.017670
3105.44 0.002485
3108.11 0.004158
3110.78 0.022126
3113.45 0.023736
3116.12 -0.035991
3118.79 0.013374
3121.46 0.027135
3124.13 0.013350
3126.80 0.007724
3129.47 -0.067220
3132.14 -0.042343
3134.81 -0.046959
3137.48 -0.020920
3140.15 -0.005933
3142.82 -0.010884
3145.49 0.037585
3148.16 -0.008157
3150.83 0.006047
3153.50 -0.089381
3156.17 -0.009764
3158.84 0.018360
3161.51 0.046498
3164.18 -0.022440
3166.85 -0.052099
3169.52 -0.001419
3172.19 0.010331
3174.86 -0.025506
3177.53 0.017676
3180.20 0.061390
3182.87 -0.053567
3185.54 0.013758
3188.21 0.032477
3190.88 -0.032544
3193.55 0.009120
3196.22 -0.001867
3198.89 0.028693
3201.56 0.005950
3204.23 0.047692
3206.90 -0.012895
3209.57 -0.017520
3212.24 -0.024818
3214.91 -0.005797
3217.58 0.009742
3220.25 -0.012597
3222.92 -0.011887
3225.59 0.048996
3228.26 0.010569
3230.93 -0.028297
3233.60 -0.019134
3236.27 0.025160
3238.94 0.001430
3241.61 -0.003774
3244.28 -0.017305
3246.95 -0.006764
3249.62 0.008035
3252.29 0.034180
3254.96 -0.021607
3257.63 -0.032683
3260.30 -0.040288
3262.97 -0.018643
3265.64 -0.010292
3268.31 -0.006705
3270.98 -0.038229
3273.65 -0.033301
3276.32 -0.021640
3278.99 0.007703
3281.66 -0.016610
3284.33 -0.007133
3287.00 -0.021098
3289.67 -0.007240
3292.34 -0.021052
3295.01 0.026600
3297.68 -0.031325
3300.35 -0.021168
3303.02 0.002754
3305.69 -0.051989
3308.36 -0.030448
3311.03 -0.017055
3313.70 0.009913
3316.37 -0.008344
3319.04 -0.006211
3321.71 -0.012690
3324.38 -0.047799
3327.05 0.000582
3329.72 0.028332
3332.39 -0.015902
3335.06 0.015367
3337.73 0.005438
3340.40 -0.002687
3343.07 -0.029080
3345.74 -0.015449
3348.41 -0.019897
3351.08 -0.006024
3353.75 0.012061
3356.42 0.030266
3359.09 0.003419
3361.76 -0.022092
3364.43 0.023566
3367.10 0.019778
3369.77 0.017735
3372.44 0.014904
3375.11 0.000164
3377.78 -0.008154
3380.45 0.009565
3383.12 -0.010783
3385.79 0.008213
3388.46 0.007602
3391.13 0.002890
3393.80 0.013075
3396.47 -0.018754
3399.14 0.028390
3401.81 0.005377
3404.48 0.022382
3407.15 0.028343
3409.82 0.028965
3412.49 -0.016386
3415.16 -0.057536
3417.83 -0.027875
3420.50 -0.039654
3423.17 -0.061300
3425.84 -0.034587
3428.51 -0.020833
3431.18 -0.025097
3433.85 -0.015114
3436.52 -0.015526
3439.19 -0.043495
3441.86 0.012289
3444.53 -0.017002
3447.20 -0.022818
3449.87 0.030589
3452.54 0.038659
3455.21 -0.001134
3457.88 -0.046959
3460.55 0.004857
3463.22 -0.017299
3465.89 0.007012
3468.56 -0.020423
3471.23 -0.017986
3473.90 -0.001097
3476.57 -0.058466
3479.24 -0.031561
3481.91 -0.012888
3484.58 -0.011729
3487.25 -0.047446
3489.92 0.028063
3492.59 -0.017479
3495.26 0.016448
3497.93 0.024500
3500.60 0.004395
3503.27 -0.002411
3505.94 -0.027067
3508.61 -0.000014
3511.28 0.015920
3513.95 -0.001250
3516.62 -0.012809
3519.29 -0.022910
3521.96 0.020262
3524.63 0.007962
3527.30 -0.028103
3529.97 -0.007178
3532.64 0.003065
3535.31 0.010355
3537.98 -0.004763
3540.65 0.017769
3543.32 -0.017144
3545.99 0.000127
3548.66 0.013947
3551.33 0.012459
3554.00 0.041553
3556.67 0.017566
3559.34 -0.006245
3562.01 0.003913
3564.68 0.050605
3567.35 0.044587
3570.02 0.013325
3572.69 0.040736
3575.36 0.010772
3578.03 0.046405
3580.70 0.014971
3583.37 0.005673
3586.04 -0.005792
3588.71 0.019415
3591.38 0.051399
3594.05 0.012376
3596.72 0.007911
3599.39 0.013540
3602.06 0.004531
3604.73 0.069399
3607.40 0.003335
3610.07 -0.017429
3612.74 -0.001246
3615.41 0.022272
3618.08 0.001752
3620.75 0.026394
3623.42 0.010424
3626.09 -0.006753
3628.76 0.006770
3631.43 -0.005002
3634.10 0.022712
3636.77 0.040999
3639.44 0.039302
3642.11 -0.000386
3644.78 0.018428
3647.45 0.028574
3650.12 -0.024979
3652.79 0.025897
3655.46 0.043837
3658.13 0.001653
3660.80 0.021386
3663.47 0.000904
3666.14 0.026255
3668.81 0.018328
3671.48 0.034034
3674.15 0.001915
3676.82 0.043498
3679.49 -0.009796
3682.16 -0.005206
3684.83 -0.004249
3687.50 0.002462
3690.17 0.026603
3692.84 -0.017607
3695.51 0.014337
3698.18 0.011787
3700.85 -0.005809
3703.52 0.000734
3706.19 -0.028702
3708.86 0.006921
3711.53 0.006339
3714.20 -0.004532
3716.87 -0.008582
3719.54 -0.005322
3722.21 -0.033351
3724.88 -0.066905
3727.55 -0.120821
3730.22 -0.075463
3732.89 -0.005772
3735.56 0.027746
3738.23 0.013370
3740.90 0.016377
3743.57 -0.014478
3746.24 -0.009936
3748.91 -0.047409
3751.58 -0.011166
3754.25 -0.009207
3756.92 -0.010195
3759.59 0.003080
3762.26 0.016074
3764.93 -0.023733
3767.60 -0.002310
3770.27 -0.023440
3772.94 -0.016491
3775.61 -0.022589
3778.28 0.002774
3780.95 -0.015402
3783.62 0.000298
3786.29 0.020951
3788.96 -0.026372
3791.63 -0.020245
3794.30 -0.016924
3796.97 -0.033701
3799.64 -0.014086
3802.31 0.008830
3804.98 -0.002439
3807.65 -0.011324
3810.32 0.007761
3812.99 -0.022279
3815.66 -0.023202
3818.33 -0.017676
3821.00 -0.025175
3823.67 -0.009994
3826.34 -0.032072
3829.01 -0.026538
3831.68 0.016675
3834.35 -0.009168
3837.02 -0.035975
3839.69 0.036351
3842.36 0.014478
3845.03 0.028010
3847.70 0.013192
3850.37 0.026107
3853.04 -0.026378
3855.71 -0.011294
3858.38 0.011854
3861.05 0.011806
3863.72 -0.018843
3866.39 -0.028228
3869.06 -0.023631
3871.73 0.010474
3874.40 -0.019341
3877.07 0.056183
3879.74 0.011421
3882.41 0.031116
3885.08 0.010653
3887.75 0.009608
3890.42 0.019339
3893.09 -0.013049
3895.76 0.047287
3898.43 0.020075
3901.10 -0.004277
3903.77 0.007311
3906.44 -0.011730
3909.11 -0.001320
3911.78 0.015633
3914.45 0.005678
3917.12 -0.018764
3919.79 -0.011971
3922.46 -0.000992
3925.13 -0.000603
3927.80 0.020080
3930.47 0.015359
3933.14 -0.028322
3935.81 0.019279
3938.48 -0.019061
3941.15 -0.020465
3943.82 -0.002257
3946.49 -0.009635
3949.16 0.019464
3951.83 -0.002420
3954.50 -0.020756
3957.17 -0.005786
3959.84 -0.012627
3962.51 -0.025803
3965.18 -0.033715
3967.85 -0.021143
3970.52 -0.006850
3973.19 0.017002
3975.86 -0.021686
3978.53 0.022832
3981.20 0.001008
3983.87 0.038629
3986.54 0.010929
3989.21 0.018804
3991.88 0.042756
3994.55 0.037290
3997.22 0.031609
3999.89 0.035743
4002.56 0.011260
4005.23 -0.005293
4007.90 0.026387
4010.57 0.017531
4013.24 0.010586
4015.91 0.022314
4018.58 0.028121
4021.25 -0.045963
4023.92 -0.004754
4026.59 0.028816
4029.26 0.011135
4031.93 -0.000199
4034.60 0.001060
4037.27 -0.001644
4039.94 0.010264
4042.61 -0.037254
4045.28 -0.022919
4047.95 0.009053
4050.62 0.006334
4053.29 -0.010649
4055.96 0.019523
4058.63 0.013778
4061.30 -0.003121
4063.97 -0.009742
4066.64 0.046207
4069.31 0.013555
4071.98 -0.001312
4074.65 -0.025230
4077.32 0.021226
4079.99 0.020868
4082.66 0.023319
4085.33 -0.007867
4088.00 0.007287
4090.67 -0.007465
4093.34 0.005656
4096.01 0.009533
4098.68 0.015429
4101.35 -0.003344
4104.02 0.005615
4106.69 0.000246
4109.36 0.004329
4112.03 -0.003311
4114.70 0.039648
4117.37 -0.006277
4120.04 0.040332
4122.71 0.010581
4125.38 -0.009541
4128.05 0.028778
4130.72 0.003687
4133.39 -0.006109
4136.06 -0.000468
4138.73 0.005295
4141.40 -0.012221
4144.07 -0.009277
4146.74 0.003562
4149.41 -0.023970
4152.08 0.015299
4154.75 0.012116
4157.42 0.015904
4160.09 0.011316
4162.76 0.004877
4165.43 0.038463
4168.10 -0.004844
4170.77 -0.003149
4173.44 -0.002360
4176.11 -0.017534
4178.78 0.011014
4181.45 -0.003651
4184.12 -0.007152
4186.79 0.023532
4189.46 0.012186
4192.13 0.014160
4194.80 -0.011868
4197.47 0.035324
4200.14 0.002866
4202.81 0.001881
4205.48 -0.006587
4208.15 0.033089
4210.82 0.017843
4213.49 0.026019
4216.16 0.039968
4218.83 -0.005263
4221.50 0.015641
4224.17 0.000833
4226.84 0.059587
4229.51 0.031642
4232.18 -0.002595
4234.85 0.019638
4237.52 0.018906
4240.19 0.037210
4242.86 0.027686
4245.53 0.035391
4248.20 0.013575
4250.87 0.009826
4253.54 0.039410
4256.21 -0.000694
4258.88 0.002206
4261.55 0.007996
4264.22 0.005955
4266.89 0.055329
4269.56 0.026607
4272.23 0.008440
4274.90 0.003689
4277.57 0.003751
4280.24 0.006856
4282.91 -0.024046
4285.58 0.001292
4288.25 0.009238
4290.92 0.004366
4293.59 0.002048
4296.26 0.014191
4298.93 -0.010636
4301.60 -0.019383
4304.27 0.018018
4306.94 -0.003245
4309.61 0.000841
4312.28 -0.008742
4314.95 -0.006808
4317.62 -0.017480
4320.29 -0.003139
4322.96 -0.013940
4325.63 -0.002347
4328.30 0.028165
4330.97 0.009190
4333.64 -0.029885
4336.31 0.011665
4338.98 -0.006150
4341.65 0.008848
4344.32 -0.009007
4346.99 0.011820
4349.66 0.000291
4352.33 0.001689
4355.00 0.009178
4357.67 -0.000509
4360.34 0.003666
4363.01 -0.020230
4365.68 0.009958
4368.35 -0.027120
4371.02 -0.019160
4373.69 0.004425
4376.36 0.002962
4379.03 -0.028786
4381.70 0.010282
4384.37 -0.020394
4387.04 -0.008313
4389.71 -0.024159
4392.38 0.006209
4395.05 0.005361
4397.72 0.011778
4400.39 0.005235
4403.06 -0.029355
4405.73 -0.007510
4408.40 -0.032820
4411.07 -0.013890
4413.74 -0.008338
4416.41 -0.018214
4419.08 -0.035056
4421.75 -0.027925
4424.42 0.002171
4427.09 0.008852
4429.76 -0.016279
4432.43 -0.012078
4435.10 0.006605
4437.77 0.002803
4440.44 -0.007253
4443.11 -0.002513
4445.78 0.007670
4448.45 0.007278
4451.12 -0.007871
4453.79 0.003093
4456.46 0.019839
4459.13 0.016062
4461.80 0.029046
4464.47 0.022533
4467.14 0.010400
4469.81 0.001660
4472.48 0.017949
4475.15 0.012814
4477.82 0.008886
4480.49 0.021742
4483.16 0.010466
4485.83 -0.012950
4488.50 0.003859
4491.17 0.024091
4493.84 0.032183
4496.51 -0.016758
4499.18 0.006343
4501.85 -0.003932
4504.52 0.004494
4507.19 0.014499
4509.86 0.003878
4512.53 0.015237
4515.20 -0.001893
4517.87 -0.012820
4520.54 -0.029327
4523.21 0.022723
4525.88 -0.004965
4528.55 -0.007449
4531.22 -0.001718
4533.89 0.014208
4536.56 -0.011267
4539.23 -0.012849
4541.90 0.002377
4544.57 -0.004860
4547.24 0.012687
4549.91 -0.022455
4552.58 -0.021848
4555.25 0.008834
4557.92 0.007654
4560.59 -0.024607
4563.26 -0.016841
4565.93 -0.012628
4568.60 0.009251
4571.27 0.000193
4573.94 0.015962
4576.61 -0.022529
4579.28 0.002031
4581.95 0.008314
4584.62 -0.024431
4587.29 -0.002112
4589.96 -0.006718
4592.63 -0.021287
4595.30 -0.017443
4597.97 -0.001203
4600.64 -0.046483
4603.31 -0.015464
4605.98 -0.006197
4608.65 -0.011039
4611.32 0.002928
4613.99 0.011166
4616.66 0.017105
4619.33 -0.000191
4622.00 0.008570
4624.67 -0.002089
4627.34 0.005394
4630.01 -0.018666
4632.68 -0.002710
4635.35 -0.022006
4638.02 0.022214
4640.69 0.013770
4643.36 0.016415
4646.03 0.022205
4648.70 0.006080
4651.37 0.002934
4654.04 0.019328
4656.71 0.001476
4659.38 0.011271
4662.05 -0.010327
4664.72 0.000921
4667.39 -0.007618
4670.06 0.009925
4672.73 -0.012225
4675.40 -0.004721
4678.07 -0.009366
4680.74 0.000250
4683.41 -0.002048
4686.08 0.005779
4688.75 0.014965
4691.42 -0.027598
4694.09 0.009165
4696.76 -0.005349
4699.43 -0.011376
4702.10 -0.004110
4704.77 -0.019832
4707.44 0.000511
4710.11 -0.001134
4712.78 -0.004014
4715.45 -0.015109
4718.12 -0.006883
4720.79 -0.009748
4723.46 -0.016553
4726.13 0.012055
4728.80 0.007773
4731.47 -0.006241
4734.14 -0.017819
4736.81 -0.007153
4739.48 -0.009106
4742.15 -0.007464
4744.82 0.010035
4747.49 -0.005035
4750.16 -0.003422
4752.83 -0.001196
4755.50 -0.008022
4758.17 -0.001174
4760.84 0.005509
4763.51 0.022779
4766.18 0.022756
4768.85 0.014967
4771.52 0.037221
4774.19 0.022981
4776.86 0.010424
4779.53 0.017022
4782.20 0.019817
4784.87 0.005859
4787.54 -0.023257
4790.21 0.000345
4792.88 -0.017039
4795.55 0.008011
4798.22 -0.010750
4800.89 0.024116
4803.56 0.014881
4806.23 -0.014146
4808.90 0.002587
4811.57 -0.005333
4814.24 0.003552
4816.91 0.024734
4819.58 0.025123
4822.25 0.024889
4824.92 -0.017183
4827.59 0.016491
4830.26 0.000004
4832.93 0.018392
4835.60 -0.005436
4838.27 -0.013597
4840.94 -0.004824
4843.61 0.016549
4846.28 0.009316
4848.95 -0.004486
4851.62 -0.021750
4854.29 -0.002282
4856.96 -0.024738
4859.63 0.009467
4862.30 0.000957
4864.97 -0.012434
4867.64 0.049544
4870.31 -0.001895
4872.98 0.017524
4875.65 0.008202
4878.32 0.024449
4880.99 0.053956
4883.66 0.024820
4886.33 -0.005699
4889.00 0.020687
4891.67 0.003283
4894.34 -0.001502
4897.01 -0.004173
4899.68 -0.006304
4902.35 -0.020872
4905.02 -0.018575
4907.69 0.006736
4910.36 0.015720
4913.03 0.001904
4915.70 0.011669
4918.37 -0.001195
4921.04 0.005734
4923.71 0.012174
4926.38 -0.007761
4929.05 0.001141
4931.72 -0.000606
4934.39 -0.023200
4937.06 -0.014354
4939.73 -0.006218
4942.40 -0.021429
4945.07 0.008094
4947.74 0.005518
4950.41 0.000382
4953.08 -0.028520
4955.75 -0.015999
4958.42 -0.001684
4961.09 -0.001731
4963.76 -0.043858
4966.43 -0.057428
4969.10 -0.012396
4971.77 -0.037967
4974.44 -0.010807
4977.11 0.003892
4979.78 0.024898
4982.45 0.012230
4985.12 0.005278
4987.79 0.031130
4990.46 0.038740
4993.13 0.005333
4995.80 0.013128
4998.47 0.004723
5001.14 0.033357
5003.81 -0.020952
5006.48 0.064972
5009.15 0.055047
5011.82 -0.079324
5014.49 0.000749
5017.16 0.048765
5019.83 -0.010335
5022.50 -0.038011
5025.17 -0.052742
5027.84 -0.021789
5030.51 -0.022510
5033.18 -0.024714
5035.85 0.003641
5038.52 -0.027275
5041.19 0.012417
5043.86 -0.026251
5046.53 -0.006208
5049.20 -0.018582
5051.87 -0.010473
5054.54 -0.005659
5057.21 0.009062
5059.88 -0.000722
5062.55 0.001678
5065.22 -0.004324
5067.89 0.000825
5070.56 0.007701
5073.23 -0.010560
5075.90 0.023138
5078.57 0.019179
5081.24 0.006790
5083.91 0.027433
5086.58 0.004290
5089.25 0.013951
5091.92 -0.010599
5094.59 -0.002440
5097.26 0.009409
5099.93 -0.006471
5102.60 0.010784
5105.27 -0.020353
5107.94 -0.030139
5110.61 -0.010713
5113.28 -0.017770
5115.95 -0.011172
5118.62 -0.018562
5121.29 0.000806
5123.96 0.020215
5126.63 -0.003038
5129.30 -0.003568
5131.97 -0.003022
5134.64 -0.019832
5137.31 0.009747
5139.98 0.018842
5142.65 0.003049
5145.32 0.012615
5147.99 0.018264
5150.66 -0.024565
5153.33 0.012606
5156.00 0.045909
5158.67 -0.024098
5161.34 -0.010019
5164.01 -0.026884
5166.68 0.017086
5169.35 -0.024701
5172.02 -0.023579
5174.69 -0.001131
5177.36 0.025246
5180.03 0.040215
5182.70 0.007044
5185.37 0.002398
5188.04 -0.011414
5190.71 -0.008917
5193.38 0.008217
5196.05 -0.024950
5198.72 -0.038638
5201.39 -0.008207
5204.06 0.001051
5206.73 0.019954
5209.40 0.013992
5212.07 -0.006446
5214.74 0.008928
5217.41 -0.011175
5220.08 -0.009929
5222.75 -0.046848
5225.42 -0.043546
5228.09 -0.005709
5230.76 0.015827
5233.43 -0.012027
5236.10 -0.007881
5238.77 0.019846
5241.44 -0.021499
5244.11 0.002323
5246.78 0.006138
5249.45 0.013603
5252.12 -0.022414
5254.79 -0.019469
5257.46 -0.051430
5260.13 -0.006603
5262.80 -0.021557
5265.47 -0.039376
5268.14 0.011368
5270.81 0.007411
5273.48 0.003816
5276.15 -0.012433
5278.82 -0.025419
5281.49 -0.030173
5284.16 -0.022326
5286.83 -0.025988
5289.50 0.011307
5292.17 0.012043
5294.84 -0.027429
5297.51 -0.036066
5300.18 -0.009143
5302.85 -0.011772
5305.52 -0.023064
5308.19 0.003683
5310.86 -0.012897
5313.53 -0.005683
5316.20 0.004153
5318.87 -0.006425
5321.54 -0.001903
5324.21 0.003564
5326.88 0.004183
5329.55 -0.015881
5332.22 -0.005635
5334.89 0.001744
5337.56 0.025376
5340.23 -0.011758
5342.90 -0.023931
5345.57 0.023219
5348.24 -0.010345
5350.91 -0.006518
5353.58 -0.027699
5356.25 -0.032093
5358.92 -0.032691
5361.59 0.000143
5364.26 0.008538
5366.93 0.035264
5369.60 -0.009620
5372.27 0.006401
5374.94 -0.029116
5377.61 -0.010310
5380.28 0.004303
5382.95 -0.024473
5385.62 0.008135
5388.29 0.014616
5390.96 -0.007656
5393.63 -0.046122
5396.30 0.005697
5398.97 -0.006136
5401.64 0.015653
5404.31 0.010879
5406.98 0.003744
5409.65 0.002294
5412.32 -0.037352
5414.99 0.007924
5417.66 -0.018135
5420.33 -0.025580
5423.00 0.013145
5425.67 0.023989
5428.34 0.015949
5431.01 0.011892
5433.68 0.032295
5436.35 0.016404
5439.02 -0.018042
5441.69 0.012327
5444.36 -0.016279
5447.03 -0.016306
5449.70 0.015787
5452.37 -0.024962
5455.04 -0.034290
5457.71 0.023632
5460.38 0.020653
5463.05 0.005949
5465.72 -0.022465
5468.39 -0.018171
5471.06 -0.002150
5473.73 -0.007645
5476.40 0.013496
5479.07 -0.011674
5481.74 -0.040301
5484.41 -0.025908
5487.08 -0.062716
5489.75 -0.034975
5492.42 -0.049127
5495.09 -0.016865
5497.76 0.009888
5500.43 0.065788
5503.10 0.025642
5505.77 0.005771
5508.44 -0.000061
5511.11 -0.031013
5513.78 -0.003721
5516.45 -0.029505
5519.12 -0.021617
5521.79 -0.008352
5524.46 0.028990
5527.13 -0.005113
5529.80 0.044393
5532.47 0.019684
5535.14 -0.020197
5537.81 -0.021732
5540.48 -0.027617
5543.15 -0.062526
5545.82 -0.027818
5548.49 0.008786
5551.16 0.012609
5553.83 -0.006719
5556.50 0.041392
5559.17 0.025547
5561.84 -0.005945
5564.51 -0.012139
5567.18 0.027780
5569.85 0.032775
5572.52 -0.021502
5575.19 0.024090
5577.86 0.038930
5580.53 0.017552
5583.20 0.039982
5585.87 0.050211
5588.54 0.021694
5591.21 0.024998
5593.88 0.009361
5596.55 0.009679
5599.22 0.004777
5601.89 0.002310
5604.56 -0.000944
5607.23 0.002495
5609.90 0.032835
5612.57 0.015466
5615.24 0.033620
5617.91 0.012066
5620.58 -0.001142
5623.25 0.005187
5625.92 0.014786
5628.59 0.046267
5631.26 0.003888
5633.93 0.003017
5636.60 -0.003033
5639.27 0.004698
5641.94 -0.025901
5644.61 -0.026674
5647.28 -0.006921
5649.95 0.014077
5652.62 0.016523
5655.29 0.005807
5657.96 -0.012792
5660.63 0.017490
5663.30 -0.006995
5665.97 0.006625
5668.64 -0.007145
5671.31 -0.010818
5673.98 0.007367
5676.65 -0.013015
5679.32 0.021254
5681.99 0.036989
5684.66 0.011411
5687.33 -0.003048
5690.00 0.016288
5692.67 0.037705
5695.34 -0.006318
5698.01 -0.008953
5700.68 0.020616
5703.35 -0.014205
5706.02 0.022439
5708.69 -0.012769
5711.36 -0.011264
5714.03 -0.007566
5716.70 -0.001534
5719.37 -0.012972
5722.04 -0.011188
5724.71 -0.021765
5727.38 0.011108
5730.05 -0.021006
5732.72 0.001035
5735.39 -0.013145
5738.06 0.008839
5740.73 -0.018979
5743.40 0.044777
5746.07 -0.003773
5748.74 0.011560
5751.41 0.026602
5754.08 0.016170
5756.75 0.010593
5759.42 -0.032043
5762.09 0.005416
5764.76 -0.003159
5767.43 0.028636
5770.10 -0.006918
5772.77 -0.014859
5775.44 0.016534
5778.11 0.026228
5780.78 0.035800
5783.45 0.027741
5786.12 -0.022013
5788.79 -0.007027
5791.46 0.019942
5794.13 -0.008716
5796.80 -0.021581
5799.47 -0.021298
5802.14 -0.005896
5804.81 -0.023665
5807.48 0.059204
5810.15 0.068115
5812.82 -0.008192
5815.49 0.004066
5818.16 0.020510
5820.83 0.016222
5823.50 -0.056782
5826.17 0.017648
5828.84 0.015649
5831.51 -0.010673
5834.18 0.000660
5836.85 0.002705
5839.52 0.048823
5842.19 0.039237
5844.86 -0.010683
5847.53 -0.035833
5850.20 0.001940
5852.87 0.021316
5855.54 0.022768
5858.21 -0.005134
5860.88 -0.011436
5863.55 0.022994
5866.22 0.024815
5868.89 0.015739
5871.56 0.003890
5874.23 0.059814
5876.90 -0.028601
5879.57 0.097794
5882.24 0.041481
5884.91 -0.042273
5887.58 -0.016652
5890.25 0.006786
5892.92 -0.002865
5895.59 0.028167
5898.26 0.012545
5900.93 -0.001792
5903.60 -0.030094
5906.27 -0.008219
5908.94 -0.070184
5911.61 -0.054665
5914.28 0.031297
5916.95 -0.035804
5919.62 -0.012716
5922.29 0.001308
5924.96 0.005714
5927.63 -0.079188
5930.30 -0.048626
5932.97 -0.004656
5935.64 0.007917
5938.31 -0.000543
5940.98 0.012739
5943.65 -0.005187
5946.32 -0.012778
5948.99 0.011249
5951.66 0.033084
5954.33 0.026285
5957.00 0.028871
5959.67 0.018011
5962.34 0.032260
5965.01 -0.017821
5967.68 -0.020188
5970.35 -0.003686
5973.02 0.027153
5975.69 0.076283
5978.36 0.048506
5981.03 0.000053
5983.70 0.011942
5986.37 0.024107
5989.04 0.010240
5991.71 0.077380
5994.38 -0.004010
5997.05 0.034285
5999.72 -0.017861
6002.39 0.031740
6005.06 0.045605
6007.73 0.015082
6010.40 -0.001857
6013.07 0.050233
6015.74 0.043833
6018.41 -0.036036
6021.08 0.026808
6023.75 0.032469
6026.42 -0.010036
6029.09 0.009807
6031.76 -0.026251
6034.43 -0.038102
6037.10 0.061135
6039.77 0.005825
6042.44 0.010355
6045.11 -0.047220
6047.78 -0.024348
6050.45 -0.024428
6053.12 0.066859
6055.79 -0.035056
6058.46 -0.008415
6061.13 0.023114
6063.80 -0.007112
6066.47 -0.000231
6069.14 -0.003387
6071.81 -0.009932
6074.48 -0.026574
6077.15 0.027838
6079.82 0.016149
6082.49 0.007957
6085.16 -0.003571
6087.83 -0.035218
6090.50 -0.034668
6093.17 -0.036779
6095.84 -0.027133
6098.51 -0.041539
6101.18 -0.038709
6103.85 -0.031362
6106.52 0.021047
6109.19 0.009661
6111.86 0.015061
6114.53 0.017934
6117.20 -0.008235
6119.87 0.019480
6122.54 0.000694
6125.21 -0.017104
6127.88 0.028207
6130.55 0.031971
6133.22 0.002052
6135.89 -0.058265
6138.56 0.001233
6141.23 0.026907
6143.90 0.022723
6146.57 -0.014376
6149.24 -0.026303
6151.91 -0.058678
6154.58 -0.009004
6157.25 0.012378
6159.92 0.022498
6162.59 0.028309
6165.26 -0.000739
6167.93 0.014140
6170.60 -0.038332
6173.27 -0.035980
6175.94 0.032565
6178.61 0.057043
6181.28 -0.013796
6183.95 -0.026105
6186.62 -0.014053
6189.29 -0.019654
6191.96 0.029496
6194.63 0.042202
6197.30 0.013698
6199.97 -0.024256
6202.64 0.004588
6205.31 0.003671
6207.98 -0.002838
6210.65 -0.013227
6213.32 0.015442
6215.99 -0.018422
6218.66 -0.000445
6221.33 0.002422
6224.00 -0.031939
6226.67 -0.000432
6229.34 0.059337
6232.01 0.051908
6234.68 -0.028758
6237.35 -0.035151
6240.02 -0.008446
6242.69 0.007136
6245.36 0.015162
6248.03 0.015227
6250.70 -0.010706
6253.37 0.007830
6256.04 0.008625
6258.71 0.035553
6261.38 -0.055455
6264.05 -0.000199
6266.72 0.005223
6269.39 -0.016778
6272.06 0.028685
6274.73 0.020938
6277.40 0.003167
6280.07 0.004677
6282.74 -0.021845
6285.41 0.002350
6288.08 0.050625
6290.75 -0.009604
6293.42 -0.023221
6296.09 -0.035907
6298.76 0.019147
6301.43 -0.025350
6304.10 -0.012856
6306.77 0.015475
6309.44 -0.007344
6312.11 0.010743
6314.78 -0.028305
6317.45 -0.021463
6320.12 -0.023193
6322.79 -0.030151
6325.46 -0.024969
6328.13 -0.016382
6330.80 -0.026405
6333.47 -0.017429
6336.14 -0.025982
6338.81 -0.024338
6341.48 -0.010659
6344.15 -0.003716
6346.82 -0.004021
6349.49 -0.009085
6352.16 -0.011325
6354.83 -0.025897
6357.50 -0.009025
6360.17 -0.029397
6362.84 -0.012769
6365.51 -0.014972
6368.18 -0.000988
6370.85 0.011823
6373.52 -0.009893
6376.19 -0.030682
6378.86 -0.007030
6381.53 -0.011752
6384.20 0.001353
6386.87 -0.004078
6389.54 -0.006363
6392.21 0.022629
6394.88 -0.012741
6397.55 -0.014274
6400.22 -0.015894
6402.89 0.004135
6405.56 -0.000286
6408.23 -0.017016
6410.90 -0.006308
6413.57 -0.030033
6416.24 0.004993
6418.91 0.008047
6421.58 -0.023386
6424.25 0.002710
6426.92 -0.000638
6429.59 -0.001206
6432.26 0.001908
6434.93 0.004564
6437.60 -0.005021
6440.27 -0.001887
6442.94 0.001222
6445.61 -0.015115
6448.28 -0.006908
6450.95 -0.000545
6453.62 -0.002653
6456.29 -0.014220
6458.96 -0.000747
6461.63 0.006493
6464.30 -0.000034
6466.97 0.000698
6469.64 -0.010135
6472.31 -0.010000
6474.98 0.008979
6477.65 0.004566
6480.32 0.000029
6482.99 -0.007961
6485.66 -0.004686
6488.33 0.010216
6491.00 0.010056
6493.67 -0.004415
6496.34 -0.002774
6499.01 0.000759
6501.68 0.000382
6504.35 0.000172
6507.02 0.000341
6509.69 0.000700
6512.36 0.001477
6515.03 0.007100
6517.70 0.000661
6520.37 -0.000778
6523.04 0.003223
6525.71 -0.005468
6528.38 0.001186
6531.05 -0.007384
6533.72 -0.015233
6536.39 -0.011148
6539.06 -0.010854
6541.73 -0.005736
6544.40 -0.011975
6547.07 -0.011411
6549.74 -0.006741
6552.41 -0.003092
6555.08 -0.010653
6557.75 -0.012885
6560.42 -0.002411
6563.09 -0.005495
6565.76 -0.012640
6568.43 -0.014087
6571.10 -0.012638
6573.77 -0.011181
6576.44 -0.012106
6579.11 -0.007656
6581.78 -0.006591
6584.45 -0.001835
6587.12 0.000711
6589.79 0.002078
6592.46 0.000577
6595.13 -0.000214
6597.80 0.002531
6600.47 0.003265
6603.14 0.000704
6605.81 0.004004
6608.48 0.000490
6611.15 0.003468
6613.82 0.001347
6616.49 0.000195
6619.16 0.005976
6621.83 0.003190
6624.50 0.004595
6627.17 0.003836
6629.84 0.006621
6632.51 0.006718
6635.18 0.005306
6637.85 0.005172
6640.52 0.005807
6643.19 0.005764
6645.86 0.008661
6648.53 0.005514
6651.20 0.005096
6653.87 0.006338
6656.54 0.004127
6659.21 0.000942
6661.88 0.002093
6664.55 0.001781
6667.22 0.003476
6669.89 0.003092
6672.56 0.001016
6675.23 -0.000007
6677.90 -0.001047
6680.57 0.001917
6683.24 0.001317
6685.91 0.001168
6688.58 0.000061
6691.25 -0.002088
6693.92 0.000826
6696.59 0.000287
6699.26 -0.000574
6701.93 0.000626
6704.60 -0.000585
6707.27 -0.000931
6709.94 0.001259
6712.61 0.001238
6715.28 0.001269
6717.95 0.001300
6720.62 0.001252
6723.29 0.001245
6725.96 0.001237
6728.63 0.001214
6731.30 0.001214
6733.97 0.001202
6736.64 0.001167
6739.31 0.001131
6741.98 0.001119
6744.65 0.001114
6747.32 0.001082
6749.99 0.001067
6752.66 0.001064
6755.33 0.001053
6758.00 0.001062
6760.67 0.001042
6763.34 0.001046
6766.01 0.001030
6768.68 0.001026
6771.35 0.001027
6774.02 0.001040
6776.69 0.001022
6779.36 0.001017
6782.03 0.001018
6784.70 0.001039
6787.37 0.001051
6790.04 0.001034
6792.71 0.001028
6795.38 0.001026
6798.05 0.001005
6800.72 0.001006
6803.39 0.001016
6806.06 0.001022
6808.73 0.001003
6811.40 0.001009
6814.07 0.001010
6816.74 0.001019
6819.41 0.001039
6822.08 0.001006
6824.75 0.001015
6827.42 0.001009
6830.09 0.001024
6832.76 0.001007
6835.43 0.001006
6838.10 0.001008
6840.77 0.001012
6843.44 0.000990
6846.11 0.000986
6848.78 0.000993
6851.45 0.000982
6854.12 0.000989
6856.79 0.000996
6859.46 0.000993
6862.13 0.000971
6864.80 0.000990
6867.47 0.001017
6870.14 0.000994
6872.81 0.001012
6875.48 0.000996
6878.15 0.001000
6880.82 0.000995
6883.49 0.000994
6886.16 0.001004
6888.83 0.000948
6891.50 0.001001
6894.17 0.000996
6896.84 0.000986
6899.51 0.000992
6902.18 0.000991
6904.85 0.000970
6907.52 0.000954
6910.19 0.001013
6912.86 0.001037
6915.53 0.001044
6918.20 0.001039
6920.87 0.000995
6923.54 0.001006
6926.21 0.000988
6928.88 0.001000
6931.55 0.001006
6934.22 0.001002
6936.89 0.001010
6939.56 0.001019
6942.23 0.000979
6944.90 0.000959
6947.57 0.000960
6950.24 0.001014
6952.91 0.001036
6955.58 0.001051
6958.25 0.001032
6960.92 0.001048
6963.59 0.001050
6966.26 0.001043
6968.93 0.001064
6971.60 0.001027
6974.27 0.001061
6976.94 0.001081
6979.61 0.001097
6982.28 0.001139
6984.95 0.001118
6987.62 0.001128
6990.29 0.001099
6992.96 0.001104
6995.63 0.001121
6998.30 0.001119
7000.97 0.001104
7003.64 0.001106
7006.31 0.001109
7008.98 0.001061
7011.65 0.001103
7014.32 0.001098
7016.99 0.001073
7019.66 0.001116
7022.33 0.001093
7025.00 0.001121
7027.67 0.001140
7030.34 0.001121
7033.01 0.001125
7035.68 0.001129
7038.35 0.001150
7041.02 0.001190
7043.69 0.001153
7046.36 0.001131
7049.03 0.001172
7051.70 0.001143
7054.37 0.001105
7057.04 0.001072
7059.71 0.001072
7062.38 0.001127
7065.05 0.001175
7067.72 0.001138
7070.39 0.001113
7073.06 0.001054
7075.73 0.001102
7078.40 0.001125
7081.07 0.001139
7083.74 0.001114
7086.41 0.001057
7089.08 0.001045
7091.75 0.001108
7094.42 0.001101
7097.09 0.001084
7099.76 0.001068
7102.43 0.001078
7105.10 0.001090
7107.77 0.001136
7110.44 0.001127
7113.11 0.001136
7115.78 0.001124
7118.45 0.001156
7121.12 0.001120
7123.79 0.001131
7126.46 0.001135
7129.13 0.001142
7131.80 0.001155
7134.47 0.001135
7137.14 0.001161
7139.81 0.001136
7142.48 0.001122
7145.15 0.001119
7147.82 0.001117
7150.49 0.001118
7153.16 0.001102
7155.83 0.001094
7158.50 0.001127
7161.17 0.001101
7163.84 0.001113
7166.51 0.001079
7169.18 0.001112
7171.85 0.001112
7174.52 0.001132
7177.19 0.001123
7179.86 0.001126
7182.53 0.001142
7185.20 0.001185
7187.87 0.001149
7190.54 0.001125
7193.21 0.001090
7195.88 0.001081
7198.55 0.001147
7201.22 0.001074
7203.89 0.001083
7206.56 0.001075
7209.23 0.001074
7211.90 0.001109
7214.57 0.001111
7217.24 0.001083
7219.91 0.001098
7222.58 0.001090
7225.25 0.001119
7227.92 0.001139
7230.59 0.001098
7233.26 0.001083
7235.93 0.001108
7238.60 0.001123
7241.27 0.001108
7243.94 0.001114
7246.61 0.001088
7249.28 0.001092
7251.95 0.001104
7254.62 0.001096
7257.29 0.001100
7259.96 0.001081
7262.63 0.001068
7265.30 0.001087
7267.97 0.001080
7270.64 0.001089
7273.31 0.001114
7275.98 0.001097
7278.65 0.001071
7281.32 0.001036
7283.99 0.001057
7286.66 0.001111
7289.33 0.001118
7292.00 0.001073
7294.67 0.001082
7297.34 0.001105
7300.01 0.001089
7302.68 0.001088
7305.35 0.001076
7308.02 0.001139
7310.69 0.001091
7313.36 0.001110
7316.03 0.001107
7318.70 0.001150
7321.37 0.001158
7324.04 0.001135
7326.71 0.001139
7329.38 0.001142
7332.05 0.001118
7334.72 0.001131
7337.39 0.001126
7340.06 0.001095
7342.73 0.001109
7345.40 0.001092
7348.07 0.001094
7350.74 0.001090
7353.41 0.001080
7356.08 0.001071
7358.75 0.001126
7361.42 0.001094
7364.09 0.001104
7366.76 0.001114
7369.43 0.001111
7372.10 0.001093
7374.77 0.001113
7377.44 0.001058
7380.11 0.001120
7382.78 0.001129
7385.45 0.001069
7388.12 0.001082
7390.79 0.001081
7393.46 0.001082
7396.13 0.001066
7398.80 0.001071
7401.47 0.001037
7404.14 0.001091
7406.81 0.001080
7409.48 0.001074
7412.15 0.001100
7414.82 0.001011
7417.49 0.001051
7420.16 0.001078
7422.83 0.001115
7425.50 0.001081
7428.17 0.001086
7430.84 0.001024
7433.51 0.001036
7436.18 0.001069
7438.85 0.001042
7441.52 0.001067
7444.19 0.001090
7446.86 0.001067
7449.53 0.001036
7452.20 0.001073
7454.87 0.001078
7457.54 0.001114
7460.21 0.001125
7462.88 0.001100
7465.55 0.001126
7468.22 0.001119
7470.89 0.001116
7473.56 0.001127
7476.23 0.001133
7478.90 0.001115
7481.57 0.001125
7484.24 0.001114
7486.91 0.001112
7489.58 0.001140
7492.25 0.001119
7494.92 0.001111
7497.59 0.001105
