2486.00 -0.012427
2488.67 -0.015752
2491.34 -0.009380
2494.01 -0.016027
2496.68 -0.014651
2499.35 -0.021958
2502.02 0.037431
2504.69 0.008346
2507.36 0.043724
2510.03 0.035910
2512.70 0.022599
2515.37 0.018334
2518.04 -0.005128
2520.71 0.004310
2523.38 -0.019536
2526.05 0.030614
2528.72 0.050038
2531.39 0.014176
2534.06 0.020283
2536.73 0.013380
2539.40 0.002989
2542.07 0.046920
2544.74 -0.008014
2547.41 0.016639
2550.08 -0.017120
2552.75 -0.001697
2555.42 -0.048440
2558.09 0.046434
2560.76 0.003175
2563.43 -0.011081
2566.10 0.027112
2568.77 0.001809
2571.44 -0.050268
2574.11 -0.023111
2576.78 -0.044188
2579.45 0.030499
2582.12 -0.022434
2584.79 -0.045664
2587.46 0.006270
2590.13 0.028552
2592.80 -0.004300
2595.47 -0.064428
2598.14 0.002710
2600.81 0.054835
2603.48 0.028043
2606.15 -0.029817
2608.82 -0.020400
2611.49 -0.036085
2614.16 -0.039506
2616.83 -0.013128
2619.50 0.003156
2622.17 -0.021573
2624.84 -0.017490
2627.51 -0.008361
2630.18 -0.015367
2632.85 0.004239
2635.52 -0.055359
2638.19 -0.009159
2640.86 -0.016248
2643.53 -0.006074
2646.20 -0.007523
2648.87 -0.025870
2651.54 -0.030159
2654.21 0.005446
2656.88 -0.040543
2659.55 0.003299
2662.22 0.005335
2664.89 0.010075
2667.56 0.056577
2670.23 0.034419
2672.90 -0.035120
2675.57 0.001549
2678.24 -0.000166
2680.91 0.033126
2683.58 -0.003044
2686.25 -0.001850
2688.92 -0.046376
2691.59 -0.033414
2694.26 -0.015410
2696.93 -0.040365
2699.60 -0.020007
2702.27 0.010310
2704.94 0.021369
2707.61 0.016199
2710.28 -0.040318
2712.95 0.003075
2715.62 -0.000995
2718.29 -0.027906
2720.96 -0.045334
2723.63 0.009275
2726.30 -0.036637
2728.97 0.002700
2731.64 -0.018451
2734.31 -0.041632
2736.98 -0.025704
2739.65 -0.014199
2742.32 0.005134
2744.99 -0.027762
2747.66 0.023038
2750.33 -0.026976
2753.00 -0.045016
2755.67 -0.029791
2758.34 0.012976
2761.01 -0.005421
2763.68 0.023806
2766.35 0.022114
2769.02 -0.009713
2771.69 -0.005790
2774.36 0.014298
2777.03 -0.015506
2779.70 0.028312
2782.37 0.002269
2785.04 -0.045677
2787.71 -0.002148
2790.38 0.026676
2793.05 0.038127
2795.72 0.134387
2798.39 0.071762
2801.06 0.076189
2803.73 0.101755
2806.40 0.059443
2809.07 -0.067340
2811.74 -0.075716
2814.41 -0.053272
2817.08 -0.084705
2819.75 -0.057181
2822.42 0.004044
2825.09 0.002652
2827.76 -0.013268
2830.43 0.009538
2833.10 -0.022736
2835.77 -0.001948
2838.44 -0.004872
2841.11 0.005339
2843.78 -0.012432
2846.45 -0.005570
2849.12 0.007251
2851.79 0.051471
2854.46 0.018094
2857.13 0.001050
2859.80 -0.016983
2862.47 0.018415
2865.14 0.009458
2867.81 0.027914
2870.48 0.035810
2873.15 0.026675
2875.82 0.008950
2878.49 0.015165
2881.16 0.044098
2883.83 0.036259
2886.50 0.000802
2889.17 0.020584
2891.84 -0.010977
2894.51 0.006848
2897.18 0.029484
2899.85 0.048018
2902.52 0.019984
2905.19 0.018235
2907.86 0.014040
2910.53 0.019605
2913.20 0.004458
2915.87 0.013238
2918.54 0.000224
2921.21 0.018481
2923.88 0.059069
2926.55 0.018566
2929.22 0.026554
2931.89 0.040483
2934.56 0.036761
2937.23 0.024323
2939.90 0.034611
2942.57 0.035316
2945.24 0.028452
2947.91 0.033034
2950.58 -0.018067
2953.25 0.005115
2955.92 0.001532
2958.59 0.015135
2961.26 0.001837
2963.93 0.006531
2966.60 0.009983
2969.27 -0.010316
2971.94 0.016251
2974.61 0.000696
2977.28 0.019606
2979.95 0.006180
2982.62 0.015850
2985.29 -0.010642
2987.96 -0.000694
2990.63 0.009697
2993.30 0.020172
2995.97 0.010056
2998.64 0.024225
3001.31 0.028166
3003.98 0.020253
3006.65 0.022127
3009.32 0.009097
3011.99 -0.001054
3014.66 0.002356
3017.33 0.021181
3020.00 0.008915
3022.67 0.011614
3025.34 0.006697
3028.01 0.004357
3030.68 0.015233
3033.35 -0.002241
3036.02 0.023935
3038.69 0.008197
3041.36 0.022039
3044.03 0.025847
3046.70 0.000045
3049.37 0.010697
3052.04 0.013403
3054.71 -0.005710
3057.38 0.005037
3060.05 0.005770
3062.72 0.015215
3065.39 0.007693
3068.06 0.007310
3070.73 -0.005102
3073.40 0.010151
3076.07 0.017044
3078.74 0.015508
3081.41 0.032380
3084.08 -0.001339
3086.75 0.013095
3089.42 -0.009690
3092.09 0.010079
3094.76 -0.004928
3097.43 -0.006318
3100.10 -0.025662
3102.77 -0.041165
3105.44 0.001492
3108.11 -0.024493
3110.78 -0.028708
3113.45 -0.030023
3116.12 -0.014479
3118.79 -0.055422
3121.46 -0.034898
3124.13 -0.060922
3126.80 -0.054604
3129.47 -0.034766
3132.14 -0.032648
3134.81 -0.036710
3137.48 -0.020930
3140.15 -0.028851
3142.82 -0.067211
3145.49 -0.032047
3148.16 -0.019021
3150.83 -0.031706
3153.50 -0.014509
3156.17 -0.029336
3158.84 -0.016291
3161.51 -0.037527
3164.18 -0.008735
3166.85 -0.031287
3169.52 -0.035488
3172.19 -0.013216
3174.86 -0.029852
3177.53 -0.032757
3180.20 -0.029360
3182.87 -0.024718
3185.54 -0.026037
3188.21 -0.031479
3190.88 -0.031292
3193.55 -0.046192
3196.22 -0.030394
3198.89 -0.030192
3201.56 -0.035508
3204.23 -0.042636
3206.90 -0.023424
3209.57 -0.021871
3212.24 -0.006598
3214.91 -0.037582
3217.58 -0.030001
3220.25 -0.028009
3222.92 -0.023334
3225.59 -0.028406
3228.26 -0.012052
3230.93 -0.010034
3233.60 -0.026433
3236.27 -0.037732
3238.94 -0.009022
3241.61 -0.025261
3244.28 -0.042506
3246.95 -0.006825
3249.62 -0.003624
3252.29 -0.019197
3254.96 -0.010966
3257.63 -0.012075
3260.30 -0.035268
3262.97 -0.034864
3265.64 -0.022806
3268.31 -0.037005
3270.98 -0.029833
3273.65 -0.016056
3276.32 -0.029092
3278.99 -0.024080
3281.66 -0.019917
3284.33 -0.015785
3287.00 -0.011168
3289.67 -0.008797
3292.34 -0.006330
3295.01 -0.023097
3297.68 -0.033149
3300.35 -0.006102
3303.02 -0.002615
3305.69 -0.026987
3308.36 -0.015612
3311.03 -0.004181
3313.70 -0.030824
3316.37 -0.020334
3319.04 -0.004767
3321.71 -0.008014
3324.38 -0.005907
3327.05 -0.005083
3329.72 -0.018933
3332.39 -0.025338
3335.06 -0.021430
3337.73 -0.027054
3340.40 -0.037568
3343.07 -0.022064
3345.74 0.013562
3348.41 -0.013439
3351.08 -0.002612
3353.75 0.005212
3356.42 -0.000872
3359.09 0.007965
3361.76 -0.020271
3364.43 -0.003951
3367.10 0.002644
3369.77 0.005501
3372.44 -0.006876
3375.11 -0.001030
3377.78 0.010655
3380.45 0.013522
3383.12 -0.011440
3385.79 0.007820
3388.46 0.012338
3391.13 0.003370
3393.80 -0.000783
3396.47 -0.014363
3399.14 -0.002978
3401.81 -0.031246
3404.48 -0.006256
3407.15 -0.016071
3409.82 -0.008629
3412.49 -0.030387
3415.16 -0.026952
3417.83 -0.045686
3420.50 -0.046718
3423.17 -0.029135
3425.84 -0.004229
3428.51 -0.025400
3431.18 -0.023037
3433.85 -0.007157
3436.52 0.004853
3439.19 -0.008421
3441.86 -0.008599
3444.53 -0.006095
3447.20 -0.008284
3449.87 -0.027412
3452.54 -0.017344
3455.21 -0.021418
3457.88 -0.007344
3460.55 -0.003853
3463.22 -0.011468
3465.89 -0.003414
3468.56 -0.008796
3471.23 -0.005254
3473.90 0.001525
3476.57 -0.004065
3479.24 -0.011899
3481.91 -0.006685
3484.58 -0.003691
3487.25 0.004842
3489.92 -0.003629
3492.59 0.008292
3495.26 -0.004335
3497.93 -0.009842
3500.60 0.001030
3503.27 -0.006296
3505.94 0.003348
3508.61 0.001457
3511.28 0.003321
3513.95 0.009562
3516.62 0.007782
3519.29 0.035616
3521.96 0.006555
3524.63 0.003794
3527.30 0.001661
3529.97 -0.001116
3532.64 0.011283
3535.31 -0.004301
3537.98 0.004114
3540.65 -0.014881
3543.32 -0.009043
3545.99 -0.003177
3548.66 -0.005267
3551.33 -0.003822
3554.00 0.012769
3556.67 -0.004118
3559.34 0.007057
3562.01 -0.009771
3564.68 0.004263
3567.35 -0.000436
3570.02 0.020457
3572.69 0.009274
3575.36 0.001232
3578.03 -0.016105
3580.70 0.007548
3583.37 0.007779
3586.04 -0.012492
3588.71 -0.008922
3591.38 -0.015123
3594.05 -0.000709
3596.72 0.003435
3599.39 0.010787
3602.06 -0.005844
3604.73 0.016811
3607.40 -0.004806
3610.07 -0.010003
3612.74 0.006203
3615.41 -0.005154
3618.08 0.014994
3620.75 0.014735
3623.42 0.024899
3626.09 0.007305
3628.76 0.005747
3631.43 0.000870
3634.10 0.005115
3636.77 -0.000190
3639.44 -0.002879
3642.11 -0.007314
3644.78 -0.001707
3647.45 -0.017262
3650.12 -0.018135
3652.79 -0.031847
3655.46 -0.008633
3658.13 -0.020644
3660.80 -0.009631
3663.47 -0.017590
3666.14 -0.003036
3668.81 -0.010014
3671.48 -0.001875
3674.15 0.004779
3676.82 0.002097
3679.49 0.002849
3682.16 -0.000465
3684.83 -0.010170
3687.50 -0.000137
3690.17 -0.000373
3692.84 -0.001132
3695.51 0.003814
3698.18 0.007773
3700.85 -0.012233
3703.52 -0.001727
3706.19 0.003109
3708.86 0.004355
3711.53 -0.005090
3714.20 -0.003537
3716.87 -0.016044
3719.54 -0.000398
3722.21 0.005785
3724.88 0.027784
3727.55 0.029495
3730.22 0.003746
3732.89 -0.020559
3735.56 -0.007048
3738.23 -0.006402
3740.90 -0.001546
3743.57 -0.010131
3746.24 -0.005171
3748.91 -0.003562
3751.58 -0.019503
3754.25 -0.014760
3756.92 -0.035850
3759.59 -0.003576
3762.26 -0.007579
3764.93 0.008390
3767.60 0.001298
3770.27 0.014498
3772.94 0.002942
3775.61 0.000378
3778.28 -0.016074
3780.95 0.012460
3783.62 0.005547
3786.29 0.018407
3788.96 0.020977
3791.63 0.005839
3794.30 0.016880
3796.97 0.004305
3799.64 0.007423
3802.31 0.004850
3804.98 0.004711
3807.65 0.002390
3810.32 0.000433
3812.99 0.027457
3815.66 0.013908
3818.33 0.014431
3821.00 0.027399
3823.67 0.015507
3826.34 0.014587
3829.01 0.026656
3831.68 0.020629
3834.35 0.014547
3837.02 0.035020
3839.69 0.017401
3842.36 0.021132
3845.03 0.030299
3847.70 0.027416
3850.37 0.046520
3853.04 0.043017
3855.71 0.022290
3858.38 0.040584
3861.05 0.031215
3863.72 0.040039
3866.39 0.048207
3869.06 0.057083
3871.73 0.009005
3874.40 0.012773
3877.07 0.014181
3879.74 0.016353
3882.41 0.032121
3885.08 0.027573
3887.75 0.019783
3890.42 -0.007137
3893.09 -0.000688
3895.76 -0.000502
3898.43 0.021834
3901.10 0.027650
3903.77 0.031559
3906.44 0.025981
3909.11 0.034442
3911.78 0.021691
3914.45 0.028995
3917.12 0.044872
3919.79 0.022873
3922.46 0.035855
3925.13 0.038088
3927.80 0.029815
3930.47 0.030388
3933.14 0.050401
3935.81 0.042188
3938.48 0.025189
3941.15 0.035661
3943.82 0.032163
3946.49 0.024249
3949.16 0.015865
3951.83 0.029448
3954.50 0.022349
3957.17 0.010744
3959.84 0.011051
3962.51 0.027497
3965.18 0.026359
3967.85 0.020924
3970.52 0.020378
3973.19 0.016129
3975.86 0.021919
3978.53 0.008719
3981.20 0.013498
3983.87 0.029503
3986.54 0.025072
3989.21 0.040028
3991.88 0.015937
3994.55 0.032366
3997.22 0.015218
3999.89 0.028618
4002.56 0.032477
4005.23 0.016025
4007.90 0.029714
4010.57 0.040439
4013.24 0.040846
4015.91 0.055147
4018.58 0.037259
4021.25 0.044861
4023.92 0.053968
4026.59 0.032252
4029.26 0.044474
4031.93 0.040494
4034.60 0.043227
4037.27 0.043016
4039.94 0.036640
4042.61 0.039455
4045.28 0.045414
4047.95 0.042104
4050.62 0.045977
4053.29 0.039086
4055.96 0.055503
4058.63 0.047217
4061.30 0.025033
4063.97 0.040799
4066.64 0.039918
4069.31 0.051574
4071.98 0.038894
4074.65 0.032032
4077.32 0.034896
4079.99 0.018815
4082.66 0.022144
4085.33 0.022622
4088.00 0.011564
4090.67 0.022760
4093.34 0.010246
4096.01 0.004284
4098.68 0.013429
4101.35 0.019041
4104.02 0.012734
4106.69 -0.000962
4109.36 0.010835
4112.03 0.012831
4114.70 0.011305
4117.37 0.027131
4120.04 0.018996
4122.71 0.015487
4125.38 0.021263
4128.05 0.026008
4130.72 0.034207
4133.39 0.035974
4136.06 0.029726
4138.73 0.015582
4141.40 0.012104
4144.07 0.023684
4146.74 0.021941
4149.41 0.030990
4152.08 0.022815
4154.75 0.039997
4157.42 0.034412
4160.09 0.027710
4162.76 0.029998
4165.43 0.032152
4168.10 0.044429
4170.77 0.050058
4173.44 0.039365
4176.11 0.044955
4178.78 0.061212
4181.45 0.039446
4184.12 0.043013
4186.79 0.032340
4189.46 0.039289
4192.13 0.024649
4194.80 0.020847
4197.47 0.032259
4200.14 0.026609
4202.81 0.023871
4205.48 0.024669
4208.15 0.026639
4210.82 0.029625
4213.49 0.016195
4216.16 0.024126
4218.83 0.044926
4221.50 0.036108
4224.17 0.028208
4226.84 0.035286
4229.51 0.040033
4232.18 0.042032
4234.85 0.039251
4237.52 0.043992
4240.19 0.041717
4242.86 0.027582
4245.53 0.035392
4248.20 0.036129
4250.87 0.046841
4253.54 0.039310
4256.21 0.019323
4258.88 0.016477
4261.55 0.028472
4264.22 0.018628
4266.89 0.026832
4269.56 0.028220
4272.23 0.015836
4274.90 0.029059
4277.57 0.031661
4280.24 0.027918
4282.91 0.033127
4285.58 0.035744
4288.25 0.028470
4290.92 0.034339
4293.59 0.042365
4296.26 0.034429
4298.93 0.024863
4301.60 0.028249
4304.27 0.027518
4306.94 0.026878
4309.61 0.016443
4312.28 0.026972
4314.95 -0.000612
4317.62 0.019393
4320.29 0.017846
4322.96 0.014932
4325.63 0.002278
4328.30 -0.005769
4330.97 -0.007214
4333.64 -0.015104
4336.31 -0.016011
4338.98 0.009080
4341.65 -0.011428
4344.32 -0.024296
4346.99 -0.017061
4349.66 0.001589
4352.33 -0.023477
4355.00 -0.006170
4357.67 0.002206
4360.34 -0.004466
4363.01 -0.002149
4365.68 0.002882
4368.35 -0.010810
4371.02 -0.005267
4373.69 -0.007822
4376.36 0.002057
4379.03 0.006401
4381.70 0.014076
4384.37 0.007097
4387.04 0.015709
4389.71 0.018410
4392.38 0.012059
4395.05 0.020365
4397.72 0.010604
4400.39 0.023743
4403.06 0.011203
4405.73 0.013145
4408.40 0.010757
4411.07 0.027919
4413.74 0.027102
4416.41 0.023516
4419.08 0.025883
4421.75 0.022295
4424.42 0.014210
4427.09 0.016223
4429.76 0.010776
4432.43 0.009241
4435.10 0.008029
4437.77 0.022903
4440.44 0.013076
4443.11 0.016852
4445.78 0.019945
4448.45 0.028830
4451.12 0.021708
4453.79 0.021966
4456.46 0.016304
4459.13 0.020663
4461.80 0.024571
4464.47 0.022746
4467.14 0.018736
4469.81 0.032132
4472.48 0.023143
4475.15 0.017897
4477.82 0.021362
4480.49 0.018607
4483.16 0.009013
4485.83 0.005025
4488.50 0.004206
4491.17 0.013911
4493.84 0.008118
4496.51 0.016088
4499.18 0.016229
4501.85 0.008983
4504.52 0.001881
4507.19 0.012213
4509.86 0.013564
4512.53 0.018217
4515.20 0.012235
4517.87 0.013567
4520.54 0.001437
4523.21 0.006471
4525.88 0.006869
4528.55 0.007135
4531.22 0.005866
4533.89 0.004929
4536.56 0.008299
4539.23 0.021519
4541.90 -0.010186
4544.57 -0.001734
4547.24 0.003433
4549.91 -0.004355
4552.58 0.006456
4555.25 -0.002860
4557.92 -0.002328
4560.59 0.000687
4563.26 0.001998
4565.93 -0.000236
4568.60 0.002551
4571.27 -0.002982
4573.94 0.001037
4576.61 0.013063
4579.28 0.008153
4581.95 0.008514
4584.62 0.004666
4587.29 0.009698
4589.96 0.013513
4592.63 0.017254
4595.30 0.006515
4597.97 0.007188
4600.64 0.003332
4603.31 0.000392
4605.98 -0.005087
4608.65 -0.005157
4611.32 0.007778
4613.99 0.003767
4616.66 0.000488
4619.33 0.005610
4622.00 0.011577
4624.67 0.001915
4627.34 0.008209
4630.01 0.018703
4632.68 0.014769
4635.35 0.012568
4638.02 0.007285
4640.69 0.003340
4643.36 -0.001496
4646.03 0.008276
4648.70 -0.001873
4651.37 0.007578
4654.04 -0.004530
4656.71 0.002823
4659.38 0.005860
4662.05 0.019537
4664.72 0.007615
4667.39 0.002064
4670.06 0.001735
4672.73 0.007868
4675.40 0.008671
4678.07 0.004032
4680.74 -0.001879
4683.41 0.007363
4686.08 0.009132
4688.75 -0.001776
4691.42 0.007515
4694.09 0.003752
4696.76 -0.000548
4699.43 -0.001197
4702.10 0.009610
4704.77 0.001606
4707.44 0.009552
4710.11 0.008002
4712.78 0.009741
4715.45 0.007079
4718.12 0.003190
4720.79 -0.001918
4723.46 0.009513
4726.13 0.013014
4728.80 0.015305
4731.47 0.010996
4734.14 0.018993
4736.81 0.012188
4739.48 0.004901
4742.15 0.000750
4744.82 -0.003881
4747.49 -0.005529
4750.16 -0.001580
4752.83 -0.009449
4755.50 0.000541
4758.17 -0.007393
4760.84 0.002708
4763.51 0.005138
4766.18 0.009711
4768.85 -0.009239
4771.52 0.002530
4774.19 0.003372
4776.86 -0.010634
4779.53 0.006291
4782.20 -0.003675
4784.87 0.006661
4787.54 0.002400
4790.21 0.005936
4792.88 0.005315
4795.55 0.022296
4798.22 0.001271
4800.89 0.016008
4803.56 -0.008134
4806.23 0.003265
4808.90 -0.010984
4811.57 -0.016532
4814.24 -0.002979
4816.91 -0.006229
4819.58 -0.015660
4822.25 -0.033752
4824.92 -0.026871
4827.59 -0.032772
4830.26 -0.029735
4832.93 -0.034832
4835.60 -0.049616
4838.27 -0.061722
4840.94 -0.046168
4843.61 -0.050342
4846.28 -0.059095
4848.95 -0.065367
4851.62 -0.074210
4854.29 -0.064051
4856.96 -0.041076
4859.63 -0.005308
4862.30 -0.021161
4864.97 -0.029908
4867.64 -0.070356
4870.31 -0.058462
4872.98 -0.066596
4875.65 -0.066077
4878.32 -0.066784
4880.99 -0.071523
4883.66 -0.069068
4886.33 -0.055746
4889.00 -0.065008
4891.67 -0.054208
4894.34 -0.041312
4897.01 -0.043670
4899.68 -0.050317
4902.35 -0.035697
4905.02 -0.039033
4907.69 -0.031674
4910.36 -0.033663
4913.03 -0.043477
4915.70 -0.020347
4918.37 -0.024200
4921.04 -0.020219
4923.71 -0.018558
4926.38 -0.017540
4929.05 -0.012923
4931.72 -0.020821
4934.39 -0.028588
4937.06 -0.025289
4939.73 -0.020040
4942.40 -0.027276
4945.07 -0.032750
4947.74 -0.019255
4950.41 -0.033992
4953.08 -0.031826
4955.75 0.040382
4958.42 0.110741
4961.09 -0.046099
4963.76 -0.077427
4966.43 -0.048015
4969.10 -0.023866
4971.77 -0.010239
4974.44 -0.008982
4977.11 -0.021230
4979.78 -0.013522
4982.45 -0.005220
4985.12 -0.005082
4987.79 -0.004772
4990.46 -0.023939
4993.13 -0.033309
4995.80 -0.030450
4998.47 -0.035866
5001.14 -0.034501
5003.81 0.206526
5006.48 0.323676
5009.15 -0.079797
5011.82 -0.215047
5014.49 -0.105881
5017.16 -0.041321
5019.83 -0.013147
5022.50 -0.002345
5025.17 -0.005831
5027.84 -0.025128
5030.51 -0.010471
5033.18 -0.012606
5035.85 0.006987
5038.52 -0.002350
5041.19 -0.001133
5043.86 -0.001627
5046.53 0.000457
5049.20 -0.005300
5051.87 -0.018470
5054.54 -0.006724
5057.21 -0.009549
5059.88 0.000780
5062.55 0.008441
5065.22 -0.007242
5067.89 -0.006157
5070.56 0.004461
5073.23 0.000466
5075.90 0.000636
5078.57 0.006516
5081.24 -0.005834
5083.91 -0.000833
5086.58 0.001407
5089.25 -0.012509
5091.92 -0.000926
5094.59 -0.013435
5097.26 -0.012319
5099.93 -0.010491
5102.60 -0.007269
5105.27 0.006742
5107.94 0.004796
5110.61 -0.009881
5113.28 -0.002498
5115.95 -0.005969
5118.62 -0.007008
5121.29 -0.014256
5123.96 -0.004217
5126.63 0.001282
5129.30 0.010578
5131.97 -0.013466
5134.64 -0.007013
5137.31 -0.010071
5139.98 -0.023107
5142.65 -0.012839
5145.32 0.002625
5147.99 -0.018603
5150.66 -0.009820
5153.33 -0.012887
5156.00 -0.019999
5158.67 -0.015327
5161.34 -0.006015
5164.01 0.010524
5166.68 0.015520
5169.35 0.007954
5172.02 -0.001540
5174.69 0.007517
5177.36 -0.004506
5180.03 -0.001417
5182.70 0.005181
5185.37 -0.006678
5188.04 -0.001613
5190.71 0.000514
5193.38 -0.005508
5196.05 -0.003913
5198.72 0.004615
5201.39 -0.002439
5204.06 -0.005382
5206.73 0.000404
5209.40 -0.009987
5212.07 -0.018883
5214.74 -0.021673
5217.41 -0.011236
5220.08 -0.007539
5222.75 -0.007330
5225.42 -0.011829
5228.09 -0.006752
5230.76 -0.010548
5233.43 -0.008651
5236.10 0.003384
5238.77 0.010127
5241.44 0.004695
5244.11 -0.000293
5246.78 -0.011926
5249.45 -0.015588
5252.12 -0.010012
5254.79 -0.009403
5257.46 -0.003162
5260.13 0.004184
5262.80 0.010263
5265.47 0.009106
5268.14 -0.011548
5270.81 0.002732
5273.48 -0.000770
5276.15 0.012140
5278.82 -0.013885
5281.49 0.003973
5284.16 -0.012462
5286.83 -0.012585
5289.50 -0.011549
5292.17 -0.014670
5294.84 -0.001267
5297.51 -0.013618
5300.18 -0.008256
5302.85 -0.005934
5305.52 -0.007812
5308.19 -0.001072
5310.86 -0.016858
5313.53 -0.005927
5316.20 -0.004035
5318.87 0.007423
5321.54 0.005364
5324.21 0.008376
5326.88 -0.012138
5329.55 -0.004010
5332.22 -0.001359
5334.89 -0.017747
5337.56 -0.018982
5340.23 -0.010292
5342.90 -0.005676
5345.57 -0.006169
5348.24 -0.006459
5350.91 0.000032
5353.58 0.003724
5356.25 -0.001856
5358.92 -0.000266
5361.59 0.002203
5364.26 -0.012490
5366.93 -0.004758
5369.60 0.006237
5372.27 0.001339
5374.94 0.004676
5377.61 -0.005960
5380.28 -0.002161
5382.95 0.005723
5385.62 -0.010720
5388.29 0.002773
5390.96 -0.003755
5393.63 -0.010275
5396.30 -0.006235
5398.97 -0.006293
5401.64 -0.002258
5404.31 -0.010395
5406.98 -0.008145
5409.65 -0.007211
5412.32 0.007788
5414.99 -0.015343
5417.66 0.005840
5420.33 0.008150
5423.00 0.003242
5425.67 -0.001762
5428.34 -0.001046
5431.01 0.005622
5433.68 0.001638
5436.35 0.011639
5439.02 -0.003270
5441.69 0.006136
5444.36 -0.005865
5447.03 -0.017088
5449.70 -0.021030
5452.37 -0.004704
5455.04 -0.016542
5457.71 -0.014236
5460.38 -0.027799
5463.05 -0.011396
5465.72 0.001526
5468.39 -0.008187
5471.06 -0.013084
5473.73 0.000987
5476.40 0.001099
5479.07 -0.011425
5481.74 -0.007005
5484.41 -0.002637
5487.08 -0.003890
5489.75 0.002265
5492.42 -0.016005
5495.09 -0.000678
5497.76 0.005404
5500.43 0.003126
5503.10 0.012525
5505.77 -0.002709
5508.44 0.005904
5511.11 0.006947
5513.78 -0.008151
5516.45 -0.001533
5519.12 -0.005605
5521.79 -0.000158
5524.46 0.007956
5527.13 0.003792
5529.80 -0.005423
5532.47 -0.014232
5535.14 0.005134
5537.81 -0.009115
5540.48 -0.001226
5543.15 0.024082
5545.82 -0.012010
5548.49 -0.001194
5551.16 -0.011848
5553.83 -0.008029
5556.50 -0.008572
5559.17 -0.007301
5561.84 -0.012383
5564.51 -0.004491
5567.18 -0.003445
5569.85 -0.006694
5572.52 0.003114
5575.19 0.000241
5577.86 -0.020021
5580.53 -0.016839
5583.20 -0.016600
5585.87 -0.018534
5588.54 -0.021572
5591.21 -0.025892
5593.88 -0.012689
5596.55 -0.007177
5599.22 -0.013784
5601.89 -0.009888
5604.56 0.001589
5607.23 -0.000456
5609.90 -0.021453
5612.57 -0.005034
5615.24 -0.005671
5617.91 -0.005284
5620.58 -0.010928
5623.25 0.003592
5625.92 -0.023123
5628.59 -0.026831
5631.26 -0.008555
5633.93 -0.005275
5636.60 -0.012793
5639.27 -0.004995
5641.94 -0.015931
5644.61 -0.002935
5647.28 -0.000995
5649.95 -0.005383
5652.62 -0.011685
5655.29 -0.006928
5657.96 0.009390
5660.63 -0.007706
5663.30 0.009151
5665.97 0.001559
5668.64 0.007321
5671.31 -0.009856
5673.98 -0.009942
5676.65 -0.026236
5679.32 -0.008142
5681.99 -0.002829
5684.66 -0.006223
5687.33 0.005729
5690.00 -0.025900
5692.67 -0.015152
5695.34 -0.010360
5698.01 -0.021749
5700.68 -0.011328
5703.35 -0.018971
5706.02 -0.011734
5708.69 -0.000687
5711.36 -0.019112
5714.03 -0.016675
5716.70 -0.016097
5719.37 -0.007986
5722.04 -0.021597
5724.71 -0.027934
5727.38 -0.024239
5730.05 -0.017148
5732.72 -0.009716
5735.39 -0.031032
5738.06 -0.019776
5740.73 -0.024273
5743.40 -0.019095
5746.07 -0.010405
5748.74 -0.008021
5751.41 -0.012802
5754.08 -0.021275
5756.75 -0.001759
5759.42 0.007159
5762.09 -0.019236
5764.76 -0.001617
5767.43 -0.024363
5770.10 -0.025648
5772.77 -0.043771
5775.44 -0.038756
5778.11 -0.026325
5780.78 -0.024045
5783.45 -0.010475
5786.12 0.000596
5788.79 -0.002340
5791.46 -0.013395
5794.13 -0.006173
5796.80 -0.022475
5799.47 -0.027116
5802.14 -0.030108
5804.81 -0.032807
5807.48 -0.038828
5810.15 -0.023291
5812.82 -0.011032
5815.49 -0.013328
5818.16 -0.010044
5820.83 -0.000937
5823.50 -0.003467
5826.17 -0.023188
5828.84 -0.031816
5831.51 -0.021390
5834.18 -0.041845
5836.85 -0.058006
5839.52 -0.026700
5842.19 -0.029294
5844.86 -0.040181
5847.53 -0.022145
5850.20 -0.030851
5852.87 -0.036510
5855.54 -0.041682
5858.21 -0.039786
5860.88 -0.038207
5863.55 -0.008644
5866.22 -0.049599
5868.89 -0.030210
5871.56 -0.027326
5874.23 -0.017707
5876.90 -0.019228
5879.57 -0.025930
5882.24 -0.060790
5884.91 -0.046427
5887.58 -0.042799
5890.25 -0.025886
5892.92 -0.025319
5895.59 -0.021191
5898.26 -0.033085
5900.93 -0.021359
5903.60 -0.029097
5906.27 -0.019802
5908.94 -0.023399
5911.61 -0.008041
5914.28 -0.033756
5916.95 -0.030742
5919.62 -0.014743
5922.29 -0.026141
5924.96 -0.016884
5927.63 -0.034423
5930.30 -0.017998
5932.97 -0.031031
5935.64 -0.026368
5938.31 -0.016336
5940.98 -0.029238
5943.65 -0.024952
5946.32 -0.045122
5948.99 -0.021009
5951.66 -0.030510
5954.33 -0.015881
5957.00 -0.023019
5959.67 -0.016854
5962.34 -0.018080
5965.01 -0.000596
5967.68 -0.012648
5970.35 0.002350
5973.02 -0.018451
5975.69 -0.022678
5978.36 0.005978
5981.03 -0.028241
5983.70 -0.007749
5986.37 0.013174
5989.04 -0.008827
5991.71 -0.011253
5994.38 -0.015746
5997.05 0.001304
5999.72 -0.004033
6002.39 -0.045738
6005.06 -0.016896
6007.73 -0.011286
6010.40 0.000953
6013.07 -0.007097
6015.74 -0.023973
6018.41 -0.017344
6021.08 -0.003889
6023.75 0.001734
6026.42 -0.015108
6029.09 -0.004571
6031.76 -0.002989
6034.43 -0.005491
6037.10 0.005397
6039.77 -0.017515
6042.44 -0.016313
6045.11 -0.001215
6047.78 0.017773
6050.45 0.000151
6053.12 -0.011235
6055.79 0.006878
6058.46 -0.007029
6061.13 -0.012731
6063.80 -0.017488
6066.47 -0.027183
6069.14 -0.027484
6071.81 -0.014156
6074.48 -0.015084
6077.15 -0.019826
6079.82 -0.022112
6082.49 -0.019435
6085.16 -0.007386
6087.83 -0.017523
6090.50 -0.015630
6093.17 -0.013975
6095.84 -0.014712
6098.51 -0.001643
6101.18 0.003168
6103.85 -0.005170
6106.52 -0.024394
6109.19 -0.023528
6111.86 -0.021329
6114.53 -0.015095
6117.20 -0.004701
6119.87 -0.017468
6122.54 -0.010231
6125.21 -0.020955
6127.88 -0.004884
6130.55 -0.006812
6133.22 -0.011005
6135.89 0.006529
6138.56 -0.001911
6141.23 -0.018940
6143.90 -0.018003
6146.57 -0.006749
6149.24 -0.009259
6151.91 -0.002924
6154.58 -0.008022
6157.25 -0.002424
6159.92 -0.009669
6162.59 0.006463
6165.26 -0.014519
6167.93 -0.017603
6170.60 -0.001235
6173.27 -0.014914
6175.94 -0.016487
6178.61 -0.031175
6181.28 -0.009231
6183.95 -0.010254
6186.62 -0.015925
6189.29 -0.008580
6191.96 -0.016852
6194.63 -0.027000
6197.30 -0.009057
6199.97 0.005481
6202.64 -0.012486
6205.31 -0.021444
6207.98 -0.011486
6210.65 -0.011835
6213.32 -0.025221
6215.99 -0.019807
6218.66 -0.013058
6221.33 -0.012634
6224.00 -0.006222
6226.67 -0.012110
6229.34 -0.020876
6232.01 -0.033717
6234.68 -0.016200
6237.35 0.003318
6240.02 -0.010896
6242.69 -0.022004
6245.36 -0.015291
6248.03 -0.015630
6250.70 -0.007962
6253.37 -0.002794
6256.04 -0.015691
6258.71 -0.017128
6261.38 0.000657
6264.05 -0.001916
6266.72 -0.003050
6269.39 -0.000367
6272.06 -0.012290
6274.73 -0.012007
6277.40 -0.000915
6280.07 0.001567
6282.74 0.008916
6285.41 -0.000513
6288.08 0.001577
6290.75 0.001736
6293.42 0.000161
6296.09 0.004159
6298.76 -0.000288
6301.43 -0.003084
6304.10 -0.004205
6306.77 -0.004325
6309.44 -0.004063
6312.11 -0.010785
6314.78 -0.007415
6317.45 0.001467
6320.12 -0.006462
6322.79 0.001562
6325.46 -0.001393
6328.13 -0.005520
6330.80 -0.004175
6333.47 -0.001199
6336.14 -0.004623
6338.81 0.001455
6341.48 0.003537
6344.15 -0.004650
6346.82 -0.007770
6349.49 -0.005539
6352.16 -0.006089
6354.83 -0.004686
6357.50 -0.002378
6360.17 -0.005727
6362.84 0.009789
6365.51 0.001333
6368.18 0.010832
6370.85 0.010277
6373.52 0.002383
6376.19 0.007330
6378.86 0.009051
6381.53 0.010329
6384.20 0.008887
6386.87 0.008650
6389.54 0.007218
6392.21 0.008654
6394.88 0.016064
6397.55 0.009204
6400.22 0.008162
6402.89 0.006934
6405.56 0.005365
6408.23 0.008471
6410.90 0.014746
6413.57 0.009160
6416.24 0.010200
6418.91 0.008105
6421.58 0.003632
6424.25 0.005521
6426.92 0.005739
6429.59 0.003590
6432.26 0.000185
6434.93 0.003455
6437.60 0.004743
6440.27 0.005493
6442.94 0.005707
6445.61 0.010022
6448.28 0.007668
6450.95 0.000168
6453.62 0.005301
6456.29 0.012329
6458.96 0.010439
6461.63 0.004132
6464.30 0.005170
6466.97 0.000284
6469.64 0.006493
6472.31 -0.001483
6474.98 0.002524
6477.65 0.001438
6480.32 0.001280
6482.99 0.004552
6485.66 0.008590
6488.33 0.001943
6491.00 -0.000025
6493.67 0.000349
6496.34 -0.002310
6499.01 0.002004
6501.68 -0.000419
6504.35 0.001365
6507.02 -0.002340
6509.69 0.001513
6512.36 0.000502
6515.03 0.002649
6517.70 0.006777
6520.37 0.002327
6523.04 -0.009555
6525.71 -0.007405
6528.38 -0.005017
6531.05 0.003324
6533.72 -0.001241
6536.39 0.007562
6539.06 0.006269
6541.73 -0.000792
6544.40 0.012467
6547.07 0.011650
6549.74 0.010378
6552.41 0.008127
6555.08 0.044582
6557.75 0.052882
6560.42 0.020177
6563.09 0.030559
6565.76 0.053605
6568.43 0.057918
6571.10 0.052551
6573.77 0.047397
6576.44 0.049718
6579.11 0.035030
6581.78 0.031126
6584.45 0.015538
6587.12 0.007129
6589.79 0.002275
6592.46 0.006540
6595.13 0.008638
6597.80 -0.000556
6600.47 -0.003252
6603.14 0.004569
6605.81 -0.006403
6608.48 0.004612
6611.15 -0.005185
6613.82 0.001345
6616.49 0.004654
6619.16 -0.014042
6621.83 -0.005170
6624.50 -0.009868
6627.17 -0.007676
6629.84 -0.016674
6632.51 -0.017157
6635.18 -0.012658
6637.85 -0.012321
6640.52 -0.014461
6643.19 -0.014465
6645.86 -0.023862
6648.53 -0.013834
6651.20 -0.012520
6653.87 -0.016557
6656.54 -0.009502
6659.21 0.000561
6661.88 -0.003158
6664.55 -0.002248
6667.22 -0.007794
6669.89 -0.006559
6672.56 -0.000020
6675.23 0.003159
6677.90 0.006471
6680.57 -0.003059
6683.24 -0.001130
6685.91 -0.000840
6688.58 0.002667
6691.25 0.009485
6693.92 0.000141
6696.59 0.001861
6699.26 0.004570
6701.93 0.000718
6704.60 0.004546
6707.27 0.005643
6709.94 -0.001333
6712.61 -0.001326
6715.28 -0.001359
6717.95 -0.001392
6720.62 -0.001342
6723.29 -0.001333
6725.96 -0.001325
6728.63 -0.001301
6731.30 -0.001300
6733.97 -0.001288
6736.64 -0.001250
6739.31 -0.001211
6741.98 -0.001199
6744.65 -0.001193
6747.32 -0.001159
6749.99 -0.001143
6752.66 -0.001139
6755.33 -0.001128
6758.00 -0.001138
6760.67 -0.001116
6763.34 -0.001120
6766.01 -0.001104
6768.68 -0.001099
6771.35 -0.001100
6774.02 -0.001114
6776.69 -0.001094
6779.36 -0.001089
6782.03 -0.001090
6784.70 -0.001112
6787.37 -0.001125
6790.04 -0.001107
6792.71 -0.001101
6795.38 -0.001099
6798.05 -0.001076
6800.72 -0.001078
6803.39 -0.001088
6806.06 -0.001094
6808.73 -0.001074
6811.40 -0.001081
6814.07 -0.001082
6816.74 -0.001092
6819.41 -0.001113
6822.08 -0.001078
6824.75 -0.001088
6827.42 -0.001081
6830.09 -0.001097
6832.76 -0.001079
6835.43 -0.001077
6838.10 -0.001080
6840.77 -0.001084
6843.44 -0.001061
6846.11 -0.001057
6848.78 -0.001064
6851.45 -0.001052
6854.12 -0.001059
6856.79 -0.001067
6859.46 -0.001064
6862.13 -0.001041
6864.80 -0.001060
6867.47 -0.001090
6870.14 -0.001065
6872.81 -0.001084
6875.48 -0.001067
6878.15 -0.001071
6880.82 -0.001065
6883.49 -0.001064
6886.16 -0.001076
6888.83 -0.001016
6891.50 -0.001072
6894.17 -0.001067
6896.84 -0.001057
6899.51 -0.001062
6902.18 -0.001062
6904.85 -0.001039
6907.52 -0.001022
6910.19 -0.001085
6912.86 -0.001111
6915.53 -0.001118
6918.20 -0.001113
6920.87 -0.001066
6923.54 -0.001078
6926.21 -0.001059
6928.88 -0.001072
6931.55 -0.001077
6934.22 -0.001074
6936.89 -0.001081
6939.56 -0.001092
6942.23 -0.001048
6944.90 -0.001027
6947.57 -0.001028
6950.24 -0.001087
6952.91 -0.001110
6955.58 -0.001126
6958.25 -0.001106
6960.92 -0.001123
6963.59 -0.001125
6966.26 -0.001117
6968.93 -0.001140
6971.60 -0.001100
6974.27 -0.001136
6976.94 -0.001157
6979.61 -0.001176
6982.28 -0.001220
6984.95 -0.001198
6987.62 -0.001208
6990.29 -0.001177
6992.96 -0.001182
6995.63 -0.001201
6998.30 -0.001199
7000.97 -0.001183
7003.64 -0.001184
7006.31 -0.001188
7008.98 -0.001136
7011.65 -0.001181
7014.32 -0.001177
7016.99 -0.001149
7019.66 -0.001196
7022.33 -0.001170
7025.00 -0.001200
7027.67 -0.001221
7030.34 -0.001201
7033.01 -0.001205
7035.68 -0.001209
7038.35 -0.001232
7041.02 -0.001275
7043.69 -0.001235
7046.36 -0.001211
7049.03 -0.001256
7051.70 -0.001225
7054.37 -0.001184
7057.04 -0.001148
7059.71 -0.001148
7062.38 -0.001207
7065.05 -0.001259
7067.72 -0.001219
7070.39 -0.001192
7073.06 -0.001129
7075.73 -0.001180
7078.40 -0.001205
7081.07 -0.001220
7083.74 -0.001193
7086.41 -0.001132
7089.08 -0.001119
7091.75 -0.001187
7094.42 -0.001180
7097.09 -0.001161
7099.76 -0.001144
7102.43 -0.001154
7105.10 -0.001167
7107.77 -0.001216
7110.44 -0.001207
7113.11 -0.001217
7115.78 -0.001204
7118.45 -0.001239
7121.12 -0.001200
7123.79 -0.001212
7126.46 -0.001216
7129.13 -0.001223
7131.80 -0.001238
7134.47 -0.001215
7137.14 -0.001243
7139.81 -0.001218
7142.48 -0.001201
7145.15 -0.001198
7147.82 -0.001196
7150.49 -0.001198
7153.16 -0.001180
7155.83 -0.001172
7158.50 -0.001207
7161.17 -0.001180
7163.84 -0.001192
7166.51 -0.001156
7169.18 -0.001192
7171.85 -0.001191
7174.52 -0.001212
7177.19 -0.001202
7179.86 -0.001207
7182.53 -0.001223
7185.20 -0.001269
7187.87 -0.001231
7190.54 -0.001206
7193.21 -0.001168
7195.88 -0.001158
7198.55 -0.001228
7201.22 -0.001150
7203.89 -0.001161
7206.56 -0.001152
7209.23 -0.001150
7211.90 -0.001188
7214.57 -0.001190
7217.24 -0.001161
7219.91 -0.001176
7222.58 -0.001168
7225.25 -0.001198
7227.92 -0.001220
7230.59 -0.001176
7233.26 -0.001160
7235.93 -0.001187
7238.60 -0.001202
7241.27 -0.001187
7243.94 -0.001193
7246.61 -0.001166
7249.28 -0.001170
7251.95 -0.001182
7254.62 -0.001174
7257.29 -0.001179
7259.96 -0.001158
7262.63 -0.001144
7265.30 -0.001165
7267.97 -0.001157
7270.64 -0.001166
7273.31 -0.001194
7275.98 -0.001175
7278.65 -0.001148
7281.32 -0.001110
7283.99 -0.001132
7286.66 -0.001190
7289.33 -0.001197
7292.00 -0.001150
7294.67 -0.001159
7297.34 -0.001183
7300.01 -0.001167
7302.68 -0.001165
7305.35 -0.001152
7308.02 -0.001220
7310.69 -0.001168
7313.36 -0.001190
7316.03 -0.001186
7318.70 -0.001231
7321.37 -0.001241
7324.04 -0.001215
7326.71 -0.001221
7329.38 -0.001223
7332.05 -0.001197
7334.72 -0.001211
7337.39 -0.001206
7340.06 -0.001173
7342.73 -0.001188
7345.40 -0.001170
7348.07 -0.001173
7350.74 -0.001168
7353.41 -0.001157
7356.08 -0.001147
7358.75 -0.001206
7361.42 -0.001172
7364.09 -0.001182
7366.76 -0.001193
7369.43 -0.001190
7372.10 -0.001171
7374.77 -0.001192
7377.44 -0.001134
7380.11 -0.001200
7382.78 -0.001209
7385.45 -0.001145
7388.12 -0.001159
7390.79 -0.001158
7393.46 -0.001159
7396.13 -0.001142
7398.80 -0.001147
7401.47 -0.001111
7404.14 -0.001169
7406.81 -0.001157
7409.48 -0.001150
7412.15 -0.001178
7414.82 -0.001083
7417.49 -0.001126
7420.16 -0.001154
7422.83 -0.001194
7425.50 -0.001158
7428.17 -0.001163
7430.84 -0.001097
7433.51 -0.001109
7436.18 -0.001145
7438.85 -0.001116
7441.52 -0.001144
7444.19 -0.001167
7446.86 -0.001143
7449.53 -0.001109
7452.20 -0.001149
7454.87 -0.001155
7457.54 -0.001194
7460.21 -0.001205
7462.88 -0.001179
7465.55 -0.001206
7468.22 -0.001198
7470.89 -0.001195
7473.56 -0.001207
7476.23 -0.001213
7478.90 -0.001194
7481.57 -0.001205
7484.24 -0.001193
7486.91 -0.001191
7489.58 -0.001221
7492.25 -0.001198
7494.92 -0.001190
7497.59 -0.001184
