2486.00 -0.056361
2488.67 -0.052976
2491.34 -0.055822
2494.01 -0.050639
2496.68 0.014224
2499.35 0.004070
2502.02 0.056914
2504.69 0.001229
2507.36 -0.016923
2510.03 -0.006182
2512.70 0.074486
2515.37 0.053767
2518.04 0.028128
2520.71 0.007289
2523.38 0.033530
2526.05 0.012857
2528.72 -0.058650
2531.39 0.012269
2534.06 -0.011394
2536.73 -0.032996
2539.40 0.081231
2542.07 -0.067687
2544.74 0.012372
2547.41 -0.010609
2550.08 -0.034634
2552.75 0.016600
2555.42 -0.043530
2558.09 0.000162
2560.76 0.030896
2563.43 0.036328
2566.10 -0.001948
2568.77 0.056887
2571.44 0.001565
2574.11 0.009700
2576.78 -0.031308
2579.45 -0.005635
2582.12 -0.021862
2584.79 0.076700
2587.46 0.077103
2590.13 0.089581
2592.80 -0.068647
2595.47 0.012762
2598.14 -0.025173
2600.81 -0.025192
2603.48 -0.073443
2606.15 -0.046768
2608.82 -0.030310
2611.49 -0.081099
2614.16 -0.038966
2616.83 0.044369
2619.50 -0.032782
2622.17 0.019939
2624.84 0.058053
2627.51 0.054480
2630.18 -0.025167
2632.85 -0.004941
2635.52 0.021335
2638.19 0.030057
2640.86 0.016585
2643.53 0.023329
2646.20 -0.030316
2648.87 -0.036156
2651.54 -0.033920
2654.21 0.060342
2656.88 0.057102
2659.55 -0.005129
2662.22 -0.091895
2664.89 0.067474
2667.56 0.042710
2670.23 -0.012192
2672.90 0.025312
2675.57 0.035759
2678.24 0.008185
2680.91 0.069539
2683.58 0.015705
2686.25 -0.003942
2688.92 0.008796
2691.59 0.045892
2694.26 0.037951
2696.93 -0.053662
2699.60 0.016707
2702.27 0.030031
2704.94 -0.059814
2707.61 0.082571
2710.28 -0.040418
2712.95 -0.033233
2715.62 0.028601
2718.29 -0.007779
2720.96 0.065938
2723.63 -0.015285
2726.30 -0.034556
2728.97 -0.045721
2731.64 0.000397
2734.31 0.015271
2736.98 -0.023164
2739.65 -0.006756
2742.32 -0.077992
2744.99 -0.014907
2747.66 0.010601
2750.33 -0.133032
2753.00 -0.048089
2755.67 0.003596
2758.34 0.032507
2761.01 0.046890
2763.68 -0.028214
2766.35 -0.041369
2769.02 -0.012501
2771.69 0.026201
2774.36 0.001194
2777.03 0.031216
2779.70 0.008005
2782.37 0.010757
2785.04 0.001096
2787.71 0.104940
2790.38 -0.037393
2793.05 0.020514
2795.72 -0.004579
2798.39 -0.036906
2801.06 -0.004978
2803.73 0.055108
2806.40 -0.001606
2809.07 0.059843
2811.74 0.024454
2814.41 0.000615
2817.08 0.022828
2819.75 0.010632
2822.42 -0.016729
2825.09 0.000887
2827.76 -0.022826
2830.43 0.045499
2833.10 0.040078
2835.77 0.003322
2838.44 -0.006759
2841.11 0.056066
2843.78 -0.045358
2846.45 -0.057158
2849.12 0.031688
2851.79 -0.019963
2854.46 -0.053282
2857.13 -0.077391
2859.80 0.037592
2862.47 -0.012448
2865.14 -0.028034
2867.81 -0.076757
2870.48 -0.091271
2873.15 -0.059327
2875.82 0.007429
2878.49 -0.022588
2881.16 -0.073997
2883.83 0.053026
2886.50 -0.021048
2889.17 0.033837
2891.84 0.014101
2894.51 0.052897
2897.18 0.035019
2899.85 -0.042267
2902.52 -0.000980
2905.19 -0.048798
2907.86 -0.007923
2910.53 0.088353
2913.20 -0.013960
2915.87 -0.049142
2918.54 0.022227
2921.21 0.040614
2923.88 -0.018776
2926.55 0.036847
2929.22 -0.018037
2931.89 -0.023618
2934.56 0.008391
2937.23 -0.031448
2939.90 0.041059
2942.57 -0.023237
2945.24 0.035388
2947.91 0.035271
2950.58 -0.037261
2953.25 0.019918
2955.92 -0.075787
2958.59 0.058212
2961.26 -0.009041
2963.93 -0.027845
2966.60 0.018296
2969.27 0.008032
2971.94 0.047939
2974.61 0.004206
2977.28 0.001738
2979.95 0.038058
2982.62 -0.009457
2985.29 0.039113
2987.96 0.063100
2990.63 -0.000270
2993.30 0.011149
2995.97 -0.007718
2998.64 0.005533
3001.31 -0.003642
3003.98 -0.038244
3006.65 -0.043005
3009.32 -0.009375
3011.99 0.026550
3014.66 -0.000628
3017.33 -0.015144
3020.00 0.005656
3022.67 -0.000800
3025.34 0.026122
3028.01 -0.061466
3030.68 -0.051360
3033.35 0.025195
3036.02 0.015242
3038.69 -0.013036
3041.36 0.001617
3044.03 -0.009511
3046.70 -0.030372
3049.37 -0.051044
3052.04 0.019282
3054.71 0.006032
3057.38 -0.017431
3060.05 -0.090756
3062.72 0.003785
3065.39 -0.039385
3068.06 -0.031176
3070.73 0.030925
3073.40 0.008043
3076.07 -0.017618
3078.74 -0.008776
3081.41 -0.010857
3084.08 -0.031762
3086.75 0.016820
3089.42 -0.038026
3092.09 -0.033731
3094.76 -0.047225
3097.43 -0.057485
3100.10 -0.022752
3102.77 -0.036250
3105.44 -0.008999
3108.11 -0.054768
3110.78 -0.048508
3113.45 -0.034177
3116.12 0.046253
3118.79 -0.008121
3121.46 -0.038087
3124.13 0.012355
3126.80 -0.012109
3129.47 0.004944
3132.14 0.017776
3134.81 0.011522
3137.48 0.030024
3140.15 0.033811
3142.82 0.054096
3145.49 0.018618
3148.16 -0.033575
3150.83 -0.004087
3153.50 -0.037814
3156.17 -0.010747
3158.84 -0.000646
3161.51 -0.007622
3164.18 -0.002898
3166.85 -0.004270
3169.52 0.008295
3172.19 0.020345
3174.86 0.039998
3177.53 -0.007703
3180.20 0.041473
3182.87 0.068479
3185.54 -0.000472
3188.21 -0.038890
3190.88 0.018395
3193.55 0.065222
3196.22 0.009691
3198.89 0.029957
3201.56 0.010142
3204.23 0.028987
3206.90 0.000844
3209.57 0.065782
3212.24 0.021502
3214.91 -0.013391
3217.58 0.008464
3220.25 0.017293
3222.92 0.000197
3225.59 0.051708
3228.26 0.008754
3230.93 0.004160
3233.60 -0.024246
3236.27 0.001289
3238.94 -0.042035
3241.61 -0.019779
3244.28 -0.027355
3246.95 -0.002310
3249.62 -0.004923
3252.29 -0.008318
3254.96 -0.014105
3257.63 0.018034
3260.30 0.010863
3262.97 -0.005592
3265.64 0.027067
3268.31 -0.002013
3270.98 -0.042310
3273.65 0.018153
3276.32 0.002623
3278.99 -0.007168
3281.66 -0.027146
3284.33 -0.009782
3287.00 0.031309
3289.67 -0.031040
3292.34 -0.035228
3295.01 -0.031571
3297.68 -0.004219
3300.35 0.023067
3303.02 0.030911
3305.69 -0.012760
3308.36 -0.020459
3311.03 0.035082
3313.70 0.027301
3316.37 -0.013802
3319.04 0.014856
3321.71 -0.018679
3324.38 0.038407
3327.05 0.015663
3329.72 -0.009191
3332.39 -0.007030
3335.06 -0.021758
3337.73 0.016099
3340.40 0.019243
3343.07 0.040763
3345.74 0.003478
3348.41 -0.054906
3351.08 0.002458
3353.75 -0.026243
3356.42 0.015256
3359.09 -0.037135
3361.76 -0.049526
3364.43 -0.048631
3367.10 0.044687
3369.77 -0.022824
3372.44 0.004222
3375.11 -0.024999
3377.78 -0.054509
3380.45 0.007845
3383.12 -0.021017
3385.79 -0.011555
3388.46 0.005879
3391.13 -0.006167
3393.80 -0.011302
3396.47 0.002844
3399.14 -0.012683
3401.81 0.012353
3404.48 -0.073650
3407.15 0.005641
3409.82 0.001459
3412.49 0.004950
3415.16 0.017689
3417.83 0.008202
3420.50 0.065986
3423.17 0.033872
3425.84 0.024005
3428.51 0.012422
3431.18 0.029409
3433.85 -0.014301
3436.52 0.007527
3439.19 -0.039205
3441.86 0.004362
3444.53 0.006946
3447.20 -0.036757
3449.87 -0.060670
3452.54 0.012614
3455.21 0.001854
3457.88 -0.008392
3460.55 -0.035769
3463.22 0.021073
3465.89 0.002571
3468.56 0.014191
3471.23 0.045177
3473.90 -0.007782
3476.57 -0.025540
3479.24 0.008485
3481.91 -0.007282
3484.58 -0.000620
3487.25 0.008495
3489.92 -0.009028
3492.59 -0.020036
3495.26 -0.003841
3497.93 -0.013355
3500.60 0.022476
3503.27 0.030009
3505.94 -0.002630
3508.61 -0.017016
3511.28 0.017931
3513.95 0.002876
3516.62 -0.013812
3519.29 -0.018673
3521.96 0.020078
3524.63 -0.007351
3527.30 -0.002614
3529.97 0.003830
3532.64 -0.015830
3535.31 -0.016408
3537.98 -0.001156
3540.65 0.027179
3543.32 -0.001073
3545.99 0.040061
3548.66 -0.008058
3551.33 -0.002100
3554.00 0.030392
3556.67 0.007394
3559.34 0.002179
3562.01 -0.034675
3564.68 0.012340
3567.35 0.011916
3570.02 -0.030766
3572.69 0.007569
3575.36 0.008838
3578.03 -0.001147
3580.70 0.008427
3583.37 0.064207
3586.04 -0.022329
3588.71 -0.030080
3591.38 0.015717
3594.05 0.014328
3596.72 0.050846
3599.39 -0.001495
3602.06 -0.011747
3604.73 -0.025640
3607.40 -0.041251
3610.07 0.004108
3612.74 -0.005788
3615.41 0.043328
3618.08 0.033131
3620.75 -0.006734
3623.42 0.030686
3626.09 0.010463
3628.76 0.007744
3631.43 0.005006
3634.10 -0.009435
3636.77 -0.013441
3639.44 -0.006101
3642.11 0.023570
3644.78 -0.014703
3647.45 -0.061130
3650.12 0.002072
3652.79 -0.009240
3655.46 -0.002002
3658.13 -0.003379
3660.80 0.010220
3663.47 0.047962
3666.14 0.040960
3668.81 0.005969
3671.48 -0.023135
3674.15 -0.033679
3676.82 0.025319
3679.49 0.008062
3682.16 0.000355
3684.83 -0.017984
3687.50 -0.008043
3690.17 0.013037
3692.84 -0.035644
3695.51 -0.009299
3698.18 0.001524
3700.85 0.011564
3703.52 -0.006717
3706.19 -0.015930
3708.86 -0.021358
3711.53 0.011776
3714.20 -0.001369
3716.87 -0.003538
3719.54 0.000588
3722.21 -0.001380
3724.88 0.031346
3727.55 0.022903
3730.22 0.016568
3732.89 0.007502
3735.56 -0.008289
3738.23 0.036849
3740.90 -0.021268
3743.57 0.003398
3746.24 0.011000
3748.91 0.000499
3751.58 0.022354
3754.25 0.046374
3756.92 0.014123
3759.59 -0.002077
3762.26 0.009107
3764.93 -0.009237
3767.60 -0.057364
3770.27 -0.016737
3772.94 0.005876
3775.61 -0.017429
3778.28 -0.015187
3780.95 -0.043335
3783.62 0.019362
3786.29 -0.007145
3788.96 0.009980
3791.63 -0.014284
3794.30 -0.061092
3796.97 0.038486
3799.64 -0.007203
3802.31 0.000700
3804.98 0.025666
3807.65 0.015672
3810.32 -0.002940
3812.99 0.004791
3815.66 -0.000545
3818.33 0.012476
3821.00 0.019838
3823.67 -0.028874
3826.34 0.023679
3829.01 -0.030520
3831.68 -0.004846
3834.35 0.023845
3837.02 -0.020671
3839.69 0.022416
3842.36 -0.003399
3845.03 0.010257
3847.70 -0.019134
3850.37 -0.016956
3853.04 -0.012953
3855.71 -0.007025
3858.38 0.010444
3861.05 -0.011372
3863.72 0.038124
3866.39 0.052131
3869.06 -0.002330
3871.73 0.010495
3874.40 -0.019580
3877.07 -0.026809
3879.74 0.030850
3882.41 -0.009465
3885.08 0.016331
3887.75 0.016882
3890.42 0.026021
3893.09 -0.001464
3895.76 0.027462
3898.43 -0.010957
3901.10 -0.030135
3903.77 0.005221
3906.44 -0.024361
3909.11 0.005793
3911.78 -0.016608
3914.45 0.001271
3917.12 0.001971
3919.79 -0.005222
3922.46 -0.003559
3925.13 -0.021403
3927.80 -0.042030
3930.47 -0.052660
3933.14 -0.032687
3935.81 -0.036756
3938.48 -0.009266
3941.15 0.013125
3943.82 -0.024060
3946.49 -0.003459
3949.16 -0.017871
3951.83 -0.007845
3954.50 -0.005685
3957.17 0.036408
3959.84 0.019260
3962.51 -0.016945
3965.18 0.002508
3967.85 0.013587
3970.52 -0.024295
3973.19 -0.006350
3975.86 -0.023497
3978.53 0.009210
3981.20 0.004800
3983.87 0.020683
3986.54 0.010358
3989.21 -0.017160
3991.88 -0.007252
3994.55 -0.009965
3997.22 -0.036854
3999.89 -0.023022
4002.56 -0.005253
4005.23 -0.004396
4007.90 -0.019191
4010.57 0.006355
4013.24 -0.014323
4015.91 0.029879
4018.58 0.025761
4021.25 -0.008297
4023.92 0.041524
4026.59 0.037183
4029.26 0.029854
4031.93 0.005101
4034.60 -0.002807
4037.27 -0.003879
4039.94 0.008624
4042.61 -0.013518
4045.28 0.017242
4047.95 0.006445
4050.62 0.046339
4053.29 0.015641
4055.96 -0.024716
4058.63 -0.009854
4061.30 0.001808
4063.97 -0.006546
4066.64 -0.017106
4069.31 -0.006251
4071.98 0.010242
4074.65 0.008957
4077.32 -0.002562
4079.99 0.010078
4082.66 0.007112
4085.33 0.014844
4088.00 -0.013246
4090.67 -0.007849
4093.34 0.003618
4096.01 0.038723
4098.68 0.019207
4101.35 0.060214
4104.02 0.029157
4106.69 0.011215
4109.36 0.001679
4112.03 -0.011396
4114.70 0.017254
4117.37 0.028780
4120.04 0.003002
4122.71 0.003711
4125.38 0.040583
4128.05 -0.037874
4130.72 -0.021651
4133.39 -0.011200
4136.06 0.005319
4138.73 -0.054031
4141.40 -0.000656
4144.07 -0.007606
4146.74 0.019439
4149.41 0.003182
4152.08 0.026548
4154.75 0.011681
4157.42 0.007043
4160.09 0.016025
4162.76 -0.020173
4165.43 0.004873
4168.10 0.016467
4170.77 0.031043
4173.44 0.041309
4176.11 0.020255
4178.78 0.030921
4181.45 0.020073
4184.12 0.008372
4186.79 0.005236
4189.46 0.015741
4192.13 0.040829
4194.80 0.013562
4197.47 0.000846
4200.14 0.024347
4202.81 0.010151
4205.48 -0.008783
4208.15 0.018036
4210.82 -0.012977
4213.49 -0.007047
4216.16 -0.003819
4218.83 0.016701
4221.50 0.014874
4224.17 -0.011808
4226.84 0.002249
4229.51 0.031945
4232.18 -0.000122
4234.85 0.027262
4237.52 0.003617
4240.19 0.020207
4242.86 0.026434
4245.53 -0.002768
4248.20 0.010948
4250.87 0.001390
4253.54 -0.004347
4256.21 0.009464
4258.88 0.023964
4261.55 0.024983
4264.22 0.007839
4266.89 0.002750
4269.56 0.002722
4272.23 -0.005305
4274.90 -0.010686
4277.57 -0.002664
4280.24 0.010971
4282.91 0.040255
4285.58 0.039891
4288.25 0.010853
4290.92 0.001036
4293.59 0.011249
4296.26 0.016984
4298.93 0.001105
4301.60 0.013602
4304.27 -0.017357
4306.94 0.006940
4309.61 -0.018779
4312.28 -0.023173
4314.95 0.051307
4317.62 0.009216
4320.29 -0.017398
4322.96 0.006674
4325.63 -0.024745
4328.30 0.008722
4330.97 0.020243
4333.64 0.046627
4336.31 0.030705
4338.98 0.014254
4341.65 -0.017983
4344.32 -0.022340
4346.99 -0.015161
4349.66 -0.000571
4352.33 0.029516
4355.00 -0.004888
4357.67 0.003560
4360.34 -0.005730
4363.01 0.003079
4365.68 0.016990
4368.35 -0.020513
4371.02 0.007150
4373.69 -0.019174
4376.36 0.001053
4379.03 -0.009947
4381.70 0.029642
4384.37 0.016667
4387.04 0.007559
4389.71 -0.001638
4392.38 0.015819
4395.05 -0.013290
4397.72 -0.006393
4400.39 0.002744
4403.06 -0.017336
4405.73 -0.000625
4408.40 0.017890
4411.07 -0.017316
4413.74 0.012028
4416.41 0.010743
4419.08 0.011704
4421.75 0.011891
4424.42 -0.016251
4427.09 0.010076
4429.76 0.022681
4432.43 -0.004326
4435.10 -0.002318
4437.77 0.013245
4440.44 0.014193
4443.11 0.006030
4445.78 0.020492
4448.45 0.012914
4451.12 0.017624
4453.79 -0.006601
4456.46 -0.004105
4459.13 0.025014
4461.80 -0.013703
4464.47 0.024688
4467.14 0.021662
4469.81 0.020478
4472.48 0.007274
4475.15 0.018077
4477.82 0.012178
4480.49 0.012898
4483.16 0.006244
4485.83 0.011747
4488.50 0.009491
4491.17 0.029439
4493.84 0.005728
4496.51 -0.003725
4499.18 -0.002324
4501.85 0.035474
4504.52 -0.010814
4507.19 0.038685
4509.86 -0.017944
4512.53 0.017261
4515.20 0.002700
4517.87 0.001624
4520.54 0.014885
4523.21 -0.015460
4525.88 -0.006337
4528.55 0.010424
4531.22 0.004233
4533.89 -0.020376
4536.56 -0.016642
4539.23 -0.012437
4541.90 0.012960
4544.57 0.013272
4547.24 -0.024862
4549.91 -0.001340
4552.58 0.000225
4555.25 0.009805
4557.92 -0.005936
4560.59 -0.052930
4563.26 0.002340
4565.93 -0.015809
4568.60 -0.017941
4571.27 0.011991
4573.94 -0.008805
4576.61 0.009659
4579.28 -0.016638
4581.95 -0.007298
4584.62 -0.018508
4587.29 0.002537
4589.96 -0.020551
4592.63 -0.018445
4595.30 -0.009108
4597.97 -0.020920
4600.64 0.006292
4603.31 0.003804
4605.98 -0.019418
4608.65 0.000628
4611.32 0.003026
4613.99 -0.007414
4616.66 0.000255
4619.33 0.002242
4622.00 0.008207
4624.67 -0.003615
4627.34 -0.002394
4630.01 0.017396
4632.68 -0.005883
4635.35 -0.005326
4638.02 -0.009556
4640.69 -0.006691
4643.36 -0.017731
4646.03 -0.006532
4648.70 0.006875
4651.37 -0.002623
4654.04 0.005508
4656.71 -0.011366
4659.38 -0.016167
4662.05 0.000614
4664.72 0.002377
4667.39 -0.011358
4670.06 -0.011032
4672.73 -0.000966
4675.40 -0.006917
4678.07 0.009699
4680.74 0.012058
4683.41 -0.020242
4686.08 -0.011877
4688.75 -0.015980
4691.42 0.002795
4694.09 -0.000309
4696.76 -0.018262
4699.43 -0.011411
4702.10 0.021182
4704.77 0.021445
4707.44 0.002036
4710.11 -0.004720
4712.78 -0.022338
4715.45 -0.001594
4718.12 0.003202
4720.79 0.013450
4723.46 0.002257
4726.13 0.010082
4728.80 0.003143
4731.47 0.021048
4734.14 0.008267
4736.81 0.009780
4739.48 0.013342
4742.15 -0.018586
4744.82 -0.011263
4747.49 -0.015491
4750.16 -0.002274
4752.83 -0.011518
4755.50 -0.009793
4758.17 -0.011373
4760.84 -0.021325
4763.51 0.003778
4766.18 0.016926
4768.85 -0.004163
4771.52 0.008422
4774.19 -0.016507
4776.86 0.015208
4779.53 0.004210
4782.20 0.003565
4784.87 -0.008231
4787.54 0.017070
4790.21 0.029769
4792.88 0.010848
4795.55 0.030348
4798.22 0.044610
4800.89 0.016200
4803.56 0.027070
4806.23 0.043099
4808.90 0.017557
4811.57 0.027119
4814.24 0.025409
4816.91 -0.003397
4819.58 0.035773
4822.25 0.004942
4824.92 0.012430
4827.59 0.065337
4830.26 0.015283
4832.93 0.002556
4835.60 -0.012202
4838.27 -0.007245
4840.94 -0.036591
4843.61 -0.047194
4846.28 -0.030715
4848.95 -0.035713
4851.62 -0.004827
4854.29 -0.001230
4856.96 0.025394
4859.63 0.040343
4862.30 -0.000347
4864.97 0.010221
4867.64 -0.048629
4870.31 -0.024358
4872.98 0.032328
4875.65 -0.007251
4878.32 -0.009363
4880.99 0.032118
4883.66 0.028766
4886.33 0.033523
4889.00 -0.014567
4891.67 -0.015095
4894.34 -0.016148
4897.01 -0.010874
4899.68 0.044877
4902.35 0.027156
4905.02 -0.013356
4907.69 -0.000513
4910.36 -0.007510
4913.03 0.011665
4915.70 -0.010107
4918.37 -0.005877
4921.04 -0.003115
4923.71 -0.006919
4926.38 -0.008323
4929.05 -0.000703
4931.72 -0.021262
4934.39 0.001723
4937.06 -0.018331
4939.73 -0.017793
4942.40 -0.035826
4945.07 -0.013503
4947.74 -0.013474
4950.41 -0.030687
4953.08 -0.028914
4955.75 0.003217
4958.42 -0.057814
4961.09 -0.008468
4963.76 0.009701
4966.43 -0.000362
4969.10 -0.032073
4971.77 -0.034568
4974.44 -0.035275
4977.11 -0.006545
4979.78 -0.054590
4982.45 -0.046756
4985.12 -0.025856
4987.79 -0.044492
4990.46 -0.009209
4993.13 -0.008887
4995.80 -0.006816
4998.47 -0.045279
5001.14 -0.005170
5003.81 0.015859
5006.48 -0.009462
5009.15 0.000721
5011.82 0.016862
5014.49 -0.012974
5017.16 -0.036220
5019.83 -0.015221
5022.50 -0.001276
5025.17 -0.021410
5027.84 -0.023950
5030.51 -0.009154
5033.18 -0.010509
5035.85 -0.011313
5038.52 0.008017
5041.19 -0.013416
5043.86 -0.018732
5046.53 0.000288
5049.20 -0.019237
5051.87 0.021254
5054.54 0.032182
5057.21 0.029284
5059.88 -0.000661
5062.55 -0.013585
5065.22 0.002437
5067.89 0.005057
5070.56 -0.017732
5073.23 -0.000948
5075.90 -0.010056
5078.57 -0.001044
5081.24 -0.002356
5083.91 0.010271
5086.58 0.004507
5089.25 0.008633
5091.92 -0.012903
5094.59 -0.014886
5097.26 -0.014008
5099.93 -0.031238
5102.60 0.012469
5105.27 -0.024189
5107.94 -0.002834
5110.61 0.006596
5113.28 -0.015226
5115.95 0.004672
5118.62 0.018783
5121.29 0.016081
5123.96 -0.002194
5126.63 0.019909
5129.30 0.006861
5131.97 0.002780
5134.64 -0.022153
5137.31 0.007972
5139.98 -0.013234
5142.65 0.017847
5145.32 -0.017496
5147.99 -0.012444
5150.66 -0.017866
5153.33 -0.015555
5156.00 0.026064
5158.67 -0.020906
5161.34 -0.000896
5164.01 0.008641
5166.68 0.012768
5169.35 0.033156
5172.02 -0.055941
5174.69 0.037098
5177.36 0.001441
5180.03 0.010316
5182.70 -0.014673
5185.37 -0.029775
5188.04 -0.033946
5190.71 0.000530
5193.38 -0.024012
5196.05 0.002543
5198.72 -0.024693
5201.39 -0.010143
5204.06 -0.002844
5206.73 0.004935
5209.40 -0.017705
5212.07 -0.008890
5214.74 0.014529
5217.41 -0.005015
5220.08 0.044940
5222.75 0.001674
5225.42 0.020515
5228.09 -0.023732
5230.76 0.007656
5233.43 0.001957
5236.10 0.028909
5238.77 0.011210
5241.44 -0.027423
5244.11 0.001321
5246.78 -0.011030
5249.45 -0.001054
5252.12 0.011885
5254.79 0.012189
5257.46 0.009753
5260.13 0.013040
5262.80 -0.019967
5265.47 0.017250
5268.14 0.014932
5270.81 -0.003978
5273.48 -0.003179
5276.15 0.020340
5278.82 0.034389
5281.49 0.015572
5284.16 -0.015669
5286.83 -0.013878
5289.50 -0.005974
5292.17 -0.002204
5294.84 -0.003859
5297.51 0.010253
5300.18 0.013699
5302.85 0.008350
5305.52 0.022190
5308.19 0.036031
5310.86 0.016491
5313.53 -0.012720
5316.20 0.009598
5318.87 0.018390
5321.54 -0.006954
5324.21 -0.008480
5326.88 0.004138
5329.55 -0.000844
5332.22 -0.007177
5334.89 0.009355
5337.56 -0.007374
5340.23 0.002084
5342.90 0.001410
5345.57 0.004320
5348.24 -0.026654
5350.91 -0.017372
5353.58 0.011528
5356.25 -0.033908
5358.92 -0.009178
5361.59 0.005827
5364.26 -0.008205
5366.93 -0.021521
5369.60 0.009262
5372.27 0.001307
5374.94 0.004328
5377.61 -0.028672
5380.28 -0.002385
5382.95 0.004862
5385.62 -0.029486
5388.29 0.016093
5390.96 -0.004918
5393.63 -0.005225
5396.30 0.008502
5398.97 0.021731
5401.64 0.001621
5404.31 0.010851
5406.98 -0.033355
5409.65 0.001357
5412.32 0.012232
5414.99 -0.016090
5417.66 -0.008061
5420.33 -0.036641
5423.00 -0.001735
5425.67 -0.009286
5428.34 -0.005283
5431.01 0.022422
5433.68 -0.003228
5436.35 -0.042392
5439.02 -0.002414
5441.69 0.001305
5444.36 -0.017335
5447.03 -0.021056
5449.70 0.026585
5452.37 -0.023546
5455.04 -0.038428
5457.71 0.001600
5460.38 -0.009652
5463.05 -0.036669
5465.72 0.007040
5468.39 -0.016579
5471.06 0.001123
5473.73 -0.006663
5476.40 -0.029658
5479.07 0.004491
5481.74 -0.006883
5484.41 -0.008811
5487.08 0.001769
5489.75 0.004165
5492.42 0.025669
5495.09 0.005616
5497.76 0.013761
5500.43 0.018099
5503.10 -0.006335
5505.77 -0.028780
5508.44 -0.021029
5511.11 -0.016462
5513.78 -0.011352
5516.45 -0.026626
5519.12 -0.003994
5521.79 -0.023842
5524.46 0.006626
5527.13 0.048614
5529.80 0.015106
5532.47 0.041050
5535.14 -0.018664
5537.81 0.001742
5540.48 0.004665
5543.15 0.028188
5545.82 0.001428
5548.49 -0.020214
5551.16 0.009317
5553.83 -0.010258
5556.50 -0.007116
5559.17 0.008621
5561.84 -0.008594
5564.51 -0.005083
5567.18 -0.009227
5569.85 -0.010976
5572.52 -0.006933
5575.19 -0.019368
5577.86 0.023618
5580.53 0.013144
5583.20 -0.015922
5585.87 0.003369
5588.54 -0.016473
5591.21 0.018663
5593.88 -0.001909
5596.55 0.019920
5599.22 -0.003558
5601.89 -0.000910
5604.56 -0.002235
5607.23 0.008855
5609.90 -0.034512
5612.57 0.011969
5615.24 0.012020
5617.91 0.010787
5620.58 0.016806
5623.25 0.032026
5625.92 -0.027655
5628.59 -0.004280
5631.26 -0.009253
5633.93 0.022358
5636.60 -0.019354
5639.27 0.014746
5641.94 -0.021056
5644.61 0.011458
5647.28 0.001683
5649.95 -0.010153
5652.62 -0.016212
5655.29 0.011650
5657.96 -0.014242
5660.63 0.003700
5663.30 -0.013212
5665.97 -0.000716
5668.64 -0.009385
5671.31 -0.031446
5673.98 -0.036342
5676.65 -0.013501
5679.32 -0.008495
5681.99 -0.006807
5684.66 -0.006056
5687.33 -0.009066
5690.00 -0.003943
5692.67 0.038583
5695.34 0.014593
5698.01 0.012498
5700.68 0.013330
5703.35 0.025793
5706.02 -0.001548
5708.69 -0.001635
5711.36 -0.005489
5714.03 0.016961
5716.70 0.027039
5719.37 0.018624
5722.04 0.051770
5724.71 0.028134
5727.38 0.016981
5730.05 0.009046
5732.72 0.001556
5735.39 0.012966
5738.06 0.007848
5740.73 0.068566
5743.40 0.018587
5746.07 0.000709
5748.74 -0.017680
5751.41 -0.020534
5754.08 0.001658
5756.75 -0.000390
5759.42 -0.059774
5762.09 0.034374
5764.76 -0.002053
5767.43 0.036450
5770.10 -0.030841
5772.77 0.025938
5775.44 0.024639
5778.11 0.026585
5780.78 0.044642
5783.45 0.001046
5786.12 0.006379
5788.79 -0.002303
5791.46 -0.020178
5794.13 -0.024262
5796.80 0.018637
5799.47 0.021239
5802.14 -0.003926
5804.81 -0.030746
5807.48 -0.034450
5810.15 0.051757
5812.82 -0.023214
5815.49 -0.002635
5818.16 -0.006472
5820.83 0.016567
5823.50 0.023558
5826.17 -0.002252
5828.84 0.014030
5831.51 -0.003687
5834.18 0.031673
5836.85 -0.016331
5839.52 0.037202
5842.19 0.035772
5844.86 -0.022508
5847.53 0.015905
5850.20 0.011709
5852.87 -0.023249
5855.54 -0.007721
5858.21 0.033378
5860.88 -0.014166
5863.55 -0.029509
5866.22 -0.048707
5868.89 -0.063800
5871.56 0.007895
5874.23 -0.035788
5876.90 -0.048120
5879.57 -0.018183
5882.24 0.034359
5884.91 -0.047962
5887.58 -0.003395
5890.25 -0.008755
5892.92 -0.000844
5895.59 -0.063735
5898.26 -0.022232
5900.93 -0.065462
5903.60 -0.060872
5906.27 -0.053679
5908.94 -0.034900
5911.61 -0.074538
5914.28 -0.026261
5916.95 0.015343
5919.62 0.003570
5922.29 -0.006956
5924.96 -0.018704
5927.63 0.013682
5930.30 0.016955
5932.97 0.042066
5935.64 0.011527
5938.31 0.016588
5940.98 0.018678
5943.65 0.020005
5946.32 0.014280
5948.99 -0.011792
5951.66 0.017758
5954.33 0.018318
5957.00 0.000141
5959.67 0.025871
5962.34 -0.028724
5965.01 0.031708
5967.68 0.008228
5970.35 0.039374
5973.02 0.054569
5975.69 -0.001990
5978.36 0.000429
5981.03 -0.030996
5983.70 0.046996
5986.37 0.016965
5989.04 0.039334
5991.71 -0.055298
5994.38 0.008440
5997.05 0.029022
5999.72 -0.022531
6002.39 0.000956
6005.06 -0.019321
6007.73 0.063152
6010.40 -0.023321
6013.07 -0.016936
6015.74 0.025082
6018.41 0.015680
6021.08 -0.009657
6023.75 -0.038158
6026.42 -0.003107
6029.09 -0.021856
6031.76 0.008372
6034.43 0.035227
6037.10 0.016889
6039.77 0.036940
6042.44 -0.026205
6045.11 0.010721
6047.78 -0.016682
6050.45 0.083733
6053.12 0.024613
6055.79 0.037849
6058.46 0.011442
6061.13 0.037766
6063.80 0.040774
6066.47 0.006773
6069.14 0.048829
6071.81 0.015304
6074.48 0.054323
6077.15 0.046726
6079.82 0.060752
6082.49 0.037422
6085.16 0.052762
6087.83 0.041782
6090.50 0.028442
6093.17 0.025528
6095.84 0.020493
6098.51 -0.039136
6101.18 -0.050482
6103.85 -0.054337
6106.52 0.051242
6109.19 0.022347
6111.86 -0.006691
6114.53 -0.047683
6117.20 -0.023285
6119.87 0.008040
6122.54 -0.013086
6125.21 -0.037608
6127.88 0.043900
6130.55 0.029898
6133.22 0.045911
6135.89 -0.068382
6138.56 -0.037961
6141.23 0.015353
6143.90 0.002627
6146.57 0.011786
6149.24 -0.079313
6151.91 0.001608
6154.58 -0.019507
6157.25 -0.026518
6159.92 -0.011985
6162.59 0.019265
6165.26 -0.006450
6167.93 0.009751
6170.60 -0.031796
6173.27 0.034826
6175.94 0.013360
6178.61 -0.009447
6181.28 0.016229
6183.95 -0.020722
6186.62 0.006358
6189.29 -0.036163
6191.96 -0.031746
6194.63 -0.001010
6197.30 -0.003750
6199.97 0.007698
6202.64 0.038346
6205.31 0.013787
6207.98 0.002753
6210.65 -0.004094
6213.32 -0.021451
6215.99 -0.020035
6218.66 0.006148
6221.33 -0.004616
6224.00 -0.007902
6226.67 -0.015829
6229.34 0.026240
6232.01 -0.008926
6234.68 0.015112
6237.35 -0.042298
6240.02 -0.042879
6242.69 -0.023006
6245.36 -0.013181
6248.03 -0.001800
6250.70 -0.003301
6253.37 0.000511
6256.04 -0.002854
6258.71 0.015610
6261.38 0.006452
6264.05 0.013001
6266.72 0.017072
6269.39 0.003712
6272.06 0.036753
6274.73 0.026112
6277.40 0.011879
6280.07 0.024210
6282.74 0.008358
6285.41 0.012530
6288.08 0.027356
6290.75 0.007479
6293.42 0.011478
6296.09 -0.007250
6298.76 0.029085
6301.43 -0.000759
6304.10 0.018277
6306.77 0.038734
6309.44 0.013992
6312.11 0.022432
6314.78 -0.005075
6317.45 -0.003691
6320.12 0.010042
6322.79 0.007050
6325.46 0.012459
6328.13 0.002828
6330.80 0.006377
6333.47 0.004414
6336.14 0.000207
6338.81 0.014818
6341.48 -0.011277
6344.15 0.025305
6346.82 0.022459
6349.49 0.019347
6352.16 0.019370
6354.83 -0.007305
6357.50 0.005771
6360.17 0.003582
6362.84 -0.011608
6365.51 -0.012850
6368.18 -0.006657
6370.85 -0.004923
6373.52 -0.010022
6376.19 -0.004223
6378.86 0.005159
6381.53 0.010704
6384.20 0.013150
6386.87 0.000042
6389.54 -0.012703
6392.21 0.016382
6394.88 0.009763
6397.55 0.001374
6400.22 -0.007782
6402.89 -0.002440
6405.56 -0.000825
6408.23 0.005373
6410.90 0.002914
6413.57 -0.006990
6416.24 0.000785
6418.91 -0.004315
6421.58 -0.011363
6424.25 0.001592
6426.92 0.000674
6429.59 -0.000201
6432.26 0.001480
6434.93 0.003155
6437.60 -0.004604
6440.27 0.002446
6442.94 0.000177
6445.61 -0.002496
6448.28 0.001128
6450.95 -0.003066
6453.62 0.006597
6456.29 -0.010577
6458.96 -0.005500
6461.63 -0.003807
6464.30 -0.004619
6466.97 0.005653
6469.64 -0.008562
6472.31 -0.007262
6474.98 -0.004240
6477.65 -0.007392
6480.32 -0.003336
6482.99 -0.002979
6485.66 -0.003874
6488.33 -0.002261
6491.00 -0.016879
6493.67 -0.010136
6496.34 -0.007357
6499.01 0.000918
6501.68 0.005151
6504.35 -0.004556
6507.02 -0.005449
6509.69 -0.002959
6512.36 -0.002705
6515.03 0.007251
6517.70 -0.002195
6520.37 -0.006460
6523.04 -0.006161
6525.71 -0.018743
6528.38 -0.006959
6531.05 -0.017924
6533.72 -0.032906
6536.39 -0.020817
6539.06 -0.021527
6541.73 -0.016418
6544.40 -0.020092
6547.07 -0.019879
6549.74 -0.011969
6552.41 -0.006650
6555.08 0.002390
6557.75 0.001825
6560.42 0.000634
6563.09 0.001006
6565.76 0.001840
6568.43 0.001999
6571.10 0.001811
6573.77 0.001626
6576.44 0.001716
6579.11 0.001187
6581.78 0.001050
6584.45 0.000487
6587.12 0.000186
6589.79 0.000012
6592.46 0.000172
6595.13 0.000251
6597.80 -0.000080
6600.47 -0.000173
6603.14 0.000112
6605.81 -0.000282
6608.48 0.000119
6611.15 -0.000234
6613.82 0.000005
6616.49 0.000127
6619.16 -0.000548
6621.83 -0.000226
6624.50 -0.000395
6627.17 -0.000314
6629.84 -0.000639
6632.51 -0.000656
6635.18 -0.000492
6637.85 -0.000479
6640.52 -0.000556
6643.19 -0.000555
6645.86 -0.000894
6648.53 -0.000531
6651.20 -0.000483
6653.87 -0.000629
6656.54 -0.000373
6659.21 -0.000007
6661.88 -0.000142
6664.55 -0.000108
6667.22 -0.000308
6669.89 -0.000263
6672.56 -0.000026
6675.23 0.000090
6677.90 0.000210
6680.57 -0.000135
6683.24 -0.000065
6685.91 -0.000053
6688.58 0.000075
6691.25 0.000322
6693.92 -0.000017
6696.59 0.000045
6699.26 0.000144
6701.93 0.000005
6704.60 0.000144
6707.27 0.000183
6709.94 -0.000070
6712.61 -0.000066
6715.28 -0.000068
6717.95 -0.000070
6720.62 -0.000067
6723.29 -0.000066
6725.96 -0.000066
6728.63 -0.000065
6731.30 -0.000065
6733.97 -0.000065
6736.64 -0.000063
6739.31 -0.000061
6741.98 -0.000060
6744.65 -0.000060
6747.32 -0.000058
6749.99 -0.000057
6752.66 -0.000057
6755.33 -0.000057
6758.00 -0.000057
6760.67 -0.000056
6763.34 -0.000056
6766.01 -0.000055
6768.68 -0.000055
6771.35 -0.000055
6774.02 -0.000056
6776.69 -0.000055
6779.36 -0.000054
6782.03 -0.000055
6784.70 -0.000056
6787.37 -0.000056
6790.04 -0.000055
6792.71 -0.000055
6795.38 -0.000055
6798.05 -0.000054
6800.72 -0.000054
6803.39 -0.000054
6806.06 -0.000055
6808.73 -0.000054
6811.40 -0.000054
6814.07 -0.000054
6816.74 -0.000055
6819.41 -0.000056
6822.08 -0.000054
6824.75 -0.000054
6827.42 -0.000054
6830.09 -0.000055
6832.76 -0.000054
6835.43 -0.000054
6838.10 -0.000054
6840.77 -0.000054
6843.44 -0.000053
6846.11 -0.000053
6848.78 -0.000053
6851.45 -0.000053
6854.12 -0.000053
6856.79 -0.000053
6859.46 -0.000054
6862.13 -0.000052
6864.80 -0.000053
6867.47 -0.000054
6870.14 -0.000053
6872.81 -0.000054
6875.48 -0.000053
6878.15 -0.000053
6880.82 -0.000053
6883.49 -0.000053
6886.16 -0.000054
6888.83 -0.000051
6891.50 -0.000053
6894.17 -0.000053
6896.84 -0.000053
6899.51 -0.000053
6902.18 -0.000053
6904.85 -0.000052
6907.52 -0.000051
6910.19 -0.000054
6912.86 -0.000055
6915.53 -0.000056
6918.20 -0.000056
6920.87 -0.000054
6923.54 -0.000054
6926.21 -0.000053
6928.88 -0.000054
6931.55 -0.000054
6934.22 -0.000054
6936.89 -0.000054
6939.56 -0.000054
6942.23 -0.000053
6944.90 -0.000051
6947.57 -0.000052
6950.24 -0.000055
6952.91 -0.000056
6955.58 -0.000056
6958.25 -0.000055
6960.92 -0.000056
6963.59 -0.000056
6966.26 -0.000056
6968.93 -0.000057
6971.60 -0.000055
6974.27 -0.000057
6976.94 -0.000058
6979.61 -0.000059
6982.28 -0.000061
6984.95 -0.000060
6987.62 -0.000060
6990.29 -0.000059
6992.96 -0.000059
6995.63 -0.000060
6998.30 -0.000060
7000.97 -0.000059
7003.64 -0.000059
7006.31 -0.000060
7008.98 -0.000057
7011.65 -0.000059
7014.32 -0.000059
7016.99 -0.000057
7019.66 -0.000060
7022.33 -0.000059
7025.00 -0.000060
7027.67 -0.000061
7030.34 -0.000060
7033.01 -0.000060
7035.68 -0.000061
7038.35 -0.000061
7041.02 -0.000064
7043.69 -0.000062
7046.36 -0.000061
7049.03 -0.000063
7051.70 -0.000061
7054.37 -0.000059
7057.04 -0.000058
7059.71 -0.000057
7062.38 -0.000061
7065.05 -0.000063
7067.72 -0.000061
7070.39 -0.000060
7073.06 -0.000057
7075.73 -0.000059
7078.40 -0.000060
7081.07 -0.000061
7083.74 -0.000060
7086.41 -0.000057
7089.08 -0.000056
7091.75 -0.000059
7094.42 -0.000059
7097.09 -0.000058
7099.76 -0.000057
7102.43 -0.000058
7105.10 -0.000059
7107.77 -0.000061
7110.44 -0.000060
7113.11 -0.000061
7115.78 -0.000060
7118.45 -0.000062
7121.12 -0.000060
7123.79 -0.000061
7126.46 -0.000061
7129.13 -0.000061
7131.80 -0.000062
7134.47 -0.000061
7137.14 -0.000062
7139.81 -0.000061
7142.48 -0.000060
7145.15 -0.000060
7147.82 -0.000060
7150.49 -0.000060
7153.16 -0.000059
7155.83 -0.000059
7158.50 -0.000060
7161.17 -0.000059
7163.84 -0.000060
7166.51 -0.000058
7169.18 -0.000059
7171.85 -0.000059
7174.52 -0.000061
7177.19 -0.000060
7179.86 -0.000060
7182.53 -0.000061
7185.20 -0.000064
7187.87 -0.000062
7190.54 -0.000060
7193.21 -0.000059
7195.88 -0.000058
7198.55 -0.000061
7201.22 -0.000058
7203.89 -0.000058
7206.56 -0.000058
7209.23 -0.000058
7211.90 -0.000060
7214.57 -0.000060
7217.24 -0.000058
7219.91 -0.000059
7222.58 -0.000058
7225.25 -0.000060
7227.92 -0.000061
7230.59 -0.000059
7233.26 -0.000058
7235.93 -0.000059
7238.60 -0.000060
7241.27 -0.000059
7243.94 -0.000059
7246.61 -0.000058
7249.28 -0.000059
7251.95 -0.000059
7254.62 -0.000059
7257.29 -0.000059
7259.96 -0.000058
7262.63 -0.000057
7265.30 -0.000058
7267.97 -0.000058
7270.64 -0.000058
7273.31 -0.000060
7275.98 -0.000059
7278.65 -0.000057
7281.32 -0.000056
7283.99 -0.000057
7286.66 -0.000060
7289.33 -0.000060
7292.00 -0.000057
7294.67 -0.000058
7297.34 -0.000059
7300.01 -0.000059
7302.68 -0.000058
7305.35 -0.000058
7308.02 -0.000061
7310.69 -0.000059
7313.36 -0.000060
7316.03 -0.000059
7318.70 -0.000062
7321.37 -0.000062
7324.04 -0.000061
7326.71 -0.000061
7329.38 -0.000061
7332.05 -0.000060
7334.72 -0.000061
7337.39 -0.000060
7340.06 -0.000059
7342.73 -0.000059
7345.40 -0.000059
7348.07 -0.000059
7350.74 -0.000059
7353.41 -0.000058
7356.08 -0.000057
7358.75 -0.000061
7361.42 -0.000058
7364.09 -0.000059
7366.76 -0.000060
7369.43 -0.000060
7372.10 -0.000058
7374.77 -0.000060
7377.44 -0.000057
7380.11 -0.000060
7382.78 -0.000061
7385.45 -0.000057
7388.12 -0.000058
7390.79 -0.000058
7393.46 -0.000058
7396.13 -0.000057
7398.80 -0.000058
7401.47 -0.000055
7404.14 -0.000059
7406.81 -0.000058
7409.48 -0.000057
7412.15 -0.000059
7414.82 -0.000054
7417.49 -0.000056
7420.16 -0.000058
7422.83 -0.000060
7425.50 -0.000058
7428.17 -0.000058
7430.84 -0.000055
7433.51 -0.000056
7436.18 -0.000057
7438.85 -0.000056
7441.52 -0.000057
7444.19 -0.000058
7446.86 -0.000057
7449.53 -0.000056
7452.20 -0.000058
7454.87 -0.000058
7457.54 -0.000060
7460.21 -0.000061
7462.88 -0.000059
7465.55 -0.000060
7468.22 -0.000060
7470.89 -0.000060
7473.56 -0.000061
7476.23 -0.000061
7478.90 -0.000060
7481.57 -0.000060
7484.24 -0.000060
7486.91 -0.000060
7489.58 -0.000061
7492.25 -0.000060
7494.92 -0.000060
7497.59 -0.000059
