2486.00 -0.034586
2488.67 -0.033872
2491.34 -0.036198
2494.01 -0.034179
2496.68 -0.049101
2499.35 -0.071556
2502.02 -0.049829
2504.69 -0.034864
2507.36 -0.024510
2510.03 0.020063
2512.70 0.038260
2515.37 0.031391
2518.04 0.070418
2520.71 0.014996
2523.38 0.067705
2526.05 0.008544
2528.72 -0.052495
2531.39 0.080452
2534.06 0.027664
2536.73 0.007012
2539.40 0.090719
2542.07 0.019411
2544.74 -0.000207
2547.41 -0.025139
2550.08 0.031594
2552.75 0.077498
2555.42 0.081437
2558.09 0.070168
2560.76 0.164299
2563.43 0.047861
2566.10 0.121759
2568.77 0.028414
2571.44 0.012654
2574.11 0.035308
2576.78 0.107917
2579.45 -0.006278
2582.12 0.077108
2584.79 0.006780
2587.46 -0.055423
2590.13 0.007055
2592.80 0.062173
2595.47 -0.038021
2598.14 -0.014573
2600.81 -0.092332
2603.48 -0.012697
2606.15 -0.013965
2608.82 -0.068087
2611.49 -0.008082
2614.16 -0.034891
2616.83 -0.087747
2619.50 -0.060816
2622.17 0.006525
2624.84 -0.054498
2627.51 0.003181
2630.18 -0.002262
2632.85 -0.098008
2635.52 -0.049700
2638.19 -0.017554
2640.86 -0.061163
2643.53 -0.116711
2646.20 -0.080454
2648.87 -0.062645
2651.54 -0.090257
2654.21 -0.116899
2656.88 -0.077200
2659.55 -0.073058
2662.22 0.009513
2664.89 -0.034140
2667.56 -0.001999
2670.23 -0.000977
2672.90 0.000333
2675.57 -0.028014
2678.24 -0.047144
2680.91 -0.009315
2683.58 -0.037331
2686.25 0.014080
2688.92 0.004875
2691.59 0.048426
2694.26 0.004338
2696.93 -0.022778
2699.60 -0.021823
2702.27 0.005568
2704.94 0.006554
2707.61 0.052852
2710.28 -0.026802
2712.95 0.046226
2715.62 -0.000553
2718.29 0.074539
2720.96 0.040145
2723.63 0.036299
2726.30 -0.010792
2728.97 0.050638
2731.64 0.083807
2734.31 0.126372
2736.98 0.081244
2739.65 0.112728
2742.32 0.158679
2744.99 0.083817
2747.66 0.065441
2750.33 -0.010975
2753.00 0.030645
2755.67 0.041763
2758.34 0.085039
2761.01 -0.023781
2763.68 -0.022002
2766.35 0.005689
2769.02 -0.063544
2771.69 -0.066143
2774.36 -0.103082
2777.03 -0.017061
2779.70 -0.089169
2782.37 -0.076860
2785.04 -0.084564
2787.71 0.031679
2790.38 0.029134
2793.05 0.045142
2795.72 -0.072857
2798.39 0.027580
2801.06 0.145477
2803.73 -0.034465
2806.40 -0.002378
2809.07 0.064657
2811.74 0.021143
2814.41 -0.081796
2817.08 -0.042022
2819.75 -0.035127
2822.42 -0.047053
2825.09 -0.038773
2827.76 0.010704
2830.43 -0.012816
2833.10 -0.045838
2835.77 -0.022079
2838.44 -0.027207
2841.11 0.020033
2843.78 -0.009887
2846.45 0.006084
2849.12 -0.012864
2851.79 -0.025676
2854.46 -0.049174
2857.13 0.025342
2859.80 -0.049332
2862.47 -0.081026
2865.14 -0.017379
2867.81 -0.007264
2870.48 -0.085251
2873.15 -0.011091
2875.82 0.003387
2878.49 -0.038207
2881.16 0.002118
2883.83 0.004825
2886.50 0.012895
2889.17 -0.005284
2891.84 -0.009986
2894.51 0.020341
2897.18 0.006234
2899.85 0.000749
2902.52 -0.034704
2905.19 -0.007803
2907.86 -0.020624
2910.53 -0.054452
2913.20 -0.011246
2915.87 -0.060049
2918.54 -0.071763
2921.21 -0.003726
2923.88 0.006661
2926.55 -0.025130
2929.22 0.006644
2931.89 0.029527
2934.56 0.010153
2937.23 -0.001029
2939.90 0.052452
2942.57 0.034480
2945.24 0.095048
2947.91 0.075664
2950.58 0.043952
2953.25 0.035862
2955.92 0.010897
2958.59 0.039589
2961.26 0.020611
2963.93 0.017112
2966.60 0.065156
2969.27 0.032826
2971.94 0.024447
2974.61 0.033334
2977.28 0.015594
2979.95 0.035956
2982.62 0.073191
2985.29 0.036673
2987.96 0.037013
2990.63 0.029301
2993.30 0.022969
2995.97 -0.020846
2998.64 -0.011650
3001.31 0.024727
3003.98 0.018426
3006.65 0.033860
3009.32 0.026738
3011.99 0.011109
3014.66 0.008499
3017.33 -0.044052
3020.00 -0.012637
3022.67 -0.035729
3025.34 0.001746
3028.01 -0.054002
3030.68 -0.010710
3033.35 -0.006074
3036.02 0.022634
3038.69 -0.011381
3041.36 -0.009095
3044.03 0.000325
3046.70 -0.028017
3049.37 -0.018883
3052.04 -0.069312
3054.71 -0.055746
3057.38 0.005663
3060.05 -0.045622
3062.72 -0.022989
3065.39 -0.026009
3068.06 -0.035100
3070.73 -0.011817
3073.40 -0.041690
3076.07 -0.025976
3078.74 -0.029154
3081.41 -0.025115
3084.08 0.016615
3086.75 -0.012849
3089.42 0.001236
3092.09 -0.009397
3094.76 -0.019756
3097.43 -0.016269
3100.10 -0.020263
3102.77 -0.010757
3105.44 -0.034447
3108.11 -0.041651
3110.78 0.008916
3113.45 -0.021047
3116.12 -0.025528
3118.79 0.004730
3121.46 -0.006070
3124.13 -0.000880
3126.80 -0.000386
3129.47 0.002719
3132.14 0.011660
3134.81 0.013795
3137.48 0.004248
3140.15 0.031949
3142.82 -0.019818
3145.49 -0.006858
3148.16 0.014608
3150.83 -0.003827
3153.50 0.039691
3156.17 -0.005718
3158.84 0.014155
3161.51 0.003475
3164.18 -0.007289
3166.85 0.010103
3169.52 0.001978
3172.19 0.019757
3174.86 -0.003793
3177.53 0.005341
3180.20 0.048878
3182.87 0.023111
3185.54 0.020195
3188.21 0.051091
3190.88 0.047426
3193.55 0.017947
3196.22 0.004319
3198.89 0.033640
3201.56 0.026737
3204.23 0.018106
3206.90 -0.001721
3209.57 0.037978
3212.24 0.021720
3214.91 0.029663
3217.58 -0.010429
3220.25 0.043888
3222.92 0.015567
3225.59 0.031590
3228.26 0.014869
3230.93 0.024694
3233.60 -0.007587
3236.27 0.031129
3238.94 0.004839
3241.61 0.020302
3244.28 0.018990
3246.95 0.004710
3249.62 0.003627
3252.29 -0.014366
3254.96 -0.009246
3257.63 0.009687
3260.30 -0.039968
3262.97 0.001832
3265.64 -0.001789
3268.31 -0.026099
3270.98 -0.010939
3273.65 0.019726
3276.32 -0.014330
3278.99 -0.001210
3281.66 0.031897
3284.33 -0.000761
3287.00 0.007200
3289.67 -0.012108
3292.34 -0.014324
3295.01 0.001561
3297.68 -0.002097
3300.35 -0.006400
3303.02 0.005639
3305.69 -0.011814
3308.36 -0.009373
3311.03 -0.030157
3313.70 -0.008989
3316.37 0.000520
3319.04 -0.013300
3321.71 -0.009292
3324.38 -0.026523
3327.05 -0.015110
3329.72 -0.009841
3332.39 -0.016730
3335.06 -0.012123
3337.73 -0.000983
3340.40 -0.029899
3343.07 0.011016
3345.74 -0.017200
3348.41 -0.026862
3351.08 -0.019339
3353.75 0.005048
3356.42 -0.018519
3359.09 -0.031724
3361.76 0.025282
3364.43 -0.020057
3367.10 -0.006148
3369.77 -0.013036
3372.44 -0.009144
3375.11 0.008848
3377.78 0.003729
3380.45 0.008336
3383.12 -0.017323
3385.79 -0.006217
3388.46 -0.006397
3391.13 -0.003957
3393.80 -0.029028
3396.47 -0.021590
3399.14 -0.017048
3401.81 -0.014266
3404.48 0.010443
3407.15 -0.009083
3409.82 -0.018235
3412.49 0.011158
3415.16 -0.001584
3417.83 -0.036631
3420.50 -0.020401
3423.17 -0.029634
3425.84 -0.062951
3428.51 -0.058602
3431.18 0.000238
3433.85 -0.001806
3436.52 -0.014663
3439.19 0.013798
3441.86 0.026406
3444.53 0.011682
3447.20 -0.001663
3449.87 -0.002418
3452.54 -0.020828
3455.21 -0.001197
3457.88 -0.020497
3460.55 0.033779
3463.22 -0.000315
3465.89 0.022528
3468.56 -0.010536
3471.23 0.007727
3473.90 0.014441
3476.57 0.010131
3479.24 0.004993
3481.91 0.001592
3484.58 -0.003002
3487.25 0.016683
3489.92 0.003662
3492.59 0.001770
3495.26 -0.008826
3497.93 0.045343
3500.60 0.028267
3503.27 0.008453
3505.94 0.020785
3508.61 -0.005940
3511.28 0.017521
3513.95 0.005807
3516.62 0.035545
3519.29 0.015783
3521.96 0.031773
3524.63 0.029923
3527.30 0.046061
3529.97 0.031055
3532.64 0.026452
3535.31 0.010108
3537.98 -0.020796
3540.65 0.020416
3543.32 0.026290
3545.99 -0.004898
3548.66 0.042249
3551.33 -0.010596
3554.00 -0.018467
3556.67 0.021159
3559.34 0.010941
3562.01 0.021219
3564.68 0.025631
3567.35 0.039431
3570.02 -0.010150
3572.69 0.014634
3575.36 0.032360
3578.03 0.027671
3580.70 0.014918
3583.37 -0.001944
3586.04 -0.000197
3588.71 0.030603
3591.38 0.003234
3594.05 0.005615
3596.72 0.032674
3599.39 0.011184
3602.06 0.001076
3604.73 0.008442
3607.40 0.005083
3610.07 0.011912
3612.74 0.029975
3615.41 0.027536
3618.08 0.036224
3620.75 -0.002445
3623.42 -0.005459
3626.09 0.010374
3628.76 0.007237
3631.43 0.007111
3634.10 0.001136
3636.77 -0.008532
3639.44 0.006524
3642.11 -0.013138
3644.78 0.009702
3647.45 -0.005625
3650.12 0.005348
3652.79 0.016560
3655.46 0.014434
3658.13 0.008046
3660.80 0.014929
3663.47 -0.004912
3666.14 -0.020653
3668.81 -0.008501
3671.48 -0.009046
3674.15 -0.007910
3676.82 0.008490
3679.49 0.015907
3682.16 -0.009103
3684.83 -0.015930
3687.50 0.004917
3690.17 -0.000815
3692.84 -0.012229
3695.51 -0.007419
3698.18 0.025404
3700.85 0.027089
3703.52 0.021403
3706.19 0.026948
3708.86 -0.008033
3711.53 -0.018463
3714.20 -0.000928
3716.87 0.004816
3719.54 0.005571
3722.21 -0.003484
3724.88 -0.007010
3727.55 -0.012219
3730.22 0.008836
3732.89 -0.015986
3735.56 0.003632
3738.23 0.016977
3740.90 0.027206
3743.57 0.025343
3746.24 0.018048
3748.91 0.008173
3751.58 0.008599
3754.25 0.018300
3756.92 0.002906
3759.59 -0.024917
3762.26 0.001629
3764.93 0.003806
3767.60 0.019636
3770.27 0.011361
3772.94 0.001094
3775.61 -0.001778
3778.28 0.020626
3780.95 0.018603
3783.62 0.006571
3786.29 0.004542
3788.96 0.008020
3791.63 0.021059
3794.30 0.027725
3796.97 0.024538
3799.64 -0.000642
3802.31 -0.007654
3804.98 0.009831
3807.65 0.007259
3810.32 0.008027
3812.99 0.002296
3815.66 -0.001915
3818.33 0.020094
3821.00 0.007156
3823.67 0.022295
3826.34 0.000226
3829.01 -0.007395
3831.68 0.010168
3834.35 -0.006262
3837.02 0.023893
3839.69 0.018423
3842.36 -0.016270
3845.03 0.003806
3847.70 -0.000608
3850.37 0.019078
3853.04 -0.016985
3855.71 0.005813
3858.38 -0.011350
3861.05 0.013990
3863.72 0.000275
3866.39 -0.003917
3869.06 -0.017964
3871.73 -0.045013
3874.40 0.003647
3877.07 -0.005705
3879.74 -0.014297
3882.41 -0.000652
3885.08 0.005240
3887.75 0.003295
3890.42 -0.022520
3893.09 -0.003648
3895.76 -0.026682
3898.43 -0.028962
3901.10 -0.009954
3903.77 -0.008654
3906.44 0.012889
3909.11 -0.035875
3911.78 -0.012608
3914.45 0.032257
3917.12 0.019682
3919.79 -0.002378
3922.46 -0.012072
3925.13 -0.007713
3927.80 -0.011390
3930.47 -0.010264
3933.14 -0.014233
3935.81 0.007165
3938.48 0.000008
3941.15 0.006383
3943.82 0.007103
3946.49 -0.006145
3949.16 -0.030729
3951.83 -0.018587
3954.50 -0.001092
3957.17 0.007062
3959.84 0.023348
3962.51 0.008263
3965.18 0.001494
3967.85 0.020673
3970.52 0.015205
3973.19 0.001655
3975.86 0.007063
3978.53 -0.024729
3981.20 0.007789
3983.87 0.000110
3986.54 -0.018829
3989.21 0.024730
3991.88 -0.002124
3994.55 0.010888
3997.22 -0.000969
3999.89 -0.011293
4002.56 0.001723
4005.23 0.004535
4007.90 0.011312
4010.57 -0.012759
4013.24 -0.008634
4015.91 -0.001321
4018.58 -0.019234
4021.25 -0.010657
4023.92 -0.011121
4026.59 -0.006133
4029.26 -0.006833
4031.93 -0.005642
4034.60 -0.001345
4037.27 -0.015816
4039.94 0.008763
4042.61 -0.000311
4045.28 -0.014156
4047.95 -0.003856
4050.62 -0.013834
4053.29 -0.015507
4055.96 -0.000535
4058.63 0.001378
4061.30 -0.009301
4063.97 -0.011919
4066.64 -0.009747
4069.31 -0.023323
4071.98 -0.012634
4074.65 -0.007660
4077.32 -0.014079
4079.99 -0.009880
4082.66 -0.004873
4085.33 -0.023264
4088.00 -0.012185
4090.67 -0.014593
4093.34 -0.020009
4096.01 -0.022966
4098.68 -0.012691
4101.35 -0.002383
4104.02 -0.014665
4106.69 -0.009817
4109.36 -0.014661
4112.03 -0.004430
4114.70 0.014335
4117.37 -0.005757
4120.04 0.021167
4122.71 0.005880
4125.38 0.013554
4128.05 0.017191
4130.72 0.019651
4133.39 0.012613
4136.06 -0.009718
4138.73 -0.005508
4141.40 0.006704
4144.07 -0.003304
4146.74 -0.000517
4149.41 -0.015188
4152.08 -0.001363
4154.75 0.003153
4157.42 0.012968
4160.09 -0.000909
4162.76 0.006308
4165.43 0.013678
4168.10 0.011035
4170.77 0.011459
4173.44 -0.003934
4176.11 -0.000476
4178.78 0.018857
4181.45 -0.000716
4184.12 -0.004992
4186.79 0.011308
4189.46 0.014711
4192.13 0.014727
4194.80 0.000709
4197.47 0.004354
4200.14 -0.002672
4202.81 -0.006049
4205.48 -0.013496
4208.15 -0.014342
4210.82 -0.001232
4213.49 -0.007966
4216.16 -0.026561
4218.83 -0.023703
4221.50 0.014341
4224.17 -0.015217
4226.84 -0.015055
4229.51 -0.019253
4232.18 -0.023800
4234.85 -0.002676
4237.52 0.004122
4240.19 -0.010139
4242.86 -0.011093
4245.53 0.000999
4248.20 0.016286
4250.87 0.002444
4253.54 -0.008186
4256.21 -0.002358
4258.88 -0.020227
4261.55 0.026697
4264.22 -0.004087
4266.89 -0.002913
4269.56 0.007614
4272.23 -0.017091
4274.90 -0.022650
4277.57 -0.008425
4280.24 -0.003120
4282.91 0.008997
4285.58 -0.011281
4288.25 0.001465
4290.92 0.002611
4293.59 -0.013964
4296.26 -0.007406
4298.93 0.001695
4301.60 0.009417
4304.27 0.027203
4306.94 0.013643
4309.61 -0.009882
4312.28 0.005753
4314.95 0.001095
4317.62 -0.004037
4320.29 0.002697
4322.96 -0.003031
4325.63 0.007694
4328.30 -0.018494
4330.97 -0.010621
4333.64 -0.013315
4336.31 -0.039573
4338.98 -0.030468
4341.65 -0.026882
4344.32 -0.007276
4346.99 0.013262
4349.66 0.009547
4352.33 0.010639
4355.00 0.025752
4357.67 0.013376
4360.34 0.033045
4363.01 0.020951
4365.68 0.036043
4368.35 0.027419
4371.02 0.034883
4373.69 -0.000894
4376.36 0.025545
4379.03 0.011555
4381.70 0.022290
4384.37 0.005025
4387.04 0.009610
4389.71 0.015191
4392.38 0.017335
4395.05 0.016692
4397.72 0.023255
4400.39 0.016280
4403.06 0.018665
4405.73 0.029563
4408.40 0.015388
4411.07 0.020576
4413.74 0.004007
4416.41 0.015034
4419.08 -0.002659
4421.75 0.010065
4424.42 0.025165
4427.09 0.020271
4429.76 0.002532
4432.43 0.010935
4435.10 0.012614
4437.77 0.003910
4440.44 -0.005801
4443.11 -0.001843
4445.78 -0.000819
4448.45 -0.018396
4451.12 0.000178
4453.79 0.002684
4456.46 0.007161
4459.13 0.015903
4461.80 0.000961
4464.47 -0.007268
4467.14 -0.000387
4469.81 -0.003306
4472.48 0.003004
4475.15 0.005397
4477.82 -0.008344
4480.49 -0.002775
4483.16 -0.002444
4485.83 0.004692
4488.50 -0.003253
4491.17 -0.003641
4493.84 0.001627
4496.51 -0.008266
4499.18 -0.022390
4501.85 -0.001742
4504.52 -0.000510
4507.19 -0.013027
4509.86 -0.010928
4512.53 0.002753
4515.20 -0.001244
4517.87 -0.009023
4520.54 -0.004066
4523.21 0.005361
4525.88 0.018013
4528.55 0.013012
4531.22 -0.010159
4533.89 -0.000534
4536.56 0.003219
4539.23 -0.017564
4541.90 -0.005637
4544.57 -0.015415
4547.24 -0.006112
4549.91 -0.006038
4552.58 -0.006283
4555.25 -0.010661
4557.92 -0.001023
4560.59 0.001472
4563.26 -0.008944
4565.93 -0.001241
4568.60 -0.010729
4571.27 -0.026608
4573.94 -0.018224
4576.61 -0.007345
4579.28 -0.012386
4581.95 -0.003542
4584.62 0.016490
4587.29 0.004705
4589.96 0.001449
4592.63 0.000938
4595.30 -0.018452
4597.97 -0.013518
4600.64 -0.010508
4603.31 -0.006957
4605.98 -0.013005
4608.65 -0.010053
4611.32 -0.014107
4613.99 0.000099
4616.66 -0.029973
4619.33 -0.008268
4622.00 -0.016287
4624.67 0.005723
4627.34 0.006417
4630.01 -0.011025
4632.68 -0.013466
4635.35 -0.016449
4638.02 0.001626
4640.69 -0.000626
4643.36 -0.013825
4646.03 -0.016434
4648.70 -0.011812
4651.37 -0.007615
4654.04 -0.003943
4656.71 -0.009328
4659.38 0.000012
4662.05 -0.007920
4664.72 -0.001084
4667.39 0.002147
4670.06 0.008654
4672.73 -0.012293
4675.40 -0.001487
4678.07 -0.021660
4680.74 -0.007355
4683.41 0.004375
4686.08 -0.030607
4688.75 -0.001889
4691.42 -0.017636
4694.09 -0.015897
4696.76 -0.015883
4699.43 0.006527
4702.10 0.001898
4704.77 -0.000485
4707.44 0.001992
4710.11 0.010510
4712.78 0.010756
4715.45 0.013126
4718.12 -0.003069
4720.79 0.001999
4723.46 0.007432
4726.13 -0.007005
4728.80 0.013596
4731.47 0.003008
4734.14 -0.000635
4736.81 0.024713
4739.48 0.018664
4742.15 0.004681
4744.82 0.006278
4747.49 0.012433
4750.16 -0.004004
4752.83 -0.004500
4755.50 0.000255
4758.17 0.010261
4760.84 -0.004113
4763.51 0.002443
4766.18 -0.009904
4768.85 -0.005766
4771.52 0.001017
4774.19 -0.007554
4776.86 -0.002633
4779.53 -0.011992
4782.20 -0.008524
4784.87 -0.013571
4787.54 -0.010512
4790.21 -0.010543
4792.88 -0.035091
4795.55 -0.014963
4798.22 -0.020336
4800.89 -0.017363
4803.56 -0.017498
4806.23 -0.036836
4808.90 -0.030167
4811.57 -0.020445
4814.24 -0.015933
4816.91 -0.006788
4819.58 -0.013388
4822.25 -0.003965
4824.92 -0.023451
4827.59 -0.031033
4830.26 -0.038106
4832.93 -0.038183
4835.60 -0.047418
4838.27 -0.033712
4840.94 -0.067647
4843.61 -0.021235
4846.28 -0.018503
4848.95 -0.015119
4851.62 -0.042935
4854.29 -0.041406
4856.96 -0.049746
4859.63 -0.072861
4862.30 -0.052759
4864.97 -0.101439
4867.64 -0.047790
4870.31 -0.006924
4872.98 -0.001576
4875.65 -0.016503
4878.32 0.000719
4880.99 0.011588
4883.66 0.010714
4886.33 0.017077
4889.00 0.009729
4891.67 -0.004799
4894.34 -0.008660
4897.01 0.011984
4899.68 0.009719
4902.35 -0.003750
4905.02 0.018585
4907.69 0.026656
4910.36 0.000602
4913.03 0.017646
4915.70 0.008959
4918.37 0.026574
4921.04 0.016720
4923.71 0.009715
4926.38 0.006072
4929.05 0.024889
4931.72 0.020080
4934.39 0.027227
4937.06 0.014403
4939.73 0.005347
4942.40 -0.010018
4945.07 -0.000679
4947.74 0.021764
4950.41 -0.001232
4953.08 0.021813
4955.75 0.005215
4958.42 -0.001650
4961.09 -0.019216
4963.76 0.002736
4966.43 0.032650
4969.10 0.013392
4971.77 0.013457
4974.44 -0.003445
4977.11 -0.004018
4979.78 0.015989
4982.45 0.009076
4985.12 -0.024708
4987.79 0.013928
4990.46 0.001813
4993.13 -0.002141
4995.80 0.008134
4998.47 0.039492
5001.14 0.066347
5003.81 0.052113
5006.48 -0.001502
5009.15 -0.070922
5011.82 -0.019481
5014.49 0.081253
5017.16 0.054791
5019.83 0.024443
5022.50 0.036777
5025.17 0.009094
5027.84 0.012486
5030.51 0.021910
5033.18 -0.004072
5035.85 -0.012889
5038.52 0.002039
5041.19 0.005696
5043.86 0.022269
5046.53 -0.001571
5049.20 0.010264
5051.87 0.010655
5054.54 -0.000954
5057.21 0.017196
5059.88 -0.006412
5062.55 0.013445
5065.22 0.006711
5067.89 0.017417
5070.56 -0.012091
5073.23 -0.014091
5075.90 -0.007819
5078.57 -0.004366
5081.24 -0.012940
5083.91 -0.004569
5086.58 -0.011149
5089.25 0.003114
5091.92 0.008216
5094.59 -0.000670
5097.26 -0.008855
5099.93 -0.010000
5102.60 -0.002525
5105.27 -0.002891
5107.94 -0.018122
5110.61 0.010784
5113.28 -0.006392
5115.95 0.016311
5118.62 0.005332
5121.29 0.010565
5123.96 -0.022722
5126.63 -0.007632
5129.30 0.001580
5131.97 -0.010463
5134.64 -0.005807
5137.31 -0.000163
5139.98 -0.016003
5142.65 -0.006235
5145.32 -0.018256
5147.99 -0.012362
5150.66 -0.013554
5153.33 0.004089
5156.00 -0.014510
5158.67 -0.003967
5161.34 -0.006574
5164.01 -0.022138
5166.68 0.019119
5169.35 0.034409
5172.02 0.014462
5174.69 0.011934
5177.36 0.017180
5180.03 0.017884
5182.70 0.023603
5185.37 0.007901
5188.04 0.018769
5190.71 0.016377
5193.38 0.003133
5196.05 -0.000346
5198.72 -0.012154
5201.39 -0.028264
5204.06 -0.029551
5206.73 -0.011728
5209.40 -0.005476
5212.07 -0.001241
5214.74 -0.001039
5217.41 -0.006139
5220.08 0.012990
5222.75 -0.008411
5225.42 -0.005958
5228.09 -0.008612
5230.76 -0.000929
5233.43 0.004523
5236.10 0.006971
5238.77 0.001454
5241.44 0.007019
5244.11 0.025443
5246.78 0.004408
5249.45 -0.001174
5252.12 -0.003772
5254.79 0.002064
5257.46 -0.005508
5260.13 -0.017755
5262.80 -0.007879
5265.47 0.024137
5268.14 -0.010681
5270.81 -0.010317
5273.48 0.002903
5276.15 -0.008748
5278.82 -0.002616
5281.49 -0.013457
5284.16 0.008153
5286.83 -0.013588
5289.50 -0.003616
5292.17 -0.008457
5294.84 -0.003591
5297.51 -0.001077
5300.18 -0.028595
5302.85 0.013868
5305.52 -0.002353
5308.19 -0.003081
5310.86 -0.003850
5313.53 -0.043583
5316.20 -0.004690
5318.87 -0.011085
5321.54 -0.017072
5324.21 0.017439
5326.88 -0.000696
5329.55 0.014260
5332.22 0.001606
5334.89 0.008045
5337.56 0.012051
5340.23 -0.010312
5342.90 0.006104
5345.57 0.000759
5348.24 0.016643
5350.91 -0.011708
5353.58 0.011371
5356.25 -0.015742
5358.92 -0.010698
5361.59 -0.014451
5364.26 0.008335
5366.93 0.012373
5369.60 0.020755
5372.27 -0.006649
5374.94 0.016120
5377.61 0.006351
5380.28 0.018492
5382.95 0.002771
5385.62 0.000877
5388.29 -0.002715
5390.96 0.000158
5393.63 -0.010453
5396.30 -0.004783
5398.97 0.009820
5401.64 0.005495
5404.31 0.016222
5406.98 -0.013502
5409.65 -0.009464
5412.32 -0.029118
5414.99 -0.006877
5417.66 0.013090
5420.33 0.010183
5423.00 -0.011358
5425.67 -0.004364
5428.34 0.011792
5431.01 0.016407
5433.68 0.011920
5436.35 0.016562
5439.02 0.017725
5441.69 0.028948
5444.36 0.012080
5447.03 0.002685
5449.70 0.014053
5452.37 -0.013516
5455.04 0.013642
5457.71 0.015034
5460.38 0.009898
5463.05 -0.017750
5465.72 -0.015454
5468.39 -0.011063
5471.06 0.001619
5473.73 -0.023369
5476.40 -0.005477
5479.07 0.014261
5481.74 0.007172
5484.41 0.010549
5487.08 -0.026614
5489.75 -0.004063
5492.42 0.029380
5495.09 -0.000154
5497.76 0.007663
5500.43 -0.009882
5503.10 -0.003759
5505.77 -0.021141
5508.44 -0.006776
5511.11 -0.012078
5513.78 -0.008146
5516.45 -0.019890
5519.12 -0.010634
5521.79 -0.000673
5524.46 -0.021201
5527.13 -0.016621
5529.80 0.007367
5532.47 0.002742
5535.14 -0.000035
5537.81 0.023160
5540.48 -0.005881
5543.15 -0.029666
5545.82 -0.006449
5548.49 -0.005602
5551.16 -0.021466
5553.83 -0.029506
5556.50 -0.019578
5559.17 -0.000928
5561.84 -0.039937
5564.51 -0.011292
5567.18 -0.022649
5569.85 -0.028259
5572.52 -0.007390
5575.19 -0.004544
5577.86 -0.000545
5580.53 0.000540
5583.20 0.007614
5585.87 0.008229
5588.54 0.000540
5591.21 0.023481
5593.88 -0.000411
5596.55 0.016576
5599.22 0.003252
5601.89 -0.027950
5604.56 -0.005433
5607.23 -0.007874
5609.90 -0.004790
5612.57 -0.000239
5615.24 0.004052
5617.91 0.000833
5620.58 -0.017300
5623.25 -0.002028
5625.92 -0.022941
5628.59 -0.005615
5631.26 -0.039747
5633.93 -0.019564
5636.60 -0.029695
5639.27 -0.020836
5641.94 -0.005922
5644.61 -0.001397
5647.28 0.004644
5649.95 0.019003
5652.62 -0.005580
5655.29 -0.000819
5657.96 -0.002085
5660.63 -0.006611
5663.30 0.019406
5665.97 0.012802
5668.64 0.016061
5671.31 0.014549
5673.98 -0.000820
5676.65 -0.003878
5679.32 -0.014336
5681.99 -0.000522
5684.66 -0.008553
5687.33 -0.005657
5690.00 0.017375
5692.67 0.003632
5695.34 -0.037615
5698.01 -0.007044
5700.68 -0.012721
5703.35 0.006159
5706.02 -0.004051
5708.69 -0.025999
5711.36 -0.026931
5714.03 -0.015180
5716.70 0.003916
5719.37 0.013296
5722.04 0.005903
5724.71 -0.014559
5727.38 -0.009272
5730.05 -0.002043
5732.72 -0.030037
5735.39 -0.020911
5738.06 -0.019999
5740.73 -0.003300
5743.40 -0.021949
5746.07 -0.009388
5748.74 -0.006698
5751.41 0.000239
5754.08 -0.000959
5756.75 -0.024896
5759.42 -0.007855
5762.09 -0.035593
5764.76 -0.004700
5767.43 0.000742
5770.10 -0.003192
5772.77 -0.004100
5775.44 -0.007776
5778.11 0.019509
5780.78 -0.005979
5783.45 -0.005380
5786.12 -0.005773
5788.79 -0.011064
5791.46 -0.017864
5794.13 -0.007358
5796.80 -0.008980
5799.47 -0.017267
5802.14 -0.009069
5804.81 -0.016790
5807.48 -0.021143
5810.15 0.024325
5812.82 -0.012466
5815.49 -0.021986
5818.16 0.009973
5820.83 -0.005931
5823.50 -0.004226
5826.17 -0.019837
5828.84 -0.023863
5831.51 -0.010936
5834.18 -0.024773
5836.85 0.010347
5839.52 -0.017478
5842.19 -0.019296
5844.86 -0.020773
5847.53 0.022078
5850.20 -0.029516
5852.87 -0.052879
5855.54 -0.039943
5858.21 -0.023455
5860.88 -0.010090
5863.55 -0.040767
5866.22 -0.035709
5868.89 -0.009827
5871.56 -0.024026
5874.23 -0.027730
5876.90 -0.021927
5879.57 0.002033
5882.24 -0.000232
5884.91 0.003875
5887.58 0.032628
5890.25 0.005002
5892.92 0.020984
5895.59 0.057381
5898.26 -0.000295
5900.93 0.038791
5903.60 0.039918
5906.27 0.004141
5908.94 0.028015
5911.61 0.008528
5914.28 0.017459
5916.95 0.023139
5919.62 0.012209
5922.29 -0.016087
5924.96 -0.000264
5927.63 0.012320
5930.30 -0.009209
5932.97 0.008108
5935.64 0.001802
5938.31 -0.005792
5940.98 -0.013226
5943.65 -0.003808
5946.32 -0.042152
5948.99 -0.028621
5951.66 -0.044646
5954.33 -0.005486
5957.00 -0.003989
5959.67 0.023183
5962.34 0.031354
5965.01 -0.029305
5967.68 -0.001343
5970.35 -0.009634
5973.02 -0.028972
5975.69 0.005228
5978.36 0.008556
5981.03 -0.004897
5983.70 -0.018983
5986.37 -0.021784
5989.04 -0.055426
5991.71 -0.026903
5994.38 0.028229
5997.05 -0.006585
5999.72 0.020354
6002.39 0.005909
6005.06 0.009512
6007.73 0.001091
6010.40 0.000219
6013.07 -0.009186
6015.74 0.007103
6018.41 -0.013902
6021.08 -0.007165
6023.75 0.049121
6026.42 -0.019925
6029.09 0.027214
6031.76 0.047380
6034.43 -0.006621
6037.10 0.002348
6039.77 -0.006636
6042.44 -0.002910
6045.11 0.029262
6047.78 0.013589
6050.45 0.009132
6053.12 0.022722
6055.79 -0.007770
6058.46 0.007165
6061.13 0.003403
6063.80 -0.014233
6066.47 0.009307
6069.14 0.008972
6071.81 0.021477
6074.48 -0.007023
6077.15 -0.007278
6079.82 0.016961
6082.49 0.019592
6085.16 0.001432
6087.83 0.005947
6090.50 0.010771
6093.17 0.008125
6095.84 0.028200
6098.51 0.031255
6101.18 0.012684
6103.85 0.027239
6106.52 0.022391
6109.19 0.021074
6111.86 0.035190
6114.53 -0.012797
6117.20 0.026038
6119.87 0.040728
6122.54 0.018424
6125.21 0.033024
6127.88 0.015203
6130.55 0.012505
6133.22 0.016528
6135.89 0.019137
6138.56 0.021131
6141.23 0.033938
6143.90 0.026856
6146.57 0.002475
6149.24 0.005638
6151.91 0.000194
6154.58 0.010098
6157.25 0.027488
6159.92 0.034153
6162.59 -0.008686
6165.26 -0.000081
6167.93 0.007211
6170.60 0.024226
6173.27 0.022826
6175.94 0.004435
6178.61 0.013429
6181.28 0.013729
6183.95 0.021563
6186.62 0.028744
6189.29 0.021981
6191.96 0.002346
6194.63 0.009959
6197.30 0.022183
6199.97 -0.010400
6202.64 0.025060
6205.31 0.015016
6207.98 0.012106
6210.65 0.006928
6213.32 0.011302
6215.99 -0.002055
6218.66 0.017740
6221.33 0.008148
6224.00 0.014838
6226.67 -0.000075
6229.34 -0.004240
6232.01 -0.022334
6234.68 0.008092
6237.35 0.001280
6240.02 0.016009
6242.69 0.033127
6245.36 0.027799
6248.03 0.021000
6250.70 0.025986
6253.37 0.013719
6256.04 0.028677
6258.71 0.025777
6261.38 0.034841
6264.05 0.012354
6266.72 0.016411
6269.39 0.027674
6272.06 0.016866
6274.73 0.010954
6277.40 0.008012
6280.07 0.020101
6282.74 0.007411
6285.41 0.009107
6288.08 0.016478
6290.75 0.038424
6293.42 0.014191
6296.09 0.007954
6298.76 0.014590
6301.43 0.018453
6304.10 0.015223
6306.77 0.002322
6309.44 -0.006762
6312.11 0.000948
6314.78 0.007466
6317.45 0.001328
6320.12 -0.000801
6322.79 0.010965
6325.46 0.011890
6328.13 0.003526
6330.80 0.006688
6333.47 0.007425
6336.14 0.006414
6338.81 0.002795
6341.48 0.020308
6344.15 0.001272
6346.82 0.004358
6349.49 0.003676
6352.16 0.014696
6354.83 0.009431
6357.50 -0.005481
6360.17 0.003364
6362.84 0.003089
6365.51 0.001721
6368.18 0.007769
6370.85 0.005785
6373.52 0.006544
6376.19 -0.012358
6378.86 -0.000631
6381.53 0.009201
6384.20 0.008544
6386.87 -0.008556
6389.54 0.010455
6392.21 0.005307
6394.88 0.002042
6397.55 0.002880
6400.22 0.011720
6402.89 0.011528
6405.56 0.007643
6408.23 0.005452
6410.90 0.008859
6413.57 0.001125
6416.24 0.014009
6418.91 0.011479
6421.58 0.006537
6424.25 0.004669
6426.92 -0.002620
6429.59 0.004020
6432.26 -0.000857
6434.93 0.003372
6437.60 0.012523
6440.27 0.005978
6442.94 0.009970
6445.61 0.013044
6448.28 0.018790
6450.95 0.012504
6453.62 0.011955
6456.29 0.013003
6458.96 0.011748
6461.63 0.018975
6464.30 0.021903
6466.97 0.022645
6469.64 0.016160
6472.31 0.021473
6474.98 0.020517
6477.65 0.016838
6480.32 0.018862
6482.99 0.033100
6485.66 0.026640
6488.33 0.030393
6491.00 0.016688
6493.67 0.018912
6496.34 0.018644
6499.01 0.040862
6501.68 0.042060
6504.35 0.039943
6507.02 0.024606
6509.69 0.023409
6512.36 0.028796
6515.03 0.031046
6517.70 0.043592
6520.37 0.037502
6523.04 0.038198
6525.71 0.030582
6528.38 0.032036
6531.05 0.043879
6533.72 0.040710
6536.39 0.026452
6539.06 0.030378
6541.73 0.024120
6544.40 0.023361
6547.07 0.022823
6549.74 0.007700
6552.41 -0.001809
6555.08 -0.040015
6557.75 -0.043841
6560.42 -0.024409
6563.09 -0.031315
6565.76 -0.045734
6568.43 -0.048091
6571.10 -0.044080
6573.77 -0.040425
6576.44 -0.041247
6579.11 -0.031736
6581.78 -0.028854
6584.45 -0.018863
6587.12 -0.013414
6589.79 -0.009954
6592.46 -0.012077
6595.13 -0.012958
6597.80 -0.006884
6600.47 -0.004885
6603.14 -0.009358
6605.81 -0.002180
6608.48 -0.008769
6611.15 -0.002455
6613.82 -0.006247
6616.49 -0.007931
6619.16 0.003814
6621.83 -0.001630
6624.50 0.001468
6627.17 0.000342
6629.84 0.005984
6632.51 0.006447
6635.18 0.003684
6637.85 0.003567
6640.52 0.004991
6643.19 0.005131
6645.86 0.011060
6648.53 0.004899
6651.20 0.004111
6653.87 0.006667
6656.54 0.002325
6659.21 -0.003769
6661.88 -0.001438
6664.55 -0.001916
6667.22 0.001629
6669.89 0.000861
6672.56 -0.003084
6675.23 -0.004959
6677.90 -0.006989
6680.57 -0.001056
6683.24 -0.002256
6685.91 -0.002256
6688.58 -0.004391
6691.25 -0.008549
6693.92 -0.002753
6696.59 -0.003814
6699.26 -0.005442
6701.93 -0.003051
6704.60 -0.005373
6707.27 -0.006039
6709.94 -0.001757
6712.61 -0.001725
6715.28 -0.001767
6717.95 -0.001811
6720.62 -0.001745
6723.29 -0.001734
6725.96 -0.001724
6728.63 -0.001692
6731.30 -0.001692
6733.97 -0.001676
6736.64 -0.001625
6739.31 -0.001575
6741.98 -0.001559
6744.65 -0.001552
6747.32 -0.001508
6749.99 -0.001487
6752.66 -0.001482
6755.33 -0.001467
6758.00 -0.001480
6760.67 -0.001452
6763.34 -0.001457
6766.01 -0.001436
6768.68 -0.001429
6771.35 -0.001431
6774.02 -0.001450
6776.69 -0.001423
6779.36 -0.001417
6782.03 -0.001418
6784.70 -0.001447
6787.37 -0.001464
6790.04 -0.001440
6792.71 -0.001433
6795.38 -0.001430
6798.05 -0.001400
6800.72 -0.001402
6803.39 -0.001416
6806.06 -0.001424
6808.73 -0.001398
6811.40 -0.001406
6814.07 -0.001408
6816.74 -0.001420
6819.41 -0.001448
6822.08 -0.001402
6824.75 -0.001414
6827.42 -0.001406
6830.09 -0.001427
6832.76 -0.001403
6835.43 -0.001401
6838.10 -0.001404
6840.77 -0.001410
6843.44 -0.001380
6846.11 -0.001375
6848.78 -0.001384
6851.45 -0.001369
6854.12 -0.001378
6856.79 -0.001388
6859.46 -0.001384
6862.13 -0.001354
6864.80 -0.001379
6867.47 -0.001418
6870.14 -0.001385
6872.81 -0.001410
6875.48 -0.001388
6878.15 -0.001393
6880.82 -0.001386
6883.49 -0.001385
6886.16 -0.001399
6888.83 -0.001321
6891.50 -0.001394
6894.17 -0.001388
6896.84 -0.001374
6899.51 -0.001382
6902.18 -0.001381
6904.85 -0.001352
6907.52 -0.001330
6910.19 -0.001412
6912.86 -0.001446
6915.53 -0.001455
6918.20 -0.001448
6920.87 -0.001386
6923.54 -0.001402
6926.21 -0.001378
6928.88 -0.001394
6931.55 -0.001401
6934.22 -0.001397
6936.89 -0.001407
6939.56 -0.001421
6942.23 -0.001364
6944.90 -0.001336
6947.57 -0.001337
6950.24 -0.001414
6952.91 -0.001444
6955.58 -0.001464
6958.25 -0.001439
6960.92 -0.001460
6963.59 -0.001464
6966.26 -0.001453
6968.93 -0.001482
6971.60 -0.001431
6974.27 -0.001478
6976.94 -0.001506
6979.61 -0.001529
6982.28 -0.001587
6984.95 -0.001558
6987.62 -0.001572
6990.29 -0.001531
6992.96 -0.001537
6995.63 -0.001563
6998.30 -0.001559
7000.97 -0.001539
7003.64 -0.001541
7006.31 -0.001545
7008.98 -0.001478
7011.65 -0.001537
7014.32 -0.001530
7016.99 -0.001495
7019.66 -0.001556
7022.33 -0.001522
7025.00 -0.001561
7027.67 -0.001589
7030.34 -0.001562
7033.01 -0.001567
7035.68 -0.001572
7038.35 -0.001602
7041.02 -0.001659
7043.69 -0.001607
7046.36 -0.001576
7049.03 -0.001633
7051.70 -0.001593
7054.37 -0.001540
7057.04 -0.001493
7059.71 -0.001494
7062.38 -0.001571
7065.05 -0.001637
7067.72 -0.001585
7070.39 -0.001550
7073.06 -0.001469
7075.73 -0.001536
7078.40 -0.001568
7081.07 -0.001587
7083.74 -0.001551
7086.41 -0.001472
7089.08 -0.001456
7091.75 -0.001544
7094.42 -0.001535
7097.09 -0.001510
7099.76 -0.001488
7102.43 -0.001502
7105.10 -0.001518
7107.77 -0.001582
7110.44 -0.001571
7113.11 -0.001583
7115.78 -0.001567
7118.45 -0.001611
7121.12 -0.001561
7123.79 -0.001577
7126.46 -0.001582
7129.13 -0.001592
7131.80 -0.001610
7134.47 -0.001581
7137.14 -0.001618
7139.81 -0.001584
7142.48 -0.001563
7145.15 -0.001559
7147.82 -0.001556
7150.49 -0.001558
7153.16 -0.001535
7155.83 -0.001525
7158.50 -0.001570
7161.17 -0.001535
7163.84 -0.001551
7166.51 -0.001504
7169.18 -0.001550
7171.85 -0.001549
7174.52 -0.001577
7177.19 -0.001564
7179.86 -0.001570
7182.53 -0.001591
7185.20 -0.001651
7187.87 -0.001601
7190.54 -0.001569
7193.21 -0.001519
7195.88 -0.001506
7198.55 -0.001598
7201.22 -0.001496
7203.89 -0.001510
7206.56 -0.001498
7209.23 -0.001496
7211.90 -0.001545
7214.57 -0.001548
7217.24 -0.001510
7219.91 -0.001530
7222.58 -0.001519
7225.25 -0.001559
7227.92 -0.001586
7230.59 -0.001530
7233.26 -0.001509
7235.93 -0.001544
7238.60 -0.001564
7241.27 -0.001545
7243.94 -0.001552
7246.61 -0.001516
7249.28 -0.001522
7251.95 -0.001538
7254.62 -0.001527
7257.29 -0.001534
7259.96 -0.001506
7262.63 -0.001488
7265.30 -0.001515
7267.97 -0.001505
7270.64 -0.001517
7273.31 -0.001553
7275.98 -0.001528
7278.65 -0.001493
7281.32 -0.001443
7283.99 -0.001473
7286.66 -0.001548
7289.33 -0.001558
7292.00 -0.001496
7294.67 -0.001508
7297.34 -0.001539
7300.01 -0.001518
7302.68 -0.001516
7305.35 -0.001499
7308.02 -0.001587
7310.69 -0.001520
7313.36 -0.001547
7316.03 -0.001543
7318.70 -0.001601
7321.37 -0.001614
7324.04 -0.001581
7326.71 -0.001587
7329.38 -0.001591
7332.05 -0.001557
7334.72 -0.001576
7337.39 -0.001569
7340.06 -0.001526
7342.73 -0.001545
7345.40 -0.001523
7348.07 -0.001525
7350.74 -0.001519
7353.41 -0.001505
7356.08 -0.001492
7358.75 -0.001569
7361.42 -0.001525
7364.09 -0.001538
7366.76 -0.001552
7369.43 -0.001548
7372.10 -0.001523
7374.77 -0.001551
7377.44 -0.001475
7380.11 -0.001561
7382.78 -0.001573
7385.45 -0.001489
7388.12 -0.001507
7390.79 -0.001506
7393.46 -0.001508
7396.13 -0.001486
7398.80 -0.001493
7401.47 -0.001445
7404.14 -0.001521
7406.81 -0.001505
7409.48 -0.001496
7412.15 -0.001533
7414.82 -0.001409
7417.49 -0.001464
7420.16 -0.001502
7422.83 -0.001553
7425.50 -0.001507
7428.17 -0.001513
7430.84 -0.001427
7433.51 -0.001443
7436.18 -0.001489
7438.85 -0.001452
7441.52 -0.001487
7444.19 -0.001519
7446.86 -0.001487
7449.53 -0.001443
7452.20 -0.001495
7454.87 -0.001503
7457.54 -0.001553
7460.21 -0.001567
7462.88 -0.001533
7465.55 -0.001570
7468.22 -0.001559
7470.89 -0.001555
7473.56 -0.001571
7476.23 -0.001578
7478.90 -0.001553
7481.57 -0.001568
7484.24 -0.001552
7486.91 -0.001549
7489.58 -0.001588
7492.25 -0.001559
7494.92 -0.001548
7497.59 -0.001540
