2486.00 0.050775
2488.67 0.052453
2491.34 0.047383
2494.01 0.056399
2496.68 0.047976
2499.35 0.041339
2502.02 -0.006263
2504.69 0.025171
2507.36 -0.012610
2510.03 -0.021853
2512.70 -0.016296
2515.37 -0.027113
2518.04 0.010965
2520.71 0.020081
2523.38 0.008084
2526.05 0.014496
2528.72 -0.018799
2531.39 0.016789
2534.06 -0.026952
2536.73 -0.009063
2539.40 -0.028313
2542.07 0.027785
2544.74 0.035803
2547.41 0.021214
2550.08 0.072422
2552.75 0.019074
2555.42 0.028211
2558.09 0.010252
2560.76 0.069706
2563.43 0.042587
2566.10 0.048178
2568.77 0.065469
2571.44 0.066761
2574.11 0.062509
2576.78 0.026666
2579.45 0.042334
2582.12 0.028530
2584.79 0.060247
2587.46 -0.059624
2590.13 0.024233
2592.80 0.038093
2595.47 0.065435
2598.14 0.008743
2600.81 -0.014373
2603.48 -0.041846
2606.15 0.054538
2608.82 0.006855
2611.49 0.004231
2614.16 0.034477
2616.83 0.014004
2619.50 -0.019032
2622.17 -0.011338
2624.84 0.004065
2627.51 -0.010191
2630.18 0.050008
2632.85 -0.001148
2635.52 -0.049003
2638.19 -0.025671
2640.86 -0.049648
2643.53 -0.011055
2646.20 -0.041429
2648.87 -0.044855
2651.54 -0.026773
2654.21 -0.056929
2656.88 -0.028717
2659.55 -0.073929
2662.22 -0.101535
2664.89 -0.077915
2667.56 -0.063281
2670.23 -0.065520
2672.90 -0.003284
2675.57 -0.049194
2678.24 -0.039014
2680.91 -0.068951
2683.58 -0.063952
2686.25 -0.065371
2688.92 -0.070861
2691.59 -0.041229
2694.26 -0.071628
2696.93 -0.094729
2699.60 -0.025864
2702.27 -0.067628
2704.94 -0.071437
2707.61 -0.039564
2710.28 -0.066752
2712.95 -0.021496
2715.62 -0.070867
2718.29 -0.032760
2720.96 -0.011005
2723.63 -0.080815
2726.30 -0.042711
2728.97 -0.006229
2731.64 -0.029009
2734.31 0.068928
2736.98 0.044895
2739.65 -0.085111
2742.32 0.022222
2744.99 -0.022431
2747.66 -0.018899
2750.33 -0.003984
2753.00 -0.014698
2755.67 0.016940
2758.34 -0.000637
2761.01 -0.012727
2763.68 -0.043850
2766.35 0.002258
2769.02 -0.016819
2771.69 -0.077929
2774.36 -0.108458
2777.03 -0.079396
2779.70 -0.043204
2782.37 -0.054680
2785.04 -0.064053
2787.71 -0.067529
2790.38 -0.016158
2793.05 -0.027699
2795.72 -0.139697
2798.39 -0.128560
2801.06 0.005158
2803.73 -0.061206
2806.40 -0.046433
2809.07 0.087240
2811.74 0.091683
2814.41 0.079775
2817.08 0.058463
2819.75 0.045364
2822.42 0.078305
2825.09 0.083850
2827.76 0.074760
2830.43 0.062006
2833.10 0.035048
2835.77 0.036002
2838.44 0.061975
2841.11 0.077889
2843.78 0.086859
2846.45 0.062371
2849.12 0.090275
2851.79 0.059335
2854.46 0.048578
2857.13 0.047464
2859.80 0.112546
2862.47 0.088892
2865.14 0.059354
2867.81 0.045153
2870.48 0.121904
2873.15 0.030827
2875.82 0.053270
2878.49 0.058246
2881.16 0.034305
2883.83 0.048802
2886.50 0.047625
2889.17 0.043996
2891.84 0.038651
2894.51 0.039061
2897.18 0.057300
2899.85 -0.004849
2902.52 0.032269
2905.19 0.017403
2907.86 0.048361
2910.53 0.025334
2913.20 0.016626
2915.87 0.020969
2918.54 0.011165
2921.21 0.013627
2923.88 -0.013926
2926.55 0.022950
2929.22 0.015578
2931.89 -0.006546
2934.56 -0.021162
2937.23 0.006820
2939.90 0.021903
2942.57 -0.009902
2945.24 0.027708
2947.91 -0.013587
2950.58 0.023977
2953.25 0.001318
2955.92 -0.009196
2958.59 -0.031803
2961.26 -0.023519
2963.93 0.005800
2966.60 -0.026132
2969.27 -0.026027
2971.94 -0.019956
2974.61 0.008749
2977.28 -0.033609
2979.95 -0.002140
2982.62 -0.029752
2985.29 -0.013485
2987.96 -0.028752
2990.63 0.013911
2993.30 -0.007486
2995.97 -0.026440
2998.64 -0.026707
3001.31 -0.013876
3003.98 -0.026453
3006.65 0.002468
3009.32 -0.005346
3011.99 -0.008069
3014.66 -0.011123
3017.33 -0.031011
3020.00 -0.022233
3022.67 -0.003860
3025.34 -0.028850
3028.01 -0.059551
3030.68 -0.015543
3033.35 -0.015536
3036.02 -0.032471
3038.69 -0.011220
3041.36 -0.034189
3044.03 -0.004171
3046.70 -0.008184
3049.37 -0.025772
3052.04 -0.053752
3054.71 -0.018393
3057.38 -0.035035
3060.05 -0.035702
3062.72 -0.034105
3065.39 -0.051912
3068.06 -0.035699
3070.73 -0.047207
3073.40 -0.029138
3076.07 -0.047912
3078.74 -0.029374
3081.41 -0.041726
3084.08 -0.016889
3086.75 -0.013033
3089.42 -0.021618
3092.09 -0.015014
3094.76 -0.028613
3097.43 -0.024477
3100.10 -0.010259
3102.77 -0.038855
3105.44 -0.029964
3108.11 -0.032325
3110.78 -0.016436
3113.45 -0.048726
3116.12 -0.024723
3118.79 -0.044321
3121.46 0.004595
3124.13 -0.024128
3126.80 -0.032859
3129.47 -0.036127
3132.14 -0.010437
3134.81 -0.025985
3137.48 -0.039400
3140.15 -0.021803
3142.82 -0.024766
3145.49 -0.021529
3148.16 -0.027406
3150.83 -0.002214
3153.50 -0.031462
3156.17 -0.030582
3158.84 -0.054880
3161.51 -0.040820
3164.18 -0.001404
3166.85 -0.033675
3169.52 -0.024671
3172.19 -0.007894
3174.86 -0.019478
3177.53 -0.014742
3180.20 0.000261
3182.87 -0.005562
3185.54 -0.009584
3188.21 0.003997
3190.88 -0.013159
3193.55 -0.013090
3196.22 0.002137
3198.89 0.001140
3201.56 0.025396
3204.23 -0.007371
3206.90 -0.017618
3209.57 -0.012589
3212.24 -0.003058
3214.91 0.004901
3217.58 -0.012454
3220.25 -0.013914
3222.92 0.018212
3225.59 0.006727
3228.26 0.021144
3230.93 -0.005759
3233.60 -0.006674
3236.27 -0.000852
3238.94 0.005951
3241.61 0.018833
3244.28 0.007173
3246.95 0.011062
3249.62 -0.004932
3252.29 -0.006877
3254.96 -0.027272
3257.63 -0.011358
3260.30 0.006339
3262.97 0.014899
3265.64 0.016362
3268.31 0.026374
3270.98 0.035362
3273.65 0.026654
3276.32 0.009847
3278.99 0.012477
3281.66 0.006926
3284.33 0.031874
3287.00 0.003499
3289.67 0.011257
3292.34 0.003156
3295.01 0.016793
3297.68 0.023048
3300.35 0.002333
3303.02 0.023046
3305.69 0.004344
3308.36 0.018553
3311.03 0.014857
3313.70 0.003937
3316.37 0.012121
3319.04 0.030345
3321.71 0.022418
3324.38 0.011409
3327.05 0.014290
3329.72 0.006570
3332.39 -0.024699
3335.06 0.016944
3337.73 0.002964
3340.40 0.004673
3343.07 0.004058
3345.74 0.000751
3348.41 0.022130
3351.08 -0.000810
3353.75 -0.007654
3356.42 -0.000524
3359.09 -0.022724
3361.76 0.011643
3364.43 0.003220
3367.10 0.012997
3369.77 0.001529
3372.44 0.004591
3375.11 0.006194
3377.78 0.000660
3380.45 0.011057
3383.12 -0.014498
3385.79 0.023996
3388.46 -0.012159
3391.13 -0.007887
3393.80 0.001233
3396.47 0.011090
3399.14 -0.002220
3401.81 0.003674
3404.48 -0.008346
3407.15 -0.020538
3409.82 0.018348
3412.49 0.014105
3415.16 -0.004465
3417.83 -0.022524
3420.50 -0.024740
3423.17 -0.021138
3425.84 -0.005002
3428.51 -0.022519
3431.18 -0.007265
3433.85 -0.003055
3436.52 0.014092
3439.19 0.018702
3441.86 0.014509
3444.53 0.000798
3447.20 0.015403
3449.87 0.023652
3452.54 0.011052
3455.21 0.014259
3457.88 0.010509
3460.55 0.006602
3463.22 0.013724
3465.89 0.015713
3468.56 0.007575
3471.23 0.007508
3473.90 -0.004914
3476.57 0.014996
3479.24 0.015208
3481.91 0.020976
3484.58 0.021015
3487.25 -0.001517
3489.92 0.028986
3492.59 0.002832
3495.26 0.018670
3497.93 0.043647
3500.60 0.026220
3503.27 0.012033
3505.94 0.038582
3508.61 0.034471
3511.28 0.002060
3513.95 0.000911
3516.62 0.016958
3519.29 -0.007803
3521.96 0.027632
3524.63 0.014954
3527.30 0.005997
3529.97 0.016103
3532.64 0.040964
3535.31 -0.002577
3537.98 0.024798
3540.65 0.022806
3543.32 0.013196
3545.99 0.030884
3548.66 0.022556
3551.33 0.027831
3554.00 0.021081
3556.67 0.022744
3559.34 -0.001382
3562.01 0.011623
3564.68 0.008838
3567.35 0.019798
3570.02 -0.004910
3572.69 0.002630
3575.36 -0.012339
3578.03 0.013813
3580.70 -0.002045
3583.37 0.019169
3586.04 0.015455
3588.71 0.014927
3591.38 0.008948
3594.05 0.013735
3596.72 0.000614
3599.39 0.009356
3602.06 0.010810
3604.73 0.011452
3607.40 0.010652
3610.07 0.013304
3612.74 0.007141
3615.41 -0.006654
3618.08 0.015223
3620.75 -0.020829
3623.42 0.008856
3626.09 -0.003263
3628.76 -0.018108
3631.43 0.004079
3634.10 0.008302
3636.77 0.012402
3639.44 0.017939
3642.11 0.023989
3644.78 0.038391
3647.45 0.051895
3650.12 0.043851
3652.79 0.028682
3655.46 0.013344
3658.13 0.033830
3660.80 0.018570
3663.47 0.013768
3666.14 -0.000252
3668.81 0.015591
3671.48 0.012226
3674.15 0.009138
3676.82 0.017302
3679.49 0.005494
3682.16 -0.000092
3684.83 0.015520
3687.50 0.033174
3690.17 0.003448
3692.84 -0.003692
3695.51 0.016746
3698.18 0.018267
3700.85 0.028256
3703.52 0.023801
3706.19 0.017090
3708.86 0.010446
3711.53 0.022564
3714.20 -0.012373
3716.87 0.021030
3719.54 -0.021184
3722.21 -0.016696
3724.88 -0.016148
3727.55 -0.056038
3730.22 -0.084380
3732.89 -0.038900
3735.56 -0.014547
3738.23 -0.019267
3740.90 -0.025327
3743.57 -0.014157
3746.24 0.006162
3748.91 0.007506
3751.58 0.011256
3754.25 -0.008581
3756.92 -0.003863
3759.59 -0.012345
3762.26 0.001189
3764.93 -0.001085
3767.60 -0.013790
3770.27 -0.012059
3772.94 -0.009174
3775.61 -0.007090
3778.28 -0.009615
3780.95 0.005334
3783.62 0.004157
3786.29 -0.000092
3788.96 -0.012827
3791.63 0.003192
3794.30 0.001142
3796.97 0.010535
3799.64 0.014671
3802.31 0.010233
3804.98 0.013071
3807.65 -0.009912
3810.32 0.000523
3812.99 -0.000912
3815.66 -0.012256
3818.33 0.006524
3821.00 -0.005628
3823.67 -0.013919
3826.34 -0.009787
3829.01 -0.002046
3831.68 -0.010318
3834.35 0.006938
3837.02 -0.004063
3839.69 -0.009251
3842.36 -0.004186
3845.03 -0.042932
3847.70 -0.015637
3850.37 -0.006341
3853.04 -0.016598
3855.71 -0.042973
3858.38 -0.071653
3861.05 -0.029600
3863.72 -0.057691
3866.39 -0.046384
3869.06 -0.034809
3871.73 -0.039955
3874.40 -0.036843
3877.07 -0.020966
3879.74 -0.017250
3882.41 -0.028141
3885.08 -0.024647
3887.75 -0.007114
3890.42 0.007263
3893.09 0.016409
3895.76 0.001022
3898.43 -0.007684
3901.10 -0.038035
3903.77 -0.015080
3906.44 0.017171
3909.11 -0.018012
3911.78 -0.022202
3914.45 -0.001296
3917.12 -0.019666
3919.79 0.000823
3922.46 0.009103
3925.13 -0.007761
3927.80 -0.016174
3930.47 -0.027914
3933.14 -0.017980
3935.81 0.014218
3938.48 0.005518
3941.15 -0.000029
3943.82 -0.016874
3946.49 0.002629
3949.16 -0.002138
3951.83 0.006556
3954.50 -0.007738
3957.17 0.008537
3959.84 -0.006938
3962.51 -0.024630
3965.18 0.005390
3967.85 0.021573
3970.52 0.007379
3973.19 0.010027
3975.86 0.005986
3978.53 0.021814
3981.20 0.014977
3983.87 0.000438
3986.54 0.002786
3989.21 -0.000051
3991.88 0.004217
3994.55 0.018725
3997.22 0.019132
3999.89 -0.004624
4002.56 -0.000707
4005.23 0.004485
4007.90 0.018107
4010.57 0.016985
4013.24 -0.017102
4015.91 -0.009436
4018.58 -0.000526
4021.25 -0.011241
4023.92 -0.032193
4026.59 -0.007648
4029.26 -0.005590
4031.93 -0.003356
4034.60 0.010129
4037.27 -0.016538
4039.94 0.014053
4042.61 -0.005455
4045.28 -0.005359
4047.95 0.003762
4050.62 -0.005950
4053.29 0.003113
4055.96 -0.006899
4058.63 -0.006470
4061.30 0.000162
4063.97 -0.007192
4066.64 -0.003948
4069.31 0.004797
4071.98 0.005656
4074.65 0.004974
4077.32 0.005235
4079.99 0.005859
4082.66 0.015132
4085.33 0.017599
4088.00 0.015270
4090.67 0.003489
4093.34 0.003007
4096.01 0.021276
4098.68 0.018195
4101.35 0.023051
4104.02 0.017041
4106.69 0.038989
4109.36 0.019817
4112.03 0.024611
4114.70 0.019775
4117.37 0.000624
4120.04 0.020466
4122.71 0.014133
4125.38 0.027173
4128.05 0.040489
4130.72 0.019448
4133.39 0.016541
4136.06 0.028460
4138.73 0.010146
4141.40 0.025148
4144.07 0.019547
4146.74 0.027805
4149.41 0.017596
4152.08 0.005039
4154.75 0.010703
4157.42 0.009190
4160.09 0.015957
4162.76 0.031219
4165.43 0.020073
4168.10 0.010605
4170.77 0.005909
4173.44 0.003245
4176.11 0.017813
4178.78 -0.004445
4181.45 0.015792
4184.12 -0.011862
4186.79 0.013841
4189.46 0.012069
4192.13 0.020334
4194.80 0.002962
4197.47 0.013160
4200.14 -0.002926
4202.81 0.016422
4205.48 0.008617
4208.15 0.017063
4210.82 0.010723
4213.49 0.016562
4216.16 0.015669
4218.83 -0.012722
4221.50 0.006908
4224.17 -0.002483
4226.84 0.004714
4229.51 0.000385
4232.18 -0.006316
4234.85 -0.005712
4237.52 0.001002
4240.19 -0.003258
4242.86 0.011090
4245.53 0.020488
4248.20 0.026173
4250.87 0.013853
4253.54 -0.009273
4256.21 -0.000210
4258.88 0.019381
4261.55 0.012658
4264.22 0.013018
4266.89 0.007266
4269.56 0.018858
4272.23 0.013659
4274.90 -0.001165
4277.57 0.021393
4280.24 0.016245
4282.91 0.008765
4285.58 0.036365
4288.25 0.013516
4290.92 0.013535
4293.59 0.014204
4296.26 0.001404
4298.93 0.003855
4301.60 0.018068
4304.27 0.008004
4306.94 0.005306
4309.61 0.005631
4312.28 0.005856
4314.95 0.013993
4317.62 0.028115
4320.29 0.014110
4322.96 0.016576
4325.63 0.019104
4328.30 0.023683
4330.97 0.019850
4333.64 0.022945
4336.31 0.027005
4338.98 0.029938
4341.65 0.019121
4344.32 0.017851
4346.99 0.019141
4349.66 0.022318
4352.33 0.033713
4355.00 0.018890
4357.67 0.026544
4360.34 0.028262
4363.01 0.025356
4365.68 0.033385
4368.35 0.026404
4371.02 0.028553
4373.69 0.021864
4376.36 0.026266
4379.03 0.005161
4381.70 0.007310
4384.37 0.011880
4387.04 0.018805
4389.71 -0.005335
4392.38 0.014557
4395.05 -0.012769
4397.72 0.011202
4400.39 -0.006137
4403.06 -0.008849
4405.73 0.003944
4408.40 -0.000555
4411.07 -0.004522
4413.74 -0.006259
4416.41 0.020101
4419.08 -0.002076
4421.75 -0.004783
4424.42 0.007426
4427.09 -0.004142
4429.76 0.009404
4432.43 0.008862
4435.10 0.002425
4437.77 -0.005763
4440.44 -0.011228
4443.11 -0.001123
4445.78 -0.006004
4448.45 -0.010750
4451.12 0.004394
4453.79 -0.002152
4456.46 0.000976
4459.13 -0.019951
4461.80 -0.008244
4464.47 -0.007676
4467.14 0.019960
4469.81 0.010037
4472.48 -0.006679
4475.15 -0.004312
4477.82 0.001755
4480.49 -0.000361
4483.16 -0.002989
4485.83 0.021122
4488.50 -0.006558
4491.17 -0.001370
4493.84 0.000674
4496.51 0.006562
4499.18 0.007602
4501.85 0.006078
4504.52 0.014410
4507.19 -0.001593
4509.86 -0.015516
4512.53 -0.004221
4515.20 -0.012872
4517.87 -0.005367
4520.54 -0.002181
4523.21 0.003557
4525.88 -0.011715
4528.55 0.011782
4531.22 -0.001307
4533.89 0.001520
4536.56 0.007193
4539.23 -0.000928
4541.90 0.006825
4544.57 0.007618
4547.24 0.004342
4549.91 -0.009492
4552.58 0.001883
4555.25 0.002826
4557.92 0.001429
4560.59 -0.005967
4563.26 -0.000921
4565.93 -0.005617
4568.60 0.006674
4571.27 0.003535
4573.94 -0.008344
4576.61 0.001677
4579.28 0.007634
4581.95 -0.002550
4584.62 0.003111
4587.29 -0.016578
4589.96 -0.002177
4592.63 -0.007698
4595.30 -0.007999
4597.97 0.002495
4600.64 -0.001609
4603.31 -0.004074
4605.98 -0.018759
4608.65 -0.002850
4611.32 -0.004975
4613.99 -0.003792
4616.66 0.001286
4619.33 0.003420
4622.00 -0.003996
4624.67 0.007592
4627.34 -0.016070
4630.01 -0.006021
4632.68 -0.009417
4635.35 -0.012324
4638.02 0.000632
4640.69 0.007390
4643.36 -0.001388
4646.03 -0.003756
4648.70 0.011114
4651.37 -0.016011
4654.04 -0.000553
4656.71 0.006495
4659.38 0.006296
4662.05 -0.002742
4664.72 -0.001700
4667.39 -0.004262
4670.06 -0.015068
4672.73 -0.007131
4675.40 -0.008582
4678.07 -0.010448
4680.74 -0.019977
4683.41 -0.000263
4686.08 -0.007248
4688.75 0.001606
4691.42 -0.014065
4694.09 -0.009627
4696.76 -0.006849
4699.43 0.000666
4702.10 0.000598
4704.77 -0.000407
4707.44 -0.005093
4710.11 -0.012877
4712.78 -0.012639
4715.45 -0.004211
4718.12 0.001544
4720.79 -0.013913
4723.46 -0.009014
4726.13 -0.016150
4728.80 -0.006828
4731.47 -0.004514
4734.14 -0.015729
4736.81 -0.013244
4739.48 -0.013973
4742.15 -0.015708
4744.82 -0.011878
4747.49 -0.003279
4750.16 -0.007041
4752.83 -0.001404
4755.50 -0.000853
4758.17 -0.005437
4760.84 -0.009922
4763.51 -0.013404
4766.18 -0.000626
4768.85 -0.003267
4771.52 0.005547
4774.19 -0.016796
4776.86 0.006107
4779.53 0.006811
4782.20 0.013071
4784.87 0.009208
4787.54 0.012386
4790.21 0.008992
4792.88 -0.007934
4795.55 -0.002350
4798.22 -0.000502
4800.89 0.005773
4803.56 0.000124
4806.23 0.002305
4808.90 0.008939
4811.57 0.008621
4814.24 0.010050
4816.91 0.005326
4819.58 0.017353
4822.25 0.006480
4824.92 0.018471
4827.59 0.017410
4830.26 0.018581
4832.93 0.019346
4835.60 0.027643
4838.27 0.044447
4840.94 0.033912
4843.61 0.023429
4846.28 0.043739
4848.95 0.033794
4851.62 0.016413
4854.29 0.010672
4856.96 0.016322
4859.63 0.032932
4862.30 0.020698
4864.97 0.013921
4867.64 0.027511
4870.31 0.042709
4872.98 0.053497
4875.65 0.068569
4878.32 0.064047
4880.99 0.072493
4883.66 0.069139
4886.33 0.055100
4889.00 0.059281
4891.67 0.051715
4894.34 0.046094
4897.01 0.039455
4899.68 0.033249
4902.35 0.038204
4905.02 0.040236
4907.69 0.037419
4910.36 0.032624
4913.03 0.037915
4915.70 0.004733
4918.37 0.014764
4921.04 0.005130
4923.71 0.000812
4926.38 0.009231
4929.05 0.009683
4931.72 0.023631
4934.39 0.001780
4937.06 0.006823
4939.73 -0.002872
4942.40 0.006245
4945.07 0.002166
4947.74 -0.004523
4950.41 -0.025660
4953.08 -0.019895
4955.75 0.000194
4958.42 0.013291
4961.09 -0.005550
4963.76 0.015498
4966.43 0.003324
4969.10 -0.006707
4971.77 0.002795
4974.44 -0.006417
4977.11 0.007760
4979.78 -0.004616
4982.45 0.000696
4985.12 -0.006970
4987.79 -0.033546
4990.46 -0.014879
4993.13 -0.040395
4995.80 -0.061727
4998.47 -0.080486
5001.14 -0.103916
5003.81 0.002330
5006.48 0.074839
5009.15 -0.030162
5011.82 -0.008956
5014.49 -0.040357
5017.16 -0.060075
5019.83 -0.052528
5022.50 -0.048122
5025.17 -0.035040
5027.84 -0.028696
5030.51 -0.008557
5033.18 -0.019697
5035.85 -0.009522
5038.52 -0.014736
5041.19 -0.012669
5043.86 -0.019222
5046.53 0.003200
5049.20 0.006936
5051.87 0.008224
5054.54 0.000051
5057.21 0.010146
5059.88 -0.000042
5062.55 -0.003607
5065.22 0.000849
5067.89 0.006677
5070.56 0.000547
5073.23 0.002397
5075.90 -0.003074
5078.57 -0.003113
5081.24 -0.012698
5083.91 -0.000980
5086.58 -0.008848
5089.25 0.008267
5091.92 0.008084
5094.59 0.016405
5097.26 -0.000083
5099.93 -0.002078
5102.60 0.004389
5105.27 0.000544
5107.94 -0.004328
5110.61 0.013852
5113.28 -0.001596
5115.95 0.004512
5118.62 0.013075
5121.29 -0.000658
5123.96 -0.016838
5126.63 -0.006334
5129.30 0.013700
5131.97 0.007527
5134.64 0.012715
5137.31 0.018036
5139.98 0.023555
5142.65 0.006955
5145.32 -0.000422
5147.99 0.029286
5150.66 0.005581
5153.33 0.020424
5156.00 0.020592
5158.67 0.022368
5161.34 0.012322
5164.01 -0.002751
5166.68 -0.025928
5169.35 -0.011228
5172.02 -0.007154
5174.69 -0.021579
5177.36 -0.010337
5180.03 -0.009046
5182.70 -0.011249
5185.37 -0.009318
5188.04 0.010853
5190.71 -0.015315
5193.38 0.011400
5196.05 0.011304
5198.72 -0.002476
5201.39 -0.009504
5204.06 0.005084
5206.73 -0.006537
5209.40 0.013002
5212.07 0.001899
5214.74 0.006181
5217.41 -0.003965
5220.08 0.014483
5222.75 0.003407
5225.42 0.012217
5228.09 0.014318
5230.76 0.001721
5233.43 0.004218
5236.10 0.006262
5238.77 -0.002260
5241.44 -0.004837
5244.11 -0.007978
5246.78 0.004529
5249.45 0.009014
5252.12 0.019367
5254.79 0.019379
5257.46 -0.000706
5260.13 0.004444
5262.80 -0.002831
5265.47 0.001959
5268.14 0.014232
5270.81 -0.004858
5273.48 0.008369
5276.15 -0.004912
5278.82 0.012268
5281.49 -0.011366
5284.16 0.006389
5286.83 0.003375
5289.50 0.004284
5292.17 0.008785
5294.84 -0.011503
5297.51 -0.002051
5300.18 -0.004858
5302.85 0.000102
5305.52 0.009579
5308.19 0.013759
5310.86 -0.009585
5313.53 -0.013179
5316.20 0.006961
5318.87 -0.014224
5321.54 -0.005623
5324.21 -0.020370
5326.88 -0.008846
5329.55 0.012545
5332.22 -0.017181
5334.89 0.002236
5337.56 0.002020
5340.23 -0.008937
5342.90 -0.006312
5345.57 -0.006184
5348.24 -0.010246
5350.91 0.005345
5353.58 -0.004913
5356.25 0.007970
5358.92 -0.012852
5361.59 -0.006652
5364.26 -0.008891
5366.93 -0.012622
5369.60 -0.009870
5372.27 -0.010962
5374.94 -0.018388
5377.61 -0.005400
5380.28 -0.006209
5382.95 -0.019713
5385.62 -0.004935
5388.29 -0.002777
5390.96 -0.006179
5393.63 -0.005699
5396.30 0.004400
5398.97 -0.012060
5401.64 -0.016458
5404.31 -0.001213
5406.98 -0.007585
5409.65 -0.001864
5412.32 -0.001508
5414.99 0.004801
5417.66 -0.015293
5420.33 -0.019193
5423.00 -0.011549
5425.67 -0.016526
5428.34 -0.007089
5431.01 -0.014658
5433.68 -0.012766
5436.35 -0.010226
5439.02 -0.022492
5441.69 -0.024716
5444.36 -0.009783
5447.03 -0.025491
5449.70 -0.004820
5452.37 0.000756
5455.04 0.009036
5457.71 -0.002950
5460.38 0.003109
5463.05 -0.007233
5465.72 -0.018523
5468.39 0.000657
5471.06 -0.008704
5473.73 -0.015405
5476.40 -0.013741
5479.07 0.000506
5481.74 -0.004253
5484.41 0.005583
5487.08 -0.007912
5489.75 -0.000009
5492.42 0.002651
5495.09 -0.006956
5497.76 -0.021184
5500.43 -0.028541
5503.10 -0.013088
5505.77 -0.017102
5508.44 -0.013982
5511.11 -0.011178
5513.78 -0.003090
5516.45 -0.001216
5519.12 -0.002039
5521.79 -0.018710
5524.46 -0.027204
5527.13 -0.008936
5529.80 -0.006108
5532.47 0.019039
5535.14 -0.021292
5537.81 -0.013805
5540.48 -0.001716
5543.15 0.014507
5545.82 -0.013772
5548.49 0.008817
5551.16 0.000051
5553.83 -0.000064
5556.50 -0.023858
5559.17 -0.016571
5561.84 -0.010963
5564.51 -0.022042
5567.18 -0.018432
5569.85 -0.015915
5572.52 -0.025024
5575.19 -0.018330
5577.86 -0.001699
5580.53 -0.007362
5583.20 -0.014827
5585.87 -0.004371
5588.54 -0.004316
5591.21 0.007657
5593.88 -0.005157
5596.55 -0.014391
5599.22 -0.009538
5601.89 -0.036609
5604.56 -0.015116
5607.23 -0.024164
5609.90 -0.005760
5612.57 -0.021052
5615.24 0.009163
5617.91 0.005765
5620.58 0.009426
5623.25 0.004782
5625.92 -0.001796
5628.59 0.005544
5631.26 -0.005474
5633.93 0.007054
5636.60 -0.020272
5639.27 -0.008358
5641.94 -0.008471
5644.61 -0.020329
5647.28 -0.007556
5649.95 -0.010183
5652.62 0.001382
5655.29 -0.018542
5657.96 -0.026223
5660.63 -0.039561
5663.30 -0.001684
5665.97 -0.004087
5668.64 0.002621
5671.31 -0.013362
5673.98 -0.014156
5676.65 -0.003692
5679.32 -0.001870
5681.99 -0.017161
5684.66 -0.028802
5687.33 -0.028393
5690.00 -0.007841
5692.67 -0.002356
5695.34 -0.018690
5698.01 -0.013774
5700.68 -0.026276
5703.35 -0.029116
5706.02 -0.026908
5708.69 -0.018516
5711.36 -0.006370
5714.03 -0.017379
5716.70 -0.028153
5719.37 -0.019381
5722.04 0.011013
5724.71 -0.003347
5727.38 -0.009012
5730.05 0.001099
5732.72 -0.024410
5735.39 -0.000592
5738.06 -0.010542
5740.73 -0.001377
5743.40 -0.002367
5746.07 -0.012608
5748.74 -0.014075
5751.41 -0.000891
5754.08 -0.001164
5756.75 -0.030552
5759.42 -0.017078
5762.09 -0.021507
5764.76 -0.031332
5767.43 -0.006127
5770.10 0.000806
5772.77 -0.001370
5775.44 0.004268
5778.11 -0.007206
5780.78 0.000504
5783.45 -0.023830
5786.12 -0.032408
5788.79 -0.008737
5791.46 -0.010733
5794.13 -0.013204
5796.80 -0.019851
5799.47 -0.005192
5802.14 0.004411
5804.81 -0.013091
5807.48 -0.017853
5810.15 -0.024289
5812.82 0.000057
5815.49 -0.013472
5818.16 -0.018390
5820.83 -0.018072
5823.50 -0.016938
5826.17 -0.011252
5828.84 -0.015783
5831.51 -0.009375
5834.18 0.001855
5836.85 0.036624
5839.52 -0.011375
5842.19 -0.041442
5844.86 -0.010046
5847.53 -0.011456
5850.20 -0.008702
5852.87 -0.007445
5855.54 -0.007093
5858.21 -0.003174
5860.88 -0.008028
5863.55 -0.009070
5866.22 -0.007698
5868.89 -0.027363
5871.56 -0.033774
5874.23 -0.038417
5876.90 -0.029973
5879.57 -0.049075
5882.24 0.008059
5884.91 -0.013360
5887.58 0.021164
5890.25 -0.026447
5892.92 -0.018315
5895.59 -0.038138
5898.26 -0.012965
5900.93 -0.033101
5903.60 -0.014172
5906.27 -0.020258
5908.94 -0.043326
5911.61 -0.006096
5914.28 -0.018662
5916.95 -0.025364
5919.62 -0.037247
5922.29 -0.043496
5924.96 -0.040129
5927.63 -0.038385
5930.30 -0.030120
5932.97 -0.003412
5935.64 -0.018472
5938.31 -0.039983
5940.98 0.007763
5943.65 -0.049863
5946.32 -0.007482
5948.99 -0.014850
5951.66 -0.006236
5954.33 -0.007643
5957.00 -0.022013
5959.67 -0.012180
5962.34 -0.003532
5965.01 -0.023017
5967.68 -0.029184
5970.35 -0.043896
5973.02 0.003357
5975.69 -0.039629
5978.36 -0.024916
5981.03 -0.039227
5983.70 -0.054126
5986.37 -0.028194
5989.04 0.000664
5991.71 -0.018838
5994.38 -0.015074
5997.05 -0.033328
5999.72 -0.019913
6002.39 0.012703
6005.06 -0.027547
6007.73 -0.036520
6010.40 -0.025615
6013.07 -0.035736
6015.74 -0.033401
6018.41 -0.012226
6021.08 -0.047829
6023.75 -0.044080
6026.42 -0.033493
6029.09 -0.041754
6031.76 -0.029234
6034.43 -0.048984
6037.10 -0.051336
6039.77 -0.039669
6042.44 -0.032302
6045.11 -0.021263
6047.78 -0.016105
6050.45 -0.019406
6053.12 -0.046185
6055.79 -0.019559
6058.46 -0.045994
6061.13 -0.048934
6063.80 -0.049119
6066.47 -0.027302
6069.14 -0.026075
6071.81 -0.025682
6074.48 -0.017724
6077.15 -0.022190
6079.82 -0.019547
6082.49 -0.024102
6085.16 -0.011014
6087.83 0.001008
6090.50 -0.023427
6093.17 -0.029044
6095.84 -0.026329
6098.51 -0.010648
6101.18 -0.004305
6103.85 -0.020373
6106.52 -0.029905
6109.19 -0.011371
6111.86 -0.024359
6114.53 -0.048698
6117.20 -0.021995
6119.87 -0.038349
6122.54 -0.010918
6125.21 -0.027174
6127.88 -0.035364
6130.55 -0.021521
6133.22 -0.036653
6135.89 -0.010412
6138.56 -0.012869
6141.23 -0.029519
6143.90 -0.023481
6146.57 -0.004774
6149.24 -0.018980
6151.91 -0.007466
6154.58 -0.022555
6157.25 -0.004831
6159.92 -0.018590
6162.59 -0.025264
6165.26 -0.004820
6167.93 -0.008706
6170.60 -0.013930
6173.27 -0.012557
6175.94 -0.023955
6178.61 -0.033885
6181.28 -0.006114
6183.95 -0.030055
6186.62 -0.013599
6189.29 -0.040305
6191.96 -0.026109
6194.63 -0.021418
6197.30 -0.018974
6199.97 -0.009861
6202.64 0.003868
6205.31 -0.016997
6207.98 -0.009329
6210.65 -0.021793
6213.32 -0.035610
6215.99 -0.020720
6218.66 -0.015501
6221.33 -0.023964
6224.00 -0.013876
6226.67 -0.027131
6229.34 -0.034322
6232.01 -0.042983
6234.68 -0.031504
6237.35 -0.016832
6240.02 -0.019455
6242.69 -0.019016
6245.36 -0.020234
6248.03 -0.000289
6250.70 -0.018784
6253.37 0.005705
6256.04 -0.030654
6258.71 -0.029871
6261.38 0.018974
6264.05 0.012743
6266.72 0.001434
6269.39 -0.000945
6272.06 0.003380
6274.73 0.004504
6277.40 0.008255
6280.07 -0.002271
6282.74 0.010625
6285.41 -0.003658
6288.08 0.004382
6290.75 0.018019
6293.42 0.003287
6296.09 0.013479
6298.76 0.014609
6301.43 0.014017
6304.10 0.003646
6306.77 0.000979
6309.44 0.001840
6312.11 -0.002959
6314.78 0.000937
6317.45 0.007679
6320.12 0.000100
6322.79 0.013275
6325.46 0.008566
6328.13 0.005040
6330.80 0.009805
6333.47 0.012836
6336.14 0.007828
6338.81 0.007992
6341.48 0.010195
6344.15 0.005763
6346.82 0.010247
6349.49 0.006274
6352.16 0.000723
6354.83 -0.001965
6357.50 0.001699
6360.17 0.000620
6362.84 0.008345
6365.51 0.005409
6368.18 0.009286
6370.85 0.005454
6373.52 -0.004623
6376.19 -0.008918
6378.86 0.008276
6381.53 0.000266
6384.20 -0.005660
6386.87 0.002512
6389.54 0.006753
6392.21 0.008240
6394.88 -0.001426
6397.55 -0.002055
6400.22 0.001651
6402.89 0.004643
6405.56 0.011908
6408.23 0.006676
6410.90 -0.001542
6413.57 0.005396
6416.24 0.019678
6418.91 0.013775
6421.58 0.004106
6424.25 0.014040
6426.92 0.005577
6429.59 0.000180
6432.26 0.009489
6434.93 0.005829
6437.60 0.007543
6440.27 0.003888
6442.94 0.004207
6445.61 0.000971
6448.28 0.002710
6450.95 0.003404
6453.62 -0.004042
6456.29 0.008523
6458.96 0.003058
6461.63 0.000905
6464.30 0.001533
6466.97 -0.021046
6469.64 0.002567
6472.31 -0.000414
6474.98 -0.006420
6477.65 -0.003299
6480.32 -0.007879
6482.99 -0.011749
6485.66 -0.004304
6488.33 -0.011097
6491.00 0.003752
6493.67 -0.008700
6496.34 -0.004213
6499.01 -0.029309
6501.68 -0.037050
6504.35 -0.029974
6507.02 -0.024835
6509.69 -0.023039
6512.36 -0.026139
6515.03 -0.038215
6517.70 -0.042785
6520.37 -0.034683
6523.04 -0.039311
6525.71 -0.021492
6528.38 -0.030944
6531.05 -0.032835
6533.72 -0.019986
6536.39 -0.011235
6539.06 -0.015115
6541.73 -0.014555
6544.40 -0.007025
6547.07 -0.006955
6549.74 0.002579
6552.41 0.007851
6555.08 0.052390
6557.75 0.060407
6560.42 0.030213
6563.09 0.040485
6565.76 0.062439
6568.43 0.066230
6571.10 0.060508
6573.77 0.055197
6576.44 0.056821
6579.11 0.042528
6581.78 0.038399
6584.45 0.023328
6587.12 0.015141
6589.79 0.010123
6592.46 0.013678
6595.13 0.015274
6597.80 0.006215
6600.47 0.003356
6603.14 0.010414
6605.81 -0.000330
6608.48 0.009881
6611.15 0.000376
6613.82 0.006322
6616.49 0.009115
6619.16 -0.008740
6621.83 -0.000388
6624.50 -0.005011
6627.17 -0.003152
6629.84 -0.011735
6632.51 -0.012346
6635.18 -0.008108
6637.85 -0.007875
6640.52 -0.009993
6643.19 -0.010125
6645.86 -0.019122
6648.53 -0.009675
6651.20 -0.008456
6653.87 -0.012329
6656.54 -0.005676
6659.21 0.003722
6661.88 0.000176
6664.55 0.000957
6667.22 -0.004396
6669.89 -0.003224
6672.56 0.002868
6675.23 0.005791
6677.90 0.008906
6680.57 -0.000144
6683.24 0.001687
6685.91 0.001794
6688.58 0.005080
6691.25 0.011474
6693.92 0.002620
6696.59 0.004244
6699.26 0.006762
6701.93 0.003111
6704.60 0.006689
6707.27 0.007715
6709.94 0.001147
6712.61 0.001117
6715.28 0.001145
6717.95 0.001173
6720.62 0.001130
6723.29 0.001123
6725.96 0.001116
6728.63 0.001096
6731.30 0.001096
6733.97 0.001085
6736.64 0.001053
6739.31 0.001021
6741.98 0.001010
6744.65 0.001005
6747.32 0.000976
6749.99 0.000963
6752.66 0.000960
6755.33 0.000950
6758.00 0.000959
6760.67 0.000940
6763.34 0.000944
6766.01 0.000930
6768.68 0.000926
6771.35 0.000927
6774.02 0.000939
6776.69 0.000922
6779.36 0.000918
6782.03 0.000919
6784.70 0.000937
6787.37 0.000948
6790.04 0.000933
6792.71 0.000928
6795.38 0.000926
6798.05 0.000907
6800.72 0.000908
6803.39 0.000917
6806.06 0.000922
6808.73 0.000905
6811.40 0.000911
6814.07 0.000912
6816.74 0.000920
6819.41 0.000938
6822.08 0.000908
6824.75 0.000916
6827.42 0.000910
6830.09 0.000924
6832.76 0.000909
6835.43 0.000908
6838.10 0.000909
6840.77 0.000913
6843.44 0.000894
6846.11 0.000890
6848.78 0.000896
6851.45 0.000887
6854.12 0.000892
6856.79 0.000899
6859.46 0.000897
6862.13 0.000877
6864.80 0.000893
6867.47 0.000918
6870.14 0.000897
6872.81 0.000913
6875.48 0.000899
6878.15 0.000902
6880.82 0.000897
6883.49 0.000897
6886.16 0.000907
6888.83 0.000856
6891.50 0.000903
6894.17 0.000899
6896.84 0.000890
6899.51 0.000895
6902.18 0.000894
6904.85 0.000876
6907.52 0.000861
6910.19 0.000914
6912.86 0.000936
6915.53 0.000943
6918.20 0.000938
6920.87 0.000898
6923.54 0.000908
6926.21 0.000892
6928.88 0.000903
6931.55 0.000908
6934.22 0.000905
6936.89 0.000911
6939.56 0.000920
6942.23 0.000883
6944.90 0.000865
6947.57 0.000866
6950.24 0.000916
6952.91 0.000935
6955.58 0.000949
6958.25 0.000932
6960.92 0.000946
6963.59 0.000948
6966.26 0.000941
6968.93 0.000960
6971.60 0.000927
6974.27 0.000957
6976.94 0.000975
6979.61 0.000990
6982.28 0.001028
6984.95 0.001009
6987.62 0.001018
6990.29 0.000992
6992.96 0.000996
6995.63 0.001012
6998.30 0.001010
7000.97 0.000997
7003.64 0.000998
7006.31 0.001001
7008.98 0.000957
7011.65 0.000995
7014.32 0.000991
7016.99 0.000968
7019.66 0.001008
7022.33 0.000986
7025.00 0.001011
7027.67 0.001029
7030.34 0.001012
7033.01 0.001015
7035.68 0.001018
7038.35 0.001038
7041.02 0.001074
7043.69 0.001041
7046.36 0.001021
7049.03 0.001058
7051.70 0.001032
7054.37 0.000997
7057.04 0.000967
7059.71 0.000967
7062.38 0.001017
7065.05 0.001061
7067.72 0.001027
7070.39 0.001004
7073.06 0.000951
7075.73 0.000995
7078.40 0.001015
7081.07 0.001028
7083.74 0.001005
7086.41 0.000954
7089.08 0.000943
7091.75 0.001000
7094.42 0.000994
7097.09 0.000978
7099.76 0.000964
7102.43 0.000973
7105.10 0.000983
7107.77 0.001025
7110.44 0.001017
7113.11 0.001025
7115.78 0.001015
7118.45 0.001044
7121.12 0.001011
7123.79 0.001021
7126.46 0.001025
7129.13 0.001031
7131.80 0.001043
7134.47 0.001024
7137.14 0.001048
7139.81 0.001026
7142.48 0.001012
7145.15 0.001010
7147.82 0.001007
7150.49 0.001009
7153.16 0.000994
7155.83 0.000988
7158.50 0.001017
7161.17 0.000994
7163.84 0.001005
7166.51 0.000974
7169.18 0.001004
7171.85 0.001003
7174.52 0.001021
7177.19 0.001013
7179.86 0.001016
7182.53 0.001030
7185.20 0.001069
7187.87 0.001037
7190.54 0.001016
7193.21 0.000984
7195.88 0.000975
7198.55 0.001035
7201.22 0.000969
7203.89 0.000978
7206.56 0.000970
7209.23 0.000969
7211.90 0.001001
7214.57 0.001002
7217.24 0.000978
7219.91 0.000991
7222.58 0.000984
7225.25 0.001010
7227.92 0.001027
7230.59 0.000991
7233.26 0.000977
7235.93 0.001000
7238.60 0.001013
7241.27 0.001000
7243.94 0.001005
7246.61 0.000982
7249.28 0.000986
7251.95 0.000996
7254.62 0.000989
7257.29 0.000993
7259.96 0.000975
7262.63 0.000964
7265.30 0.000982
7267.97 0.000974
7270.64 0.000983
7273.31 0.001006
7275.98 0.000990
7278.65 0.000967
7281.32 0.000935
7283.99 0.000954
7286.66 0.001003
7289.33 0.001009
7292.00 0.000969
7294.67 0.000976
7297.34 0.000997
7300.01 0.000983
7302.68 0.000982
7305.35 0.000971
7308.02 0.001028
7310.69 0.000984
7313.36 0.001002
7316.03 0.001000
7318.70 0.001037
7321.37 0.001046
7324.04 0.001024
7326.71 0.001028
7329.38 0.001030
7332.05 0.001009
7334.72 0.001020
7337.39 0.001016
7340.06 0.000989
7342.73 0.001001
7345.40 0.000986
7348.07 0.000988
7350.74 0.000984
7353.41 0.000975
7356.08 0.000966
7358.75 0.001016
7361.42 0.000988
7364.09 0.000996
7366.76 0.001005
7369.43 0.001002
7372.10 0.000986
7374.77 0.001004
7377.44 0.000955
7380.11 0.001011
7382.78 0.001019
7385.45 0.000964
7388.12 0.000976
7390.79 0.000975
7393.46 0.000977
7396.13 0.000962
7398.80 0.000967
7401.47 0.000936
7404.14 0.000985
7406.81 0.000975
7409.48 0.000969
7412.15 0.000993
7414.82 0.000913
7417.49 0.000948
7420.16 0.000973
7422.83 0.001006
7425.50 0.000976
7428.17 0.000980
7430.84 0.000924
7433.51 0.000935
7436.18 0.000965
7438.85 0.000940
7441.52 0.000963
7444.19 0.000984
7446.86 0.000963
7449.53 0.000935
7452.20 0.000968
7454.87 0.000973
7457.54 0.001006
7460.21 0.001015
7462.88 0.000993
7465.55 0.001016
7468.22 0.001010
7470.89 0.001007
7473.56 0.001017
7476.23 0.001022
7478.90 0.001006
7481.57 0.001016
7484.24 0.001005
7486.91 0.001003
7489.58 0.001029
7492.25 0.001010
7494.92 0.001003
7497.59 0.000997
