2486.00 -0.081004
2488.67 -0.074172
2491.34 -0.085399
2494.01 -0.076622
2496.68 -0.035299
2499.35 -0.025434
2502.02 -0.006611
2504.69 0.024204
2507.36 -0.028030
2510.03 0.026054
2512.70 -0.022090
2515.37 -0.002063
2518.04 -0.031330
2520.71 0.061795
2523.38 -0.039351
2526.05 0.025195
2528.72 0.098469
2531.39 0.011169
2534.06 0.010416
2536.73 0.074865
2539.40 -0.005246
2542.07 -0.048361
2544.74 -0.028546
2547.41 0.115554
2550.08 -0.069369
2552.75 -0.016438
2555.42 0.022086
2558.09 -0.030593
2560.76 0.006686
2563.43 0.031966
2566.10 0.052634
2568.77 0.040368
2571.44 -0.026411
2574.11 -0.007150
2576.78 -0.008589
2579.45 -0.061824
2582.12 -0.031898
2584.79 0.015190
2587.46 0.018028
2590.13 -0.054931
2592.80 -0.016228
2595.47 0.034858
2598.14 -0.016697
2600.81 0.001252
2603.48 -0.054169
2606.15 0.017214
2608.82 0.002452
2611.49 0.020241
2614.16 -0.009297
2616.83 -0.025582
2619.50 0.012583
2622.17 0.104813
2624.84 -0.012443
2627.51 -0.017326
2630.18 -0.015590
2632.85 0.015386
2635.52 -0.037699
2638.19 0.058574
2640.86 0.007458
2643.53 0.033876
2646.20 -0.005429
2648.87 0.017845
2651.54 0.020146
2654.21 -0.033747
2656.88 -0.021566
2659.55 0.002918
2662.22 -0.102888
2664.89 -0.010866
2667.56 -0.000183
2670.23 -0.040156
2672.90 -0.029642
2675.57 -0.058535
2678.24 -0.028062
2680.91 -0.025389
2683.58 -0.001595
2686.25 -0.019545
2688.92 -0.059897
2691.59 -0.017909
2694.26 -0.008355
2696.93 0.024323
2699.60 -0.010601
2702.27 0.026454
2704.94 -0.041090
2707.61 0.010934
2710.28 0.010119
2712.95 0.002594
2715.62 0.041738
2718.29 0.066799
2720.96 0.037171
2723.63 0.053462
2726.30 0.049134
2728.97 0.093412
2731.64 0.068958
2734.31 0.054079
2736.98 0.015172
2739.65 0.032409
2742.32 0.043897
2744.99 0.035585
2747.66 0.029255
2750.33 0.012293
2753.00 0.027928
2755.67 0.026926
2758.34 -0.002603
2761.01 0.045913
2763.68 0.024604
2766.35 -0.007867
2769.02 0.019784
2771.69 0.035107
2774.36 0.055836
2777.03 0.099151
2779.70 0.068771
2782.37 0.106745
2785.04 0.094863
2787.71 0.028767
2790.38 0.057923
2793.05 0.072650
2795.72 0.022719
2798.39 -0.009614
2801.06 -0.007099
2803.73 -0.046963
2806.40 0.000025
2809.07 -0.024053
2811.74 -0.043122
2814.41 0.017735
2817.08 -0.057475
2819.75 -0.055856
2822.42 -0.025328
2825.09 -0.082797
2827.76 -0.036260
2830.43 -0.005100
2833.10 -0.067359
2835.77 0.010622
2838.44 -0.031196
2841.11 -0.005692
2843.78 -0.064922
2846.45 -0.008195
2849.12 -0.039990
2851.79 -0.020457
2854.46 0.005094
2857.13 0.011874
2859.80 0.001383
2862.47 0.005145
2865.14 -0.000473
2867.81 0.001316
2870.48 -0.062299
2873.15 0.006080
2875.82 -0.003490
2878.49 -0.036318
2881.16 -0.000258
2883.83 -0.008306
2886.50 -0.004772
2889.17 0.007164
2891.84 0.034717
2894.51 -0.007136
2897.18 -0.012931
2899.85 0.027333
2902.52 0.002355
2905.19 0.024027
2907.86 0.005335
2910.53 -0.039284
2913.20 0.012611
2915.87 0.001259
2918.54 0.006121
2921.21 -0.022228
2923.88 -0.002845
2926.55 -0.010106
2929.22 0.002887
2931.89 0.045495
2934.56 -0.009846
2937.23 0.055847
2939.90 0.018206
2942.57 0.027176
2945.24 0.038766
2947.91 0.045885
2950.58 0.033569
2953.25 0.056753
2955.92 0.017596
2958.59 0.005482
2961.26 -0.010373
2963.93 -0.002217
2966.60 0.055469
2969.27 0.010368
2971.94 0.017416
2974.61 0.003301
2977.28 0.031840
2979.95 0.007068
2982.62 0.015821
2985.29 0.019123
2987.96 0.002570
2990.63 0.035973
2993.30 -0.016498
2995.97 0.004331
2998.64 0.014804
3001.31 0.018086
3003.98 0.009629
3006.65 0.024459
3009.32 0.003952
3011.99 0.035817
3014.66 0.006127
3017.33 -0.033003
3020.00 0.011133
3022.67 -0.017319
3025.34 0.009513
3028.01 0.025652
3030.68 0.026419
3033.35 -0.025416
3036.02 -0.034650
3038.69 -0.047501
3041.36 -0.030094
3044.03 -0.012495
3046.70 -0.000608
3049.37 -0.046256
3052.04 0.001621
3054.71 -0.049615
3057.38 -0.046442
3060.05 -0.020045
3062.72 -0.079688
3065.39 -0.027255
3068.06 -0.034088
3070.73 -0.008565
3073.40 0.008542
3076.07 0.016475
3078.74 0.018214
3081.41 -0.024890
3084.08 -0.020084
3086.75 0.029489
3089.42 -0.017987
3092.09 -0.022909
3094.76 -0.008408
3097.43 0.001515
3100.10 0.016344
3102.77 -0.004853
3105.44 -0.008835
3108.11 -0.019123
3110.78 0.006752
3113.45 0.002888
3116.12 -0.027864
3118.79 0.000605
3121.46 -0.005555
3124.13 -0.004752
3126.80 -0.014485
3129.47 -0.006548
3132.14 0.034504
3134.81 -0.018685
3137.48 0.008171
3140.15 0.009928
3142.82 0.001729
3145.49 -0.014073
3148.16 0.000325
3150.83 -0.022446
3153.50 -0.007988
3156.17 -0.045496
3158.84 0.048291
3161.51 0.009215
3164.18 -0.006158
3166.85 -0.013288
3169.52 -0.015972
3172.19 -0.009661
3174.86 -0.011416
3177.53 -0.017898
3180.20 -0.011696
3182.87 -0.056055
3185.54 -0.037869
3188.21 -0.062573
3190.88 -0.029783
3193.55 -0.037860
3196.22 -0.006811
3198.89 -0.011444
3201.56 -0.013237
3204.23 -0.040149
3206.90 -0.015903
3209.57 -0.009585
3212.24 -0.031734
3214.91 -0.002679
3217.58 0.000792
3220.25 -0.033636
3222.92 -0.023885
3225.59 0.000230
3228.26 -0.022938
3230.93 -0.030865
3233.60 -0.034517
3236.27 0.000792
3238.94 0.017613
3241.61 -0.004485
3244.28 -0.005155
3246.95 0.017075
3249.62 -0.021345
3252.29 0.012365
3254.96 -0.014983
3257.63 -0.037199
3260.30 -0.044881
3262.97 -0.009312
3265.64 -0.016334
3268.31 -0.035157
3270.98 -0.033179
3273.65 -0.044661
3276.32 -0.010079
3278.99 -0.013553
3281.66 -0.043986
3284.33 -0.012845
3287.00 -0.027375
3289.67 -0.031571
3292.34 -0.054850
3295.01 -0.011952
3297.68 -0.038318
3300.35 -0.040587
3303.02 -0.008059
3305.69 -0.027057
3308.36 -0.012985
3311.03 -0.018310
3313.70 0.005886
3316.37 -0.001879
3319.04 -0.001957
3321.71 -0.013268
3324.38 -0.018525
3327.05 -0.010562
3329.72 -0.016453
3332.39 0.006117
3335.06 -0.007555
3337.73 -0.017841
3340.40 -0.028542
3343.07 -0.012411
3345.74 -0.011678
3348.41 -0.016764
3351.08 -0.015982
3353.75 0.007644
3356.42 -0.021509
3359.09 -0.000584
3361.76 -0.015199
3364.43 -0.014507
3367.10 -0.026190
3369.77 -0.018040
3372.44 -0.003476
3375.11 0.001811
3377.78 -0.004324
3380.45 -0.034333
3383.12 0.005755
3385.79 0.003883
3388.46 -0.031915
3391.13 0.002680
3393.80 -0.004794
3396.47 -0.055072
3399.14 -0.032319
3401.81 -0.020719
3404.48 -0.033776
3407.15 -0.035212
3409.82 -0.058835
3412.49 -0.033483
3415.16 -0.035169
3417.83 -0.028583
3420.50 -0.030515
3423.17 -0.027057
3425.84 -0.045695
3428.51 -0.048628
3431.18 -0.021563
3433.85 0.001286
3436.52 -0.014136
3439.19 0.004275
3441.86 -0.008917
3444.53 -0.016037
3447.20 -0.010223
3449.87 0.022083
3452.54 -0.017983
3455.21 -0.009493
3457.88 -0.008024
3460.55 0.012146
3463.22 -0.002100
3465.89 0.008844
3468.56 0.010097
3471.23 -0.026983
3473.90 -0.012623
3476.57 0.021717
3479.24 -0.013598
3481.91 -0.013463
3484.58 0.006622
3487.25 0.040583
3489.92 0.002611
3492.59 0.005610
3495.26 -0.002926
3497.93 0.011845
3500.60 -0.000936
3503.27 0.005604
3505.94 -0.003343
3508.61 0.009772
3511.28 0.000665
3513.95 0.017223
3516.62 -0.000374
3519.29 0.007560
3521.96 0.018398
3524.63 0.012922
3527.30 0.023584
3529.97 0.019528
3532.64 0.042253
3535.31 0.036213
3537.98 0.029180
3540.65 0.013549
3543.32 0.029670
3545.99 0.020792
3548.66 0.032757
3551.33 0.035522
3554.00 0.024864
3556.67 0.030789
3559.34 0.036754
3562.01 0.041198
3564.68 0.010164
3567.35 0.009828
3570.02 0.034174
3572.69 -0.002796
3575.36 0.023780
3578.03 0.001500
3580.70 0.017035
3583.37 0.008359
3586.04 0.005530
3588.71 0.027998
3591.38 0.015027
3594.05 0.008366
3596.72 0.011305
3599.39 -0.001155
3602.06 0.036580
3604.73 0.029806
3607.40 0.032276
3610.07 0.010221
3612.74 0.030690
3615.41 -0.000348
3618.08 0.023803
3620.75 0.015376
3623.42 -0.000804
3626.09 0.016379
3628.76 0.006558
3631.43 0.028027
3634.10 0.046423
3636.77 0.010746
3639.44 0.020290
3642.11 0.000372
3644.78 0.023393
3647.45 0.023928
3650.12 0.038464
3652.79 0.024676
3655.46 0.023596
3658.13 0.056566
3660.80 0.035756
3663.47 0.027903
3666.14 0.003756
3668.81 -0.001758
3671.48 0.022076
3674.15 0.016780
3676.82 0.017749
3679.49 0.019604
3682.16 0.023404
3684.83 -0.008296
3687.50 -0.002668
3690.17 0.000535
3692.84 -0.007214
3695.51 0.025621
3698.18 -0.000736
3700.85 0.031101
3703.52 0.036805
3706.19 0.017534
3708.86 -0.000479
3711.53 0.009559
3714.20 0.018438
3716.87 -0.006157
3719.54 0.004535
3722.21 0.026468
3724.88 0.050012
3727.55 0.044333
3730.22 0.036999
3732.89 0.033802
3735.56 0.010632
3738.23 -0.004202
3740.90 0.017736
3743.57 0.005654
3746.24 0.004344
3748.91 0.001229
3751.58 0.005710
3754.25 0.021038
3756.92 -0.025052
3759.59 -0.004644
3762.26 0.027802
3764.93 -0.004737
3767.60 0.000595
3770.27 0.010283
3772.94 -0.005068
3775.61 -0.004424
3778.28 0.017321
3780.95 0.031877
3783.62 -0.004181
3786.29 0.025699
3788.96 -0.022134
3791.63 0.008843
3794.30 0.040404
3796.97 0.018891
3799.64 0.019710
3802.31 0.024473
3804.98 0.007222
3807.65 0.015684
3810.32 -0.002880
3812.99 0.010411
3815.66 -0.002161
3818.33 0.010675
3821.00 0.000658
3823.67 -0.006457
3826.34 0.044416
3829.01 0.023246
3831.68 0.037638
3834.35 0.036008
3837.02 -0.000381
3839.69 0.016091
3842.36 0.013193
3845.03 -0.026895
3847.70 -0.004586
3850.37 -0.007665
3853.04 -0.046990
3855.71 0.005684
3858.38 -0.037323
3861.05 -0.031189
3863.72 -0.021869
3866.39 -0.014673
3869.06 -0.013472
3871.73 -0.011538
3874.40 0.005754
3877.07 -0.009323
3879.74 -0.005923
3882.41 -0.007209
3885.08 0.010000
3887.75 0.019610
3890.42 0.018873
3893.09 0.000349
3895.76 0.036544
3898.43 0.023048
3901.10 -0.008191
3903.77 -0.011170
3906.44 -0.012156
3909.11 -0.015084
3911.78 -0.001654
3914.45 -0.001212
3917.12 0.008974
3919.79 0.007028
3922.46 -0.007602
3925.13 -0.012584
3927.80 -0.007568
3930.47 -0.025415
3933.14 -0.013478
3935.81 -0.014413
3938.48 -0.012899
3941.15 -0.019873
3943.82 -0.002357
3946.49 0.004760
3949.16 -0.005098
3951.83 0.017118
3954.50 0.003459
3957.17 -0.011254
3959.84 -0.003693
3962.51 0.002184
3965.18 -0.001862
3967.85 0.002171
3970.52 0.019851
3973.19 0.004249
3975.86 0.032269
3978.53 0.026913
3981.20 -0.006918
3983.87 0.015914
3986.54 0.006275
3989.21 0.041616
3991.88 0.011965
3994.55 0.017769
3997.22 -0.009088
3999.89 -0.003617
4002.56 -0.009765
4005.23 0.020694
4007.90 0.007265
4010.57 -0.011691
4013.24 -0.003990
4015.91 -0.016796
4018.58 0.015181
4021.25 0.020457
4023.92 -0.005457
4026.59 0.003823
4029.26 -0.014846
4031.93 -0.016048
4034.60 -0.000594
4037.27 0.012670
4039.94 -0.002117
4042.61 0.002633
4045.28 0.013004
4047.95 0.008072
4050.62 -0.009000
4053.29 -0.004862
4055.96 -0.027511
4058.63 0.011257
4061.30 0.017692
4063.97 0.022662
4066.64 0.011796
4069.31 -0.020203
4071.98 -0.009124
4074.65 -0.004099
4077.32 -0.009552
4079.99 -0.002270
4082.66 -0.019861
4085.33 0.006984
4088.00 -0.009368
4090.67 -0.011438
4093.34 0.019369
4096.01 -0.002475
4098.68 0.004477
4101.35 0.005462
4104.02 0.019797
4106.69 0.008913
4109.36 0.024621
4112.03 0.018264
4114.70 -0.015567
4117.37 -0.025470
4120.04 -0.027258
4122.71 -0.010524
4125.38 -0.020142
4128.05 -0.010226
4130.72 -0.009490
4133.39 -0.008638
4136.06 -0.005277
4138.73 -0.016154
4141.40 0.012408
4144.07 -0.002925
4146.74 -0.003603
4149.41 -0.008760
4152.08 -0.003081
4154.75 -0.001870
4157.42 -0.013358
4160.09 -0.017542
4162.76 -0.023064
4165.43 -0.013825
4168.10 -0.033067
4170.77 -0.033853
4173.44 -0.005010
4176.11 -0.017378
4178.78 -0.022476
4181.45 -0.007145
4184.12 -0.016251
4186.79 -0.005733
4189.46 0.012229
4192.13 -0.000379
4194.80 0.001912
4197.47 -0.004638
4200.14 -0.005076
4202.81 -0.009023
4205.48 0.003847
4208.15 0.019132
4210.82 -0.001558
4213.49 0.003334
4216.16 -0.013322
4218.83 0.004468
4221.50 0.014425
4224.17 -0.004372
4226.84 -0.041854
4229.51 -0.032143
4232.18 -0.022489
4234.85 -0.031753
4237.52 -0.028809
4240.19 -0.032462
4242.86 -0.022986
4245.53 -0.007746
4248.20 -0.032390
4250.87 -0.026091
4253.54 -0.010450
4256.21 -0.003857
4258.88 -0.014909
4261.55 -0.012104
4264.22 -0.009563
4266.89 0.009841
4269.56 -0.021919
4272.23 -0.030967
4274.90 -0.009297
4277.57 -0.011609
4280.24 -0.000699
4282.91 0.016238
4285.58 -0.009988
4288.25 -0.011044
4290.92 -0.000816
4293.59 0.016908
4296.26 0.005692
4298.93 0.015599
4301.60 0.011236
4304.27 -0.011792
4306.94 -0.004290
4309.61 -0.000225
4312.28 0.005504
4314.95 0.016130
4317.62 -0.000514
4320.29 -0.009003
4322.96 0.000867
4325.63 0.022911
4328.30 -0.002146
4330.97 0.018095
4333.64 0.007767
4336.31 0.006054
4338.98 0.030494
4341.65 0.025949
4344.32 0.034410
4346.99 0.021554
4349.66 0.030153
4352.33 0.009349
4355.00 0.021818
4357.67 0.003279
4360.34 -0.012498
4363.01 0.008614
4365.68 0.003864
4368.35 -0.004637
4371.02 -0.013092
4373.69 0.000279
4376.36 -0.007345
4379.03 0.012078
4381.70 -0.009951
4384.37 -0.027380
4387.04 -0.011020
4389.71 -0.006708
4392.38 -0.005995
4395.05 0.015225
4397.72 -0.005101
4400.39 -0.018178
4403.06 0.003125
4405.73 -0.007200
4408.40 -0.024607
4411.07 -0.005007
4413.74 -0.009702
4416.41 -0.003884
4419.08 -0.009556
4421.75 0.011843
4424.42 0.011808
4427.09 0.011222
4429.76 0.006737
4432.43 0.007008
4435.10 0.011340
4437.77 0.005360
4440.44 -0.006234
4443.11 0.008054
4445.78 -0.004061
4448.45 0.002137
4451.12 0.010548
4453.79 0.003203
4456.46 0.011470
4459.13 0.016711
4461.80 -0.001971
4464.47 -0.001945
4467.14 0.001996
4469.81 0.009645
4472.48 -0.001738
4475.15 0.007984
4477.82 -0.002903
4480.49 -0.002454
4483.16 -0.007736
4485.83 -0.016996
4488.50 0.001742
4491.17 -0.019153
4493.84 -0.024282
4496.51 -0.003198
4499.18 -0.009990
4501.85 0.012481
4504.52 -0.005189
4507.19 -0.013402
4509.86 -0.021542
4512.53 -0.027165
4515.20 -0.025655
4517.87 -0.035387
4520.54 -0.028885
4523.21 -0.036408
4525.88 -0.016644
4528.55 -0.027449
4531.22 -0.041722
4533.89 -0.023845
4536.56 -0.040489
4539.23 -0.027741
4541.90 -0.051274
4544.57 -0.033053
4547.24 -0.036598
4549.91 -0.031673
4552.58 -0.017393
4555.25 -0.027743
4557.92 -0.022893
4560.59 -0.009143
4563.26 -0.030347
4565.93 -0.024231
4568.60 -0.022483
4571.27 -0.030669
4573.94 -0.036115
4576.61 -0.017961
4579.28 -0.017692
4581.95 -0.035401
4584.62 -0.015289
4587.29 -0.008712
4589.96 -0.008300
4592.63 -0.019405
4595.30 -0.001612
4597.97 -0.005511
4600.64 -0.012739
4603.31 -0.018708
4605.98 -0.010910
4608.65 -0.025201
4611.32 -0.009769
4613.99 -0.023633
4616.66 -0.030569
4619.33 -0.016525
4622.00 -0.034812
4624.67 -0.016717
4627.34 -0.019445
4630.01 -0.023479
4632.68 -0.017512
4635.35 -0.001243
4638.02 -0.013134
4640.69 -0.015429
4643.36 -0.009098
4646.03 -0.026025
4648.70 -0.003644
4651.37 -0.006875
4654.04 -0.027766
4656.71 0.000414
4659.38 -0.001136
4662.05 0.005208
4664.72 0.001606
4667.39 -0.000026
4670.06 0.014487
4672.73 0.006117
4675.40 0.007303
4678.07 0.023675
4680.74 0.027664
4683.41 0.021064
4686.08 0.026620
4688.75 0.019243
4691.42 0.031777
4694.09 0.013591
4696.76 0.015174
4699.43 0.011048
4702.10 0.034970
4704.77 0.025438
4707.44 0.018822
4710.11 0.021882
4712.78 0.035891
4715.45 0.028182
4718.12 0.021610
4720.79 0.039815
4723.46 0.031303
4726.13 0.036055
4728.80 0.034663
4731.47 0.029628
4734.14 0.027639
4736.81 0.033232
4739.48 0.025935
4742.15 0.035866
4744.82 0.020242
4747.49 0.017190
4750.16 0.019358
4752.83 0.038932
4755.50 0.040819
4758.17 0.045567
4760.84 0.019900
4763.51 0.024263
4766.18 0.010348
4768.85 0.029207
4771.52 0.024751
4774.19 0.046654
4776.86 0.029715
4779.53 0.038512
4782.20 0.026607
4784.87 0.015952
4787.54 0.030754
4790.21 0.041199
4792.88 0.062372
4795.55 0.052906
4798.22 0.043390
4800.89 0.052678
4803.56 0.038711
4806.23 0.040016
4808.90 0.042832
4811.57 0.049319
4814.24 0.033184
4816.91 0.044445
4819.58 0.055988
4822.25 0.056930
4824.92 0.052826
4827.59 0.046502
4830.26 0.026626
4832.93 0.031988
4835.60 0.029784
4838.27 0.036382
4840.94 0.031188
4843.61 0.037859
4846.28 0.021084
4848.95 0.036549
4851.62 0.040723
4854.29 0.036220
4856.96 0.030623
4859.63 0.050941
4862.30 0.045792
4864.97 0.029080
4867.64 0.068950
4870.31 0.039135
4872.98 0.028579
4875.65 0.022979
4878.32 0.029141
4880.99 0.001315
4883.66 -0.040913
4886.33 -0.054672
4889.00 -0.032752
4891.67 -0.023269
4894.34 -0.021729
4897.01 -0.021674
4899.68 -0.004197
4902.35 0.018737
4905.02 0.003640
4907.69 -0.005330
4910.36 0.014733
4913.03 -0.007243
4915.70 -0.003756
4918.37 -0.000789
4921.04 -0.003015
4923.71 0.010609
4926.38 0.007337
4929.05 0.015409
4931.72 -0.019842
4934.39 -0.005659
4937.06 0.013042
4939.73 0.010827
4942.40 0.013246
4945.07 -0.007839
4947.74 -0.013814
4950.41 -0.021700
4953.08 -0.015597
4955.75 0.005518
4958.42 0.026725
4961.09 -0.023331
4963.76 0.007761
4966.43 0.012206
4969.10 0.010775
4971.77 0.013512
4974.44 0.010283
4977.11 -0.006224
4979.78 -0.005634
4982.45 -0.025903
4985.12 0.013428
4987.79 -0.019390
4990.46 -0.049813
4993.13 -0.037525
4995.80 -0.052821
4998.47 -0.097823
5001.14 -0.056649
5003.81 0.004637
5006.48 -0.038704
5009.15 -0.208150
5011.82 -0.003740
5014.49 0.027071
5017.16 -0.005708
5019.83 0.012887
5022.50 0.002905
5025.17 0.029842
5027.84 0.022092
5030.51 0.019646
5033.18 0.016584
5035.85 0.014795
5038.52 0.003536
5041.19 0.014182
5043.86 -0.009492
5046.53 -0.005348
5049.20 0.005667
5051.87 0.004624
5054.54 -0.009233
5057.21 0.010447
5059.88 0.016590
5062.55 0.007336
5065.22 0.030590
5067.89 0.027876
5070.56 0.023816
5073.23 0.020668
5075.90 0.021138
5078.57 0.010190
5081.24 0.019857
5083.91 0.005107
5086.58 0.012854
5089.25 0.028215
5091.92 0.018337
5094.59 0.000173
5097.26 0.021944
5099.93 0.020872
5102.60 0.015694
5105.27 -0.008391
5107.94 0.007535
5110.61 -0.005173
5113.28 0.012395
5115.95 0.007699
5118.62 0.025477
5121.29 -0.009178
5123.96 0.006390
5126.63 0.015862
5129.30 0.018946
5131.97 0.021106
5134.64 0.009959
5137.31 0.004662
5139.98 -0.008170
5142.65 -0.026002
5145.32 -0.002285
5147.99 -0.022474
5150.66 0.005396
5153.33 -0.014303
5156.00 -0.014218
5158.67 -0.011619
5161.34 -0.006545
5164.01 -0.003885
5166.68 0.006443
5169.35 -0.004822
5172.02 -0.018186
5174.69 -0.002475
5177.36 -0.015644
5180.03 -0.009079
5182.70 -0.018085
5185.37 -0.006685
5188.04 -0.000769
5190.71 -0.015027
5193.38 -0.013936
5196.05 -0.015874
5198.72 0.003190
5201.39 -0.001546
5204.06 -0.005358
5206.73 -0.017604
5209.40 -0.003811
5212.07 -0.004808
5214.74 -0.018445
5217.41 -0.007203
5220.08 -0.021075
5222.75 0.002011
5225.42 -0.002514
5228.09 -0.015359
5230.76 0.009398
5233.43 -0.017619
5236.10 0.004020
5238.77 -0.001579
5241.44 -0.014819
5244.11 -0.017947
5246.78 0.004172
5249.45 -0.010816
5252.12 0.001263
5254.79 -0.020587
5257.46 -0.026455
5260.13 -0.018008
5262.80 -0.010738
5265.47 -0.003734
5268.14 -0.013563
5270.81 -0.020050
5273.48 -0.030976
5276.15 -0.021833
5278.82 0.000208
5281.49 -0.007771
5284.16 -0.012817
5286.83 -0.002354
5289.50 -0.016123
5292.17 -0.012552
5294.84 -0.004379
5297.51 -0.019347
5300.18 -0.010415
5302.85 0.005072
5305.52 -0.013773
5308.19 -0.037802
5310.86 -0.049753
5313.53 -0.009635
5316.20 -0.049090
5318.87 -0.013847
5321.54 -0.023095
5324.21 -0.011137
5326.88 0.000644
5329.55 -0.003724
5332.22 0.008319
5334.89 -0.008029
5337.56 0.008694
5340.23 -0.004993
5342.90 -0.009813
5345.57 -0.009201
5348.24 -0.010451
5350.91 -0.012365
5353.58 -0.003947
5356.25 0.006791
5358.92 -0.005306
5361.59 0.008054
5364.26 -0.015224
5366.93 0.001720
5369.60 -0.011073
5372.27 -0.003414
5374.94 0.011107
5377.61 -0.008574
5380.28 0.000314
5382.95 0.017671
5385.62 -0.005729
5388.29 -0.012132
5390.96 -0.005200
5393.63 -0.010973
5396.30 -0.016251
5398.97 0.011258
5401.64 -0.002333
5404.31 -0.008161
5406.98 -0.006664
5409.65 0.002709
5412.32 0.002067
5414.99 0.028479
5417.66 -0.026322
5420.33 0.020875
5423.00 0.025204
5425.67 0.023808
5428.34 0.008759
5431.01 0.011801
5433.68 -0.004721
5436.35 -0.020495
5439.02 0.015674
5441.69 0.016494
5444.36 0.021620
5447.03 0.027867
5449.70 0.011650
5452.37 0.009744
5455.04 -0.005169
5457.71 -0.003718
5460.38 0.007924
5463.05 -0.014765
5465.72 0.002533
5468.39 0.011590
5471.06 -0.000742
5473.73 -0.005026
5476.40 -0.011965
5479.07 0.006766
5481.74 0.016422
5484.41 0.015392
5487.08 0.025194
5489.75 0.013385
5492.42 0.009921
5495.09 0.007354
5497.76 -0.013534
5500.43 -0.010603
5503.10 0.000810
5505.77 0.011580
5508.44 -0.005683
5511.11 0.029207
5513.78 0.029324
5516.45 0.006403
5519.12 0.004894
5521.79 0.010354
5524.46 -0.004052
5527.13 0.009367
5529.80 0.001714
5532.47 -0.016954
5535.14 -0.018905
5537.81 0.003927
5540.48 -0.007190
5543.15 0.004038
5545.82 -0.011747
5548.49 0.032246
5551.16 0.016552
5553.83 0.020875
5556.50 0.008142
5559.17 0.007839
5561.84 0.008296
5564.51 0.006401
5567.18 0.009977
5569.85 0.004242
5572.52 0.002881
5575.19 0.018635
5577.86 0.000820
5580.53 0.007155
5583.20 0.004447
5585.87 -0.003597
5588.54 0.006507
5591.21 0.013747
5593.88 0.017990
5596.55 0.007714
5599.22 0.013324
5601.89 0.032024
5604.56 -0.016238
5607.23 -0.002136
5609.90 -0.018058
5612.57 0.014905
5615.24 0.028538
5617.91 0.029416
5620.58 0.019307
5623.25 0.024822
5625.92 0.006226
5628.59 0.013399
5631.26 0.010871
5633.93 0.008527
5636.60 0.002737
5639.27 -0.000104
5641.94 0.017577
5644.61 -0.014375
5647.28 0.020736
5649.95 0.002302
5652.62 0.001979
5655.29 -0.007559
5657.96 -0.005595
5660.63 0.003399
5663.30 -0.020095
5665.97 0.003045
5668.64 -0.018403
5671.31 0.006105
5673.98 -0.005775
5676.65 -0.002152
5679.32 -0.011157
5681.99 0.015066
5684.66 0.008184
5687.33 -0.004414
5690.00 -0.004443
5692.67 -0.000787
5695.34 0.036582
5698.01 -0.002518
5700.68 -0.010390
5703.35 0.007075
5706.02 0.005440
5708.69 0.003721
5711.36 0.017613
5714.03 0.024021
5716.70 0.022360
5719.37 0.017465
5722.04 0.016598
5724.71 -0.004666
5727.38 -0.012599
5730.05 -0.012379
5732.72 0.015693
5735.39 -0.004956
5738.06 0.012015
5740.73 0.023731
5743.40 0.016490
5746.07 -0.013019
5748.74 0.016325
5751.41 0.041748
5754.08 0.014696
5756.75 0.013980
5759.42 0.003524
5762.09 0.012483
5764.76 0.019171
5767.43 -0.005829
5770.10 -0.015963
5772.77 -0.005999
5775.44 -0.023526
5778.11 -0.046098
5780.78 0.007348
5783.45 0.006992
5786.12 0.031964
5788.79 -0.011947
5791.46 0.012868
5794.13 0.016741
5796.80 0.018685
5799.47 0.002069
5802.14 -0.000932
5804.81 0.030936
5807.48 0.005364
5810.15 0.017000
5812.82 0.015395
5815.49 0.010944
5818.16 0.015678
5820.83 -0.012881
5823.50 -0.018056
5826.17 0.012398
5828.84 0.030112
5831.51 0.007851
5834.18 -0.007475
5836.85 0.011755
5839.52 0.009430
5842.19 0.018139
5844.86 0.031612
5847.53 -0.026545
5850.20 0.024219
5852.87 0.002464
5855.54 0.001026
5858.21 -0.001764
5860.88 0.026626
5863.55 0.067145
5866.22 0.055049
5868.89 0.050869
5871.56 0.027064
5874.23 0.043092
5876.90 0.058730
5879.57 0.037913
5882.24 0.041552
5884.91 0.019943
5887.58 0.045844
5890.25 0.033242
5892.92 0.033199
5895.59 0.051228
5898.26 0.026838
5900.93 0.033801
5903.60 0.050971
5906.27 0.020562
5908.94 0.031526
5911.61 -0.008471
5914.28 -0.004825
5916.95 -0.008787
5919.62 -0.018836
5922.29 0.008199
5924.96 -0.007892
5927.63 0.030285
5930.30 0.013821
5932.97 0.012627
5935.64 0.031917
5938.31 0.027363
5940.98 -0.003825
5943.65 0.021529
5946.32 0.012791
5948.99 0.018203
5951.66 0.019059
5954.33 -0.009782
5957.00 0.002722
5959.67 -0.022938
5962.34 0.039081
5965.01 -0.002913
5967.68 0.017837
5970.35 0.004086
5973.02 -0.005169
5975.69 0.012607
5978.36 -0.030824
5981.03 0.000325
5983.70 0.014097
5986.37 -0.016035
5989.04 -0.028882
5991.71 -0.026729
5994.38 -0.008853
5997.05 -0.025501
5999.72 0.010626
6002.39 -0.034628
6005.06 -0.014603
6007.73 -0.048094
6010.40 -0.038374
6013.07 -0.033541
6015.74 -0.040154
6018.41 0.008040
6021.08 -0.032978
6023.75 -0.015579
6026.42 -0.004074
6029.09 -0.021558
6031.76 -0.020362
6034.43 -0.017231
6037.10 -0.002597
6039.77 -0.017917
6042.44 -0.038721
6045.11 -0.035196
6047.78 -0.011191
6050.45 -0.028448
6053.12 -0.018261
6055.79 -0.006026
6058.46 0.005783
6061.13 -0.003463
6063.80 -0.005367
6066.47 0.005371
6069.14 -0.014382
6071.81 -0.007894
6074.48 0.020343
6077.15 -0.001248
6079.82 -0.040173
6082.49 -0.016874
6085.16 -0.026766
6087.83 -0.005868
6090.50 -0.002622
6093.17 -0.018528
6095.84 -0.002352
6098.51 -0.015285
6101.18 -0.013663
6103.85 -0.003905
6106.52 -0.008008
6109.19 -0.021712
6111.86 -0.010194
6114.53 0.008434
6117.20 -0.006430
6119.87 -0.032455
6122.54 -0.025986
6125.21 0.007367
6127.88 -0.004862
6130.55 -0.036493
6133.22 -0.014662
6135.89 -0.041368
6138.56 0.011111
6141.23 -0.010201
6143.90 0.026702
6146.57 -0.027711
6149.24 -0.009576
6151.91 -0.000600
6154.58 -0.017238
6157.25 0.011014
6159.92 -0.028527
6162.59 -0.002287
6165.26 -0.032462
6167.93 -0.025857
6170.60 -0.022769
6173.27 -0.005318
6175.94 0.019176
6178.61 0.003921
6181.28 -0.011798
6183.95 0.011894
6186.62 0.013080
6189.29 0.023664
6191.96 0.014298
6194.63 0.009511
6197.30 0.012585
6199.97 0.026800
6202.64 0.030000
6205.31 -0.008216
6207.98 0.000358
6210.65 0.008864
6213.32 0.021556
6215.99 -0.003819
6218.66 -0.017763
6221.33 0.005681
6224.00 0.001983
6226.67 0.007129
6229.34 0.011980
6232.01 0.010011
6234.68 -0.003865
6237.35 0.011175
6240.02 0.000300
6242.69 0.004526
6245.36 0.003112
6248.03 -0.000952
6250.70 0.024158
6253.37 0.014313
6256.04 0.034851
6258.71 0.046013
6261.38 -0.004876
6264.05 0.010924
6266.72 0.022545
6269.39 0.006346
6272.06 0.010025
6274.73 0.005640
6277.40 0.016594
6280.07 0.006791
6282.74 0.000861
6285.41 0.029303
6288.08 0.028257
6290.75 0.017991
6293.42 0.015609
6296.09 -0.018233
6298.76 0.032216
6301.43 -0.003512
6304.10 0.004803
6306.77 0.034750
6309.44 0.009073
6312.11 0.021714
6314.78 0.003447
6317.45 0.003647
6320.12 0.007351
6322.79 0.012573
6325.46 0.017648
6328.13 0.004633
6330.80 0.004417
6333.47 0.002711
6336.14 -0.000538
6338.81 0.018323
6341.48 -0.000371
6344.15 0.013197
6346.82 0.020859
6349.49 0.016675
6352.16 0.018536
6354.83 -0.005074
6357.50 0.013819
6360.17 0.010490
6362.84 0.010943
6365.51 0.008771
6368.18 0.015420
6370.85 0.008461
6373.52 0.011649
6376.19 0.014147
6378.86 0.014237
6381.53 0.027430
6384.20 0.033576
6386.87 0.018068
6389.54 -0.001974
6392.21 0.016140
6394.88 0.015539
6397.55 0.011476
6400.22 0.008423
6402.89 0.014977
6405.56 0.022350
6408.23 0.020410
6410.90 -0.012677
6413.57 -0.000521
6416.24 0.006078
6418.91 0.003755
6421.58 0.002320
6424.25 0.005446
6426.92 0.011523
6429.59 0.004175
6432.26 0.011059
6434.93 0.022410
6437.60 0.003405
6440.27 0.014631
6442.94 0.010964
6445.61 -0.009674
6448.28 0.011244
6450.95 0.002120
6453.62 0.011368
6456.29 -0.015182
6458.96 -0.002214
6461.63 0.007533
6464.30 0.003434
6466.97 -0.008167
6469.64 -0.015981
6472.31 -0.015956
6474.98 -0.002137
6477.65 -0.011027
6480.32 -0.011619
6482.99 -0.013016
6485.66 -0.004406
6488.33 0.002111
6491.00 -0.017996
6493.67 -0.032533
6496.34 -0.019086
6499.01 -0.019862
6501.68 -0.022462
6504.35 -0.034649
6507.02 -0.040355
6509.69 -0.032036
6512.36 -0.032463
6515.03 -0.022137
6517.70 -0.046371
6520.37 -0.050287
6523.04 -0.056254
6525.71 -0.069066
6528.38 -0.050667
6531.05 -0.075436
6533.72 -0.099335
6536.39 -0.063589
6539.06 -0.068474
6541.73 -0.058586
6544.40 -0.058222
6547.07 -0.058582
6549.74 -0.034071
6552.41 -0.018981
6555.08 0.045336
6557.75 0.051265
6560.42 0.015776
6563.09 0.026679
6565.76 0.051330
6568.43 0.056108
6571.10 0.050690
6573.77 0.045392
6576.44 0.048184
6579.11 0.032633
6581.78 0.028673
6584.45 0.012117
6587.12 0.003215
6589.79 -0.001767
6592.46 0.003063
6595.13 0.005520
6597.80 -0.004155
6600.47 -0.006885
6603.14 0.001686
6605.81 -0.009896
6608.48 0.002036
6611.15 -0.008352
6613.82 -0.001224
6616.49 0.002505
6619.16 -0.017469
6621.83 -0.007925
6624.50 -0.012872
6627.17 -0.010408
6629.84 -0.020025
6632.51 -0.020463
6635.18 -0.015625
6637.85 -0.015219
6640.52 -0.017465
6643.19 -0.017402
6645.86 -0.027428
6648.53 -0.016647
6651.20 -0.015225
6653.87 -0.019527
6656.54 -0.011946
6659.21 -0.001084
6661.88 -0.005058
6664.55 -0.004041
6667.22 -0.009936
6669.89 -0.008613
6672.56 -0.001546
6675.23 0.001911
6677.90 0.005473
6680.57 -0.004734
6683.24 -0.002668
6685.91 -0.002268
6688.58 0.001512
6691.25 0.008858
6693.92 -0.001162
6696.59 0.000686
6699.26 0.003616
6701.93 -0.000513
6704.60 0.003617
6707.27 0.004800
6709.94 -0.002702
6712.61 -0.002679
6715.28 -0.002745
6717.95 -0.002814
6720.62 -0.002711
6723.29 -0.002693
6725.96 -0.002678
6728.63 -0.002628
6731.30 -0.002628
6733.97 -0.002603
6736.64 -0.002525
6739.31 -0.002447
6741.98 -0.002422
6744.65 -0.002411
6747.32 -0.002342
6749.99 -0.002310
6752.66 -0.002303
6755.33 -0.002278
6758.00 -0.002300
6760.67 -0.002256
6763.34 -0.002263
6766.01 -0.002231
6768.68 -0.002220
6771.35 -0.002222
6774.02 -0.002252
6776.69 -0.002211
6779.36 -0.002201
6782.03 -0.002203
6784.70 -0.002248
6787.37 -0.002274
6790.04 -0.002237
6792.71 -0.002225
6795.38 -0.002221
6798.05 -0.002174
6800.72 -0.002178
6803.39 -0.002199
6806.06 -0.002212
6808.73 -0.002171
6811.40 -0.002184
6814.07 -0.002187
6816.74 -0.002206
6819.41 -0.002249
6822.08 -0.002178
6824.75 -0.002197
6827.42 -0.002184
6830.09 -0.002216
6832.76 -0.002180
6835.43 -0.002177
6838.10 -0.002181
6840.77 -0.002190
6843.44 -0.002144
6846.11 -0.002135
6848.78 -0.002150
6851.45 -0.002126
6854.12 -0.002140
6856.79 -0.002155
6859.46 -0.002150
6862.13 -0.002103
6864.80 -0.002142
6867.47 -0.002202
6870.14 -0.002151
6872.81 -0.002190
6875.48 -0.002156
6878.15 -0.002164
6880.82 -0.002153
6883.49 -0.002151
6886.16 -0.002174
6888.83 -0.002052
6891.50 -0.002166
6894.17 -0.002156
6896.84 -0.002135
6899.51 -0.002146
6902.18 -0.002145
6904.85 -0.002099
6907.52 -0.002065
6910.19 -0.002193
6912.86 -0.002246
6915.53 -0.002260
6918.20 -0.002249
6920.87 -0.002154
6923.54 -0.002177
6926.21 -0.002140
6928.88 -0.002165
6931.55 -0.002177
6934.22 -0.002170
6936.89 -0.002185
6939.56 -0.002207
6942.23 -0.002118
6944.90 -0.002075
6947.57 -0.002077
6950.24 -0.002196
6952.91 -0.002243
6955.58 -0.002275
6958.25 -0.002235
6960.92 -0.002269
6963.59 -0.002274
6966.26 -0.002258
6968.93 -0.002303
6971.60 -0.002223
6974.27 -0.002296
6976.94 -0.002339
6979.61 -0.002376
6982.28 -0.002465
6984.95 -0.002420
6987.62 -0.002441
6990.29 -0.002379
6992.96 -0.002388
6995.63 -0.002427
6998.30 -0.002422
7000.97 -0.002390
7003.64 -0.002393
7006.31 -0.002400
7008.98 -0.002296
7011.65 -0.002387
7014.32 -0.002378
7016.99 -0.002323
7019.66 -0.002417
7022.33 -0.002365
7025.00 -0.002425
7027.67 -0.002468
7030.34 -0.002426
7033.01 -0.002435
7035.68 -0.002443
7038.35 -0.002489
7041.02 -0.002577
7043.69 -0.002496
7046.36 -0.002448
7049.03 -0.002537
7051.70 -0.002475
7054.37 -0.002392
7057.04 -0.002320
7059.71 -0.002320
7062.38 -0.002440
7065.05 -0.002543
7067.72 -0.002463
7070.39 -0.002408
7073.06 -0.002282
7075.73 -0.002386
7078.40 -0.002435
7081.07 -0.002466
7083.74 -0.002410
7086.41 -0.002288
7089.08 -0.002262
7091.75 -0.002398
7094.42 -0.002384
7097.09 -0.002346
7099.76 -0.002312
7102.43 -0.002333
7105.10 -0.002358
7107.77 -0.002458
7110.44 -0.002440
7113.11 -0.002460
7115.78 -0.002434
7118.45 -0.002503
7121.12 -0.002424
7123.79 -0.002449
7126.46 -0.002457
7129.13 -0.002472
7131.80 -0.002501
7134.47 -0.002456
7137.14 -0.002513
7139.81 -0.002460
7142.48 -0.002428
7145.15 -0.002421
7147.82 -0.002416
7150.49 -0.002420
7153.16 -0.002385
7155.83 -0.002369
7158.50 -0.002439
7161.17 -0.002384
7163.84 -0.002409
7166.51 -0.002335
7169.18 -0.002408
7171.85 -0.002407
7174.52 -0.002449
7177.19 -0.002429
7179.86 -0.002438
7182.53 -0.002471
7185.20 -0.002565
7187.87 -0.002487
7190.54 -0.002437
7193.21 -0.002360
7195.88 -0.002340
7198.55 -0.002482
7201.22 -0.002325
7203.89 -0.002345
7206.56 -0.002327
7209.23 -0.002325
7211.90 -0.002400
7214.57 -0.002404
7217.24 -0.002345
7219.91 -0.002377
7222.58 -0.002359
7225.25 -0.002421
7227.92 -0.002464
7230.59 -0.002376
7233.26 -0.002344
7235.93 -0.002399
7238.60 -0.002429
7241.27 -0.002400
7243.94 -0.002411
7246.61 -0.002355
7249.28 -0.002365
7251.95 -0.002389
7254.62 -0.002373
7257.29 -0.002382
7259.96 -0.002339
7262.63 -0.002311
7265.30 -0.002354
7267.97 -0.002337
7270.64 -0.002357
7273.31 -0.002412
7275.98 -0.002374
7278.65 -0.002319
7281.32 -0.002242
7283.99 -0.002288
7286.66 -0.002405
7289.33 -0.002420
7292.00 -0.002323
7294.67 -0.002342
7297.34 -0.002390
7300.01 -0.002358
7302.68 -0.002355
7305.35 -0.002328
7308.02 -0.002465
7310.69 -0.002360
7313.36 -0.002404
7316.03 -0.002397
7318.70 -0.002488
7321.37 -0.002507
7324.04 -0.002456
7326.71 -0.002466
7329.38 -0.002471
7332.05 -0.002419
7334.72 -0.002447
7337.39 -0.002438
7340.06 -0.002371
7342.73 -0.002400
7345.40 -0.002365
7348.07 -0.002370
7350.74 -0.002359
7353.41 -0.002338
7356.08 -0.002317
7358.75 -0.002438
7361.42 -0.002369
7364.09 -0.002389
7366.76 -0.002411
7369.43 -0.002404
7372.10 -0.002365
7374.77 -0.002409
7377.44 -0.002291
7380.11 -0.002425
7382.78 -0.002443
7385.45 -0.002313
7388.12 -0.002342
7390.79 -0.002339
7393.46 -0.002343
7396.13 -0.002308
7398.80 -0.002319
7401.47 -0.002244
7404.14 -0.002363
7406.81 -0.002338
7409.48 -0.002323
7412.15 -0.002381
7414.82 -0.002189
7417.49 -0.002275
7420.16 -0.002333
7422.83 -0.002413
7425.50 -0.002341
7428.17 -0.002350
7430.84 -0.002216
7433.51 -0.002242
7436.18 -0.002313
7438.85 -0.002255
7441.52 -0.002311
7444.19 -0.002359
7446.86 -0.002310
7449.53 -0.002242
7452.20 -0.002322
7454.87 -0.002335
7457.54 -0.002412
7460.21 -0.002435
7462.88 -0.002382
7465.55 -0.002438
7468.22 -0.002421
7470.89 -0.002414
7473.56 -0.002440
7476.23 -0.002452
7478.90 -0.002413
7481.57 -0.002435
7484.24 -0.002411
7486.91 -0.002407
7489.58 -0.002467
7492.25 -0.002422
7494.92 -0.002405
7497.59 -0.002392
