2486.00 -0.033441
2488.67 -0.034991
2491.34 -0.036200
2494.01 -0.021687
2496.68 0.013080
2499.35 0.025757
2502.02 0.078069
2504.69 0.110033
2507.36 -0.042023
2510.03 -0.053901
2512.70 0.020759
2515.37 0.003689
2518.04 -0.080504
2520.71 -0.054097
2523.38 -0.031118
2526.05 0.049483
2528.72 0.008986
2531.39 -0.002811
2534.06 -0.043542
2536.73 0.032132
2539.40 0.055266
2542.07 0.047587
2544.74 0.004930
2547.41 0.038836
2550.08 -0.009414
2552.75 0.058042
2555.42 0.015820
2558.09 -0.064410
2560.76 -0.049706
2563.43 -0.029274
2566.10 -0.018616
2568.77 -0.099538
2571.44 -0.024190
2574.11 -0.044770
2576.78 0.051826
2579.45 0.030887
2582.12 0.039229
2584.79 -0.079487
2587.46 0.063158
2590.13 0.013721
2592.80 0.064325
2595.47 0.131287
2598.14 0.062685
2600.81 -0.010554
2603.48 -0.020396
2606.15 -0.017441
2608.82 0.031092
2611.49 0.051325
2614.16 -0.012995
2616.83 -0.007543
2619.50 0.063889
2622.17 -0.043928
2624.84 0.013480
2627.51 -0.016258
2630.18 0.042578
2632.85 -0.123480
2635.52 0.001661
2638.19 0.012482
2640.86 0.041722
2643.53 -0.026915
2646.20 -0.040728
2648.87 -0.021155
2651.54 -0.000722
2654.21 0.036880
2656.88 -0.047591
2659.55 -0.008325
2662.22 -0.122771
2664.89 -0.045239
2667.56 -0.008015
2670.23 0.017057
2672.90 0.074561
2675.57 -0.003766
2678.24 -0.052474
2680.91 0.009432
2683.58 -0.038608
2686.25 0.061023
2688.92 -0.039601
2691.59 -0.002306
2694.26 0.018779
2696.93 0.064238
2699.60 0.008644
2702.27 0.065017
2704.94 -0.026435
2707.61 0.014253
2710.28 0.040193
2712.95 -0.023253
2715.62 -0.005746
2718.29 0.038579
2720.96 0.035063
2723.63 -0.024613
2726.30 0.023677
2728.97 -0.000515
2731.64 -0.061475
2734.31 0.104363
2736.98 0.043632
2739.65 -0.070805
2742.32 0.072214
2744.99 0.020759
2747.66 0.004505
2750.33 -0.007052
2753.00 -0.038435
2755.67 -0.011970
2758.34 -0.030152
2761.01 0.055286
2763.68 -0.000303
2766.35 -0.016277
2769.02 -0.002793
2771.69 0.069496
2774.36 0.038105
2777.03 -0.067661
2779.70 -0.032897
2782.37 0.063612
2785.04 -0.000415
2787.71 -0.054033
2790.38 0.006595
2793.05 0.020305
2795.72 0.018263
2798.39 -0.034799
2801.06 0.006243
2803.73 -0.025273
2806.40 -0.049950
2809.07 -0.032215
2811.74 0.032428
2814.41 0.044344
2817.08 -0.002123
2819.75 0.024832
2822.42 0.017958
2825.09 0.018355
2827.76 0.062753
2830.43 -0.067664
2833.10 -0.024295
2835.77 -0.017114
2838.44 0.026335
2841.11 0.125735
2843.78 -0.017736
2846.45 -0.001959
2849.12 -0.007538
2851.79 -0.036250
2854.46 -0.026388
2857.13 0.000726
2859.80 0.032356
2862.47 -0.072875
2865.14 0.018823
2867.81 0.007461
2870.48 -0.019649
2873.15 -0.064531
2875.82 -0.065586
2878.49 0.034155
2881.16 0.020435
2883.83 -0.013745
2886.50 -0.010686
2889.17 0.004039
2891.84 -0.064413
2894.51 -0.017040
2897.18 -0.059300
2899.85 -0.053880
2902.52 0.003049
2905.19 0.019960
2907.86 -0.011841
2910.53 0.017151
2913.20 -0.046411
2915.87 0.016452
2918.54 -0.016594
2921.21 0.030492
2923.88 0.023370
2926.55 -0.049163
2929.22 0.079410
2931.89 0.038989
2934.56 -0.026141
2937.23 0.007768
2939.90 0.023808
2942.57 -0.019677
2945.24 -0.067672
2947.91 -0.001432
2950.58 -0.014276
2953.25 -0.009877
2955.92 -0.037380
2958.59 -0.011991
2961.26 -0.088656
2963.93 -0.057485
2966.60 -0.065339
2969.27 -0.043960
2971.94 0.014483
2974.61 -0.034064
2977.28 -0.054111
2979.95 0.035400
2982.62 0.009579
2985.29 0.017741
2987.96 -0.022091
2990.63 -0.007707
2993.30 -0.023270
2995.97 0.003772
2998.64 0.001911
3001.31 -0.021146
3003.98 0.003261
3006.65 0.025062
3009.32 0.014775
3011.99 0.022039
3014.66 0.011931
3017.33 0.009418
3020.00 -0.001663
3022.67 -0.022368
3025.34 0.057455
3028.01 0.014007
3030.68 -0.009879
3033.35 0.039724
3036.02 0.025265
3038.69 0.020748
3041.36 0.018825
3044.03 0.006208
3046.70 0.042130
3049.37 -0.007263
3052.04 0.005345
3054.71 -0.002494
3057.38 0.000870
3060.05 -0.021677
3062.72 -0.007729
3065.39 0.023673
3068.06 -0.002986
3070.73 -0.032311
3073.40 -0.018401
3076.07 0.046282
3078.74 0.094163
3081.41 0.012440
3084.08 0.014849
3086.75 0.043613
3089.42 0.002398
3092.09 0.001992
3094.76 -0.017696
3097.43 0.025159
3100.10 -0.031537
3102.77 0.015126
3105.44 0.018350
3108.11 0.023119
3110.78 -0.027695
3113.45 -0.019671
3116.12 -0.065563
3118.79 -0.006828
3121.46 -0.010844
3124.13 -0.000610
3126.80 0.018292
3129.47 -0.002151
3132.14 0.029768
3134.81 0.028720
3137.48 0.039114
3140.15 0.016111
3142.82 0.010441
3145.49 -0.033009
3148.16 -0.015884
3150.83 -0.000328
3153.50 0.004401
3156.17 -0.017343
3158.84 -0.009024
3161.51 0.018242
3164.18 -0.007008
3166.85 0.045672
3169.52 0.047071
3172.19 -0.043598
3174.86 0.022819
3177.53 -0.000475
3180.20 -0.030834
3182.87 0.013084
3185.54 0.035676
3188.21 -0.019756
3190.88 0.019728
3193.55 0.021620
3196.22 -0.016516
3198.89 0.044675
3201.56 -0.035534
3204.23 -0.031625
3206.90 0.006753
3209.57 0.033393
3212.24 -0.021656
3214.91 0.018527
3217.58 0.014018
3220.25 0.043507
3222.92 0.022156
3225.59 0.005324
3228.26 -0.006854
3230.93 0.033124
3233.60 -0.008734
3236.27 -0.016652
3238.94 0.002207
3241.61 0.017504
3244.28 0.011236
3246.95 -0.010772
3249.62 0.008315
3252.29 0.071590
3254.96 0.058895
3257.63 -0.018704
3260.30 0.003309
3262.97 -0.037288
3265.64 0.027626
3268.31 0.018014
3270.98 0.040261
3273.65 0.057643
3276.32 0.022395
3278.99 -0.024404
3281.66 0.017616
3284.33 0.001060
3287.00 0.010594
3289.67 -0.036774
3292.34 -0.018589
3295.01 0.014294
3297.68 -0.018487
3300.35 -0.048865
3303.02 0.016489
3305.69 -0.021086
3308.36 0.020969
3311.03 -0.007676
3313.70 -0.003360
3316.37 0.003649
3319.04 -0.006100
3321.71 -0.021255
3324.38 0.009437
3327.05 -0.018382
3329.72 0.054578
3332.39 0.015839
3335.06 0.001808
3337.73 -0.011357
3340.40 0.038067
3343.07 0.020131
3345.74 -0.015291
3348.41 0.011340
3351.08 0.001276
3353.75 -0.044749
3356.42 -0.025760
3359.09 0.000632
3361.76 -0.015524
3364.43 -0.011477
3367.10 -0.034814
3369.77 -0.015131
3372.44 0.012314
3375.11 0.010672
3377.78 0.029246
3380.45 -0.015346
3383.12 -0.008064
3385.79 -0.008033
3388.46 -0.012315
3391.13 0.031235
3393.80 0.023808
3396.47 0.015637
3399.14 -0.032825
3401.81 0.004498
3404.48 -0.006862
3407.15 -0.033335
3409.82 -0.065494
3412.49 -0.027681
3415.16 -0.022271
3417.83 -0.014486
3420.50 -0.026897
3423.17 0.008616
3425.84 0.002216
3428.51 -0.058463
3431.18 -0.020303
3433.85 -0.014820
3436.52 -0.017462
3439.19 -0.007617
3441.86 0.002398
3444.53 -0.003745
3447.20 -0.008800
3449.87 0.023127
3452.54 -0.023885
3455.21 0.013780
3457.88 0.038596
3460.55 0.004824
3463.22 0.026719
3465.89 -0.019383
3468.56 0.033913
3471.23 -0.001529
3473.90 -0.018073
3476.57 -0.014073
3479.24 -0.035272
3481.91 0.020392
3484.58 0.005807
3487.25 -0.028538
3489.92 -0.009924
3492.59 -0.014781
3495.26 0.027561
3497.93 0.036834
3500.60 0.009331
3503.27 -0.038359
3505.94 0.010530
3508.61 0.002666
3511.28 -0.021581
3513.95 0.051847
3516.62 -0.014806
3519.29 -0.023069
3521.96 0.008643
3524.63 0.001766
3527.30 0.006704
3529.97 -0.001602
3532.64 -0.031676
3535.31 -0.003457
3537.98 0.021466
3540.65 -0.001008
3543.32 -0.011498
3545.99 -0.027061
3548.66 -0.017905
3551.33 -0.013086
3554.00 -0.000602
3556.67 -0.021058
3559.34 -0.009311
3562.01 -0.005932
3564.68 -0.005603
3567.35 -0.018324
3570.02 -0.025855
3572.69 0.007042
3575.36 0.005571
3578.03 -0.034284
3580.70 0.021739
3583.37 0.005373
3586.04 -0.002052
3588.71 -0.020157
3591.38 0.061708
3594.05 -0.051867
3596.72 0.015215
3599.39 -0.010114
3602.06 -0.007444
3604.73 -0.033278
3607.40 -0.017964
3610.07 -0.007525
3612.74 0.006980
3615.41 0.001724
3618.08 -0.006581
3620.75 0.010479
3623.42 0.001896
3626.09 0.061692
3628.76 0.033336
3631.43 0.001550
3634.10 -0.024353
3636.77 0.015127
3639.44 0.006003
3642.11 -0.032896
3644.78 -0.033595
3647.45 -0.046778
3650.12 -0.045367
3652.79 -0.033894
3655.46 -0.026842
3658.13 0.012960
3660.80 0.016873
3663.47 0.007156
3666.14 -0.017562
3668.81 0.012765
3671.48 -0.009463
3674.15 -0.028748
3676.82 -0.002261
3679.49 0.030950
3682.16 -0.000275
3684.83 -0.015669
3687.50 -0.010873
3690.17 0.034528
3692.84 -0.025978
3695.51 -0.026447
3698.18 -0.035363
3700.85 -0.019136
3703.52 0.001664
3706.19 -0.027009
3708.86 0.002664
3711.53 -0.011928
3714.20 -0.005271
3716.87 -0.018670
3719.54 -0.020675
3722.21 -0.019662
3724.88 -0.056428
3727.55 -0.054426
3730.22 -0.062820
3732.89 -0.062595
3735.56 -0.049713
3738.23 0.008783
3740.90 -0.003863
3743.57 -0.007501
3746.24 0.008741
3748.91 0.013475
3751.58 -0.013695
3754.25 0.033384
3756.92 -0.001220
3759.59 0.007226
3762.26 0.017746
3764.93 -0.005804
3767.60 0.010441
3770.27 0.002171
3772.94 0.010307
3775.61 0.027089
3778.28 0.024532
3780.95 0.032225
3783.62 0.011149
3786.29 0.004302
3788.96 0.013501
3791.63 0.028816
3794.30 0.002219
3796.97 0.010158
3799.64 -0.004809
3802.31 0.024887
3804.98 0.013827
3807.65 -0.011122
3810.32 -0.000777
3812.99 0.008099
3815.66 0.012516
3818.33 -0.022417
3821.00 0.002536
3823.67 -0.004555
3826.34 0.008527
3829.01 -0.009564
3831.68 0.005456
3834.35 0.020060
3837.02 -0.009988
3839.69 0.034683
3842.36 0.034482
3845.03 0.013515
3847.70 0.023640
3850.37 0.018516
3853.04 0.021692
3855.71 -0.011969
3858.38 0.004052
3861.05 -0.009762
3863.72 0.031945
3866.39 0.010989
3869.06 0.021422
3871.73 0.021061
3874.40 0.022356
3877.07 0.025238
3879.74 0.006926
3882.41 -0.023086
3885.08 0.007846
3887.75 0.010507
3890.42 -0.002204
3893.09 0.033435
3895.76 0.036068
3898.43 0.025515
3901.10 -0.001752
3903.77 -0.013661
3906.44 0.000499
3909.11 0.008739
3911.78 0.012831
3914.45 0.001734
3917.12 -0.005913
3919.79 0.003280
3922.46 -0.028890
3925.13 -0.017823
3927.80 -0.012189
3930.47 -0.008356
3933.14 -0.012986
3935.81 0.012911
3938.48 0.003582
3941.15 -0.016696
3943.82 -0.004026
3946.49 -0.029886
3949.16 -0.043039
3951.83 -0.023416
3954.50 0.009601
3957.17 -0.007771
3959.84 -0.045035
3962.51 -0.023152
3965.18 -0.006477
3967.85 0.072094
3970.52 0.053401
3973.19 0.009083
3975.86 0.042689
3978.53 0.004690
3981.20 -0.002689
3983.87 0.034271
3986.54 -0.002917
3989.21 -0.015233
3991.88 -0.004689
3994.55 -0.020274
3997.22 0.015597
3999.89 -0.015204
4002.56 0.004696
4005.23 0.019753
4007.90 0.024549
4010.57 0.029264
4013.24 0.020519
4015.91 0.018170
4018.58 0.022844
4021.25 0.016571
4023.92 0.009855
4026.59 0.020717
4029.26 0.013328
4031.93 -0.009789
4034.60 0.018529
4037.27 -0.012938
4039.94 -0.001261
4042.61 -0.029185
4045.28 0.018879
4047.95 0.007656
4050.62 -0.010272
4053.29 0.037926
4055.96 0.024720
4058.63 -0.011320
4061.30 0.000688
4063.97 -0.019042
4066.64 0.022921
4069.31 0.025547
4071.98 -0.014096
4074.65 -0.003843
4077.32 -0.000053
4079.99 -0.010574
4082.66 0.024407
4085.33 0.026973
4088.00 -0.020487
4090.67 0.009948
4093.34 0.009938
4096.01 0.014582
4098.68 -0.007732
4101.35 0.009371
4104.02 0.023122
4106.69 0.015680
4109.36 -0.021982
4112.03 -0.005139
4114.70 0.008808
4117.37 -0.024846
4120.04 -0.013168
4122.71 0.024825
4125.38 0.016252
4128.05 0.016869
4130.72 0.028504
4133.39 0.013004
4136.06 0.010241
4138.73 0.008461
4141.40 0.027268
4144.07 -0.005193
4146.74 -0.003876
4149.41 0.018328
4152.08 -0.000368
4154.75 -0.019702
4157.42 -0.011115
4160.09 -0.010581
4162.76 0.001313
4165.43 0.009253
4168.10 -0.006752
4170.77 -0.017976
4173.44 0.006080
4176.11 -0.001355
4178.78 0.005234
4181.45 0.047642
4184.12 0.007800
4186.79 -0.018624
4189.46 -0.017638
4192.13 0.017981
4194.80 -0.005987
4197.47 0.014159
4200.14 0.002319
4202.81 0.024844
4205.48 0.006742
4208.15 0.023206
4210.82 0.006008
4213.49 0.016635
4216.16 0.004783
4218.83 -0.007647
4221.50 -0.010545
4224.17 -0.016446
4226.84 0.007482
4229.51 -0.012253
4232.18 0.023515
4234.85 0.028030
4237.52 0.017926
4240.19 0.017115
4242.86 -0.005657
4245.53 0.004129
4248.20 0.012406
4250.87 -0.004022
4253.54 0.004793
4256.21 -0.003814
4258.88 -0.011595
4261.55 0.003230
4264.22 -0.022115
4266.89 -0.031903
4269.56 -0.021581
4272.23 0.000202
4274.90 0.006579
4277.57 -0.003894
4280.24 -0.010636
4282.91 -0.020087
4285.58 -0.033182
4288.25 0.010208
4290.92 -0.006953
4293.59 -0.018723
4296.26 -0.013563
4298.93 -0.027457
4301.60 -0.026766
4304.27 -0.008806
4306.94 0.010567
4309.61 0.008480
4312.28 0.015382
4314.95 -0.010310
4317.62 -0.010835
4320.29 -0.004794
4322.96 -0.024057
4325.63 -0.021213
4328.30 -0.028464
4330.97 -0.024832
4333.64 -0.014372
4336.31 -0.022974
4338.98 0.000579
4341.65 -0.001006
4344.32 0.016009
4346.99 -0.007792
4349.66 -0.010421
4352.33 0.005895
4355.00 -0.004095
4357.67 0.023253
4360.34 0.020694
4363.01 0.032699
4365.68 0.042917
4368.35 0.020931
4371.02 0.031927
4373.69 -0.006419
4376.36 -0.004418
4379.03 -0.014923
4381.70 -0.016643
4384.37 0.000397
4387.04 -0.001876
4389.71 -0.002936
4392.38 0.005716
4395.05 -0.027652
4397.72 -0.001903
4400.39 -0.019864
4403.06 0.001030
4405.73 0.010806
4408.40 -0.029082
4411.07 -0.022778
4413.74 -0.011183
4416.41 0.031895
4419.08 0.019546
4421.75 -0.004104
4424.42 0.002547
4427.09 0.012597
4429.76 0.003345
4432.43 0.016607
4435.10 -0.006304
4437.77 0.002261
4440.44 0.009583
4443.11 0.028263
4445.78 -0.017659
4448.45 -0.006776
4451.12 -0.010689
4453.79 0.003529
4456.46 0.007332
4459.13 -0.012334
4461.80 -0.014800
4464.47 -0.011447
4467.14 0.011860
4469.81 0.008506
4472.48 0.002163
4475.15 0.016691
4477.82 -0.020375
4480.49 -0.017534
4483.16 -0.021977
4485.83 -0.003925
4488.50 0.004182
4491.17 0.008047
4493.84 0.022160
4496.51 0.000135
4499.18 0.009190
4501.85 0.005973
4504.52 0.004546
4507.19 0.001386
4509.86 0.009881
4512.53 0.015770
4515.20 0.020179
4517.87 -0.003649
4520.54 0.025686
4523.21 -0.019270
4525.88 0.007415
4528.55 -0.000908
4531.22 0.004276
4533.89 -0.003269
4536.56 -0.006664
4539.23 -0.007207
4541.90 -0.012749
4544.57 -0.003524
4547.24 -0.023648
4549.91 0.016198
4552.58 0.007369
4555.25 -0.015963
4557.92 0.016632
4560.59 -0.007236
4563.26 -0.029141
4565.93 -0.004301
4568.60 -0.006547
4571.27 0.001221
4573.94 -0.021723
4576.61 -0.002415
4579.28 0.016057
4581.95 0.013953
4584.62 0.017208
4587.29 0.023047
4589.96 0.015439
4592.63 -0.021973
4595.30 0.008333
4597.97 -0.001278
4600.64 -0.008022
4603.31 0.011623
4605.98 -0.006683
4608.65 0.014424
4611.32 0.006092
4613.99 0.019737
4616.66 0.012475
4619.33 0.012733
4622.00 0.002138
4624.67 -0.007343
4627.34 -0.018061
4630.01 -0.001761
4632.68 0.005575
4635.35 0.016891
4638.02 0.006261
4640.69 -0.001277
4643.36 -0.017098
4646.03 -0.018036
4648.70 -0.006070
4651.37 0.004389
4654.04 0.023782
4656.71 0.005660
4659.38 0.005922
4662.05 -0.003675
4664.72 -0.001913
4667.39 0.008936
4670.06 0.012340
4672.73 -0.007000
4675.40 -0.014935
4678.07 0.002429
4680.74 0.011813
4683.41 -0.000308
4686.08 0.025940
4688.75 0.016449
4691.42 0.011102
4694.09 0.008387
4696.76 0.025039
4699.43 0.020330
4702.10 0.008151
4704.77 0.002521
4707.44 0.023984
4710.11 0.002272
4712.78 0.008069
4715.45 0.011520
4718.12 0.025800
4720.79 0.009271
4723.46 0.014620
4726.13 0.006631
4728.80 0.009874
4731.47 0.016908
4734.14 0.002114
4736.81 0.034301
4739.48 0.016965
4742.15 -0.000846
4744.82 0.001157
4747.49 -0.001682
4750.16 0.017519
4752.83 0.014609
4755.50 0.012832
4758.17 0.008654
4760.84 0.012971
4763.51 0.025208
4766.18 -0.006060
4768.85 0.013452
4771.52 -0.000641
4774.19 0.007190
4776.86 0.012047
4779.53 0.020903
4782.20 -0.004181
4784.87 -0.009029
4787.54 0.011766
4790.21 0.016164
4792.88 0.004739
4795.55 -0.025989
4798.22 0.003308
4800.89 -0.008265
4803.56 -0.005168
4806.23 0.015472
4808.90 -0.001628
4811.57 0.005953
4814.24 0.021041
4816.91 0.015980
4819.58 -0.015624
4822.25 -0.019241
4824.92 -0.006363
4827.59 -0.002855
4830.26 -0.006749
4832.93 -0.030849
4835.60 -0.007640
4838.27 -0.023994
4840.94 -0.004343
4843.61 -0.043208
4846.28 -0.038720
4848.95 -0.033854
4851.62 0.013771
4854.29 -0.013112
4856.96 0.018236
4859.63 0.022209
4862.30 0.039197
4864.97 0.008380
4867.64 0.003087
4870.31 0.002499
4872.98 0.020314
4875.65 0.005083
4878.32 0.028091
4880.99 0.040696
4883.66 0.042041
4886.33 0.032325
4889.00 0.030060
4891.67 0.038801
4894.34 0.035219
4897.01 0.022487
4899.68 0.028216
4902.35 -0.002739
4905.02 0.004988
4907.69 0.009151
4910.36 -0.011714
4913.03 -0.024546
4915.70 -0.015699
4918.37 -0.010977
4921.04 -0.033356
4923.71 -0.003214
4926.38 0.008928
4929.05 -0.000286
4931.72 0.020562
4934.39 0.024659
4937.06 -0.007461
4939.73 0.011696
4942.40 -0.008101
4945.07 0.016048
4947.74 0.011622
4950.41 0.033030
4953.08 -0.003690
4955.75 -0.008285
4958.42 0.042824
4961.09 -0.037787
4963.76 -0.016185
4966.43 -0.019370
4969.10 -0.010316
4971.77 0.001988
4974.44 -0.017178
4977.11 -0.007715
4979.78 -0.014492
4982.45 -0.009999
4985.12 -0.034055
4987.79 0.024897
4990.46 -0.024392
4993.13 0.006779
4995.80 0.008577
4998.47 0.034952
5001.14 0.026171
5003.81 -0.004119
5006.48 0.034077
5009.15 -0.040656
5011.82 -0.030121
5014.49 -0.006737
5017.16 0.027670
5019.83 -0.018513
5022.50 -0.008939
5025.17 0.010148
5027.84 0.018711
5030.51 0.011965
5033.18 0.010490
5035.85 0.003259
5038.52 0.031000
5041.19 0.006508
5043.86 0.016961
5046.53 0.014299
5049.20 0.007840
5051.87 0.024190
5054.54 -0.010280
5057.21 0.001510
5059.88 0.008499
5062.55 0.005347
5065.22 0.009716
5067.89 -0.000845
5070.56 0.008840
5073.23 0.018646
5075.90 0.009444
5078.57 -0.005708
5081.24 0.007299
5083.91 -0.013751
5086.58 0.004361
5089.25 0.025157
5091.92 0.000686
5094.59 -0.008672
5097.26 0.001439
5099.93 -0.013747
5102.60 0.004548
5105.27 -0.002059
5107.94 -0.013518
5110.61 0.017118
5113.28 -0.011801
5115.95 0.017973
5118.62 -0.019287
5121.29 -0.015753
5123.96 -0.012956
5126.63 0.003448
5129.30 -0.011816
5131.97 -0.012145
5134.64 -0.014689
5137.31 -0.038795
5139.98 0.000526
5142.65 -0.006757
5145.32 -0.063022
5147.99 -0.031557
5150.66 0.007533
5153.33 -0.014653
5156.00 0.020185
5158.67 -0.037865
5161.34 -0.037234
5164.01 0.008849
5166.68 -0.032165
5169.35 0.000244
5172.02 0.030035
5174.69 0.001533
5177.36 -0.016290
5180.03 0.000904
5182.70 -0.009428
5185.37 0.009788
5188.04 -0.002340
5190.71 0.006697
5193.38 0.037685
5196.05 0.010889
5198.72 0.042647
5201.39 0.000700
5204.06 -0.009866
5206.73 -0.003527
5209.40 -0.000118
5212.07 0.008210
5214.74 -0.009937
5217.41 -0.017438
5220.08 -0.007423
5222.75 0.018115
5225.42 0.003438
5228.09 -0.019103
5230.76 -0.001012
5233.43 0.003567
5236.10 -0.011765
5238.77 0.002514
5241.44 0.005620
5244.11 -0.011928
5246.78 0.005401
5249.45 -0.019734
5252.12 0.013803
5254.79 -0.001786
5257.46 -0.008141
5260.13 -0.008807
5262.80 0.006022
5265.47 -0.002389
5268.14 0.012510
5270.81 -0.013501
5273.48 -0.025955
5276.15 0.022693
5278.82 -0.050709
5281.49 0.019345
5284.16 0.005219
5286.83 0.028451
5289.50 0.011197
5292.17 -0.015524
5294.84 0.021983
5297.51 0.013258
5300.18 -0.000929
5302.85 -0.023224
5305.52 -0.032227
5308.19 -0.051281
5310.86 0.000207
5313.53 -0.025526
5316.20 -0.035955
5318.87 0.004497
5321.54 -0.025922
5324.21 -0.004014
5326.88 0.000737
5329.55 -0.022818
5332.22 -0.019253
5334.89 -0.019452
5337.56 0.002738
5340.23 0.008607
5342.90 -0.015502
5345.57 -0.009270
5348.24 -0.029632
5350.91 0.002413
5353.58 -0.002499
5356.25 -0.021779
5358.92 -0.021164
5361.59 -0.029929
5364.26 0.007083
5366.93 0.009905
5369.60 -0.023929
5372.27 -0.003892
5374.94 -0.013379
5377.61 -0.029721
5380.28 -0.029281
5382.95 -0.030122
5385.62 -0.006297
5388.29 0.005212
5390.96 0.021849
5393.63 -0.016848
5396.30 -0.017113
5398.97 -0.004906
5401.64 0.007106
5404.31 -0.035022
5406.98 -0.027835
5409.65 -0.009203
5412.32 -0.015577
5414.99 -0.003899
5417.66 0.022727
5420.33 0.007293
5423.00 0.031596
5425.67 -0.017230
5428.34 -0.012816
5431.01 -0.041787
5433.68 -0.007369
5436.35 -0.009177
5439.02 -0.018044
5441.69 0.004075
5444.36 -0.002857
5447.03 -0.007450
5449.70 0.011705
5452.37 -0.012617
5455.04 -0.031187
5457.71 -0.014464
5460.38 -0.012681
5463.05 0.025597
5465.72 -0.006429
5468.39 -0.022960
5471.06 -0.000825
5473.73 -0.007574
5476.40 0.022948
5479.07 0.005649
5481.74 0.009842
5484.41 0.007541
5487.08 -0.012241
5489.75 -0.035047
5492.42 -0.013537
5495.09 -0.039334
5497.76 0.002935
5500.43 -0.004168
5503.10 0.008884
5505.77 -0.009653
5508.44 -0.004695
5511.11 0.007761
5513.78 -0.018014
5516.45 0.012765
5519.12 -0.006586
5521.79 -0.014255
5524.46 -0.016508
5527.13 0.008851
5529.80 0.013165
5532.47 0.012815
5535.14 -0.004008
5537.81 0.015942
5540.48 -0.034837
5543.15 -0.013107
5545.82 0.015667
5548.49 0.002312
5551.16 0.017810
5553.83 -0.004012
5556.50 0.004957
5559.17 0.009840
5561.84 -0.008603
5564.51 0.014811
5567.18 -0.018745
5569.85 -0.017365
5572.52 -0.004353
5575.19 0.009599
5577.86 0.012341
5580.53 0.018942
5583.20 0.012967
5585.87 -0.007785
5588.54 -0.001181
5591.21 0.000600
5593.88 0.018064
5596.55 -0.001226
5599.22 0.023474
5601.89 0.000661
5604.56 -0.035775
5607.23 -0.011030
5609.90 -0.005175
5612.57 -0.022546
5615.24 -0.014664
5617.91 -0.034216
5620.58 0.018556
5623.25 -0.013768
5625.92 -0.010524
5628.59 0.004965
5631.26 -0.019002
5633.93 -0.006137
5636.60 0.027329
5639.27 0.007498
5641.94 -0.006127
5644.61 0.011998
5647.28 -0.015533
5649.95 0.023458
5652.62 -0.009997
5655.29 -0.023099
5657.96 -0.009096
5660.63 -0.036344
5663.30 -0.039376
5665.97 -0.036174
5668.64 -0.012708
5671.31 0.015472
5673.98 0.021966
5676.65 -0.001604
5679.32 -0.030225
5681.99 -0.001131
5684.66 -0.002787
5687.33 0.012661
5690.00 0.017473
5692.67 0.015254
5695.34 -0.005944
5698.01 0.019946
5700.68 0.014864
5703.35 -0.017868
5706.02 0.015402
5708.69 -0.003309
5711.36 0.005149
5714.03 0.029987
5716.70 0.003647
5719.37 0.007871
5722.04 0.007559
5724.71 0.026942
5727.38 0.012156
5730.05 0.001500
5732.72 -0.022710
5735.39 0.037314
5738.06 -0.006777
5740.73 -0.021775
5743.40 0.014848
5746.07 0.022404
5748.74 0.009134
5751.41 -0.002295
5754.08 -0.033203
5756.75 -0.025659
5759.42 0.005438
5762.09 0.037738
5764.76 0.003794
5767.43 -0.004217
5770.10 0.008625
5772.77 0.002962
5775.44 0.014665
5778.11 -0.013984
5780.78 -0.008365
5783.45 -0.038582
5786.12 0.011843
5788.79 -0.024282
5791.46 0.001698
5794.13 -0.023648
5796.80 0.010504
5799.47 -0.003163
5802.14 0.017664
5804.81 -0.003019
5807.48 0.004184
5810.15 0.015463
5812.82 -0.019804
5815.49 0.022885
5818.16 -0.054924
5820.83 0.023280
5823.50 -0.014091
5826.17 0.012752
5828.84 0.012825
5831.51 -0.010816
5834.18 0.016730
5836.85 -0.017600
5839.52 0.011863
5842.19 -0.031327
5844.86 0.015111
5847.53 -0.049883
5850.20 -0.030474
5852.87 -0.017295
5855.54 0.008362
5858.21 0.009517
5860.88 -0.040855
5863.55 -0.004996
5866.22 -0.061194
5868.89 -0.017782
5871.56 0.016538
5874.23 -0.025982
5876.90 -0.000163
5879.57 -0.008456
5882.24 -0.035812
5884.91 -0.002449
5887.58 -0.012615
5890.25 -0.032090
5892.92 -0.003667
5895.59 0.010526
5898.26 -0.011567
5900.93 0.009463
5903.60 -0.021379
5906.27 -0.005113
5908.94 0.010852
5911.61 -0.008634
5914.28 0.034225
5916.95 0.084629
5919.62 0.070639
5922.29 0.029149
5924.96 0.084337
5927.63 0.015889
5930.30 -0.010176
5932.97 -0.003623
5935.64 -0.005201
5938.31 0.005641
5940.98 0.015499
5943.65 0.025155
5946.32 0.056518
5948.99 -0.012302
5951.66 0.000534
5954.33 0.014208
5957.00 0.013100
5959.67 0.059150
5962.34 -0.005776
5965.01 0.000815
5967.68 -0.020278
5970.35 0.048196
5973.02 0.065697
5975.69 0.002504
5978.36 0.018008
5981.03 0.013145
5983.70 -0.014981
5986.37 -0.022806
5989.04 0.040229
5991.71 -0.060214
5994.38 -0.026500
5997.05 0.052929
5999.72 0.053960
6002.39 0.028069
6005.06 -0.041382
6007.73 0.001344
6010.40 0.042401
6013.07 0.027688
6015.74 0.012331
6018.41 -0.029090
6021.08 0.014790
6023.75 0.069299
6026.42 0.108491
6029.09 0.066956
6031.76 0.007323
6034.43 0.049882
6037.10 0.000015
6039.77 -0.035097
6042.44 0.038049
6045.11 0.035995
6047.78 0.016349
6050.45 0.028684
6053.12 -0.005793
6055.79 0.035655
6058.46 0.012834
6061.13 -0.009980
6063.80 -0.006914
6066.47 0.003741
6069.14 -0.002237
6071.81 -0.039301
6074.48 -0.022293
6077.15 -0.024517
6079.82 -0.032418
6082.49 0.034431
6085.16 -0.034052
6087.83 0.005146
6090.50 0.000868
6093.17 -0.014071
6095.84 -0.009863
6098.51 0.007902
6101.18 0.000344
6103.85 -0.001798
6106.52 0.006896
6109.19 -0.038160
6111.86 0.016113
6114.53 0.028214
6117.20 -0.067978
6119.87 0.025953
6122.54 0.033642
6125.21 0.075051
6127.88 -0.008148
6130.55 -0.043937
6133.22 -0.030621
6135.89 0.002110
6138.56 0.016595
6141.23 -0.021515
6143.90 -0.013177
6146.57 0.007067
6149.24 0.040752
6151.91 0.033278
6154.58 0.005413
6157.25 -0.006420
6159.92 0.007607
6162.59 0.014233
6165.26 0.004964
6167.93 -0.008711
6170.60 -0.015411
6173.27 0.006654
6175.94 -0.030016
6178.61 0.039686
6181.28 0.019062
6183.95 0.024719
6186.62 0.003939
6189.29 -0.018496
6191.96 -0.002214
6194.63 0.012341
6197.30 0.001365
6199.97 -0.001680
6202.64 -0.019861
6205.31 -0.042098
6207.98 0.004584
6210.65 -0.020461
6213.32 0.002063
6215.99 -0.007613
6218.66 -0.049296
6221.33 -0.028273
6224.00 -0.029648
6226.67 -0.022913
6229.34 0.042793
6232.01 0.006128
6234.68 0.017459
6237.35 -0.007789
6240.02 0.014467
6242.69 0.014336
6245.36 -0.001566
6248.03 -0.012223
6250.70 -0.008081
6253.37 -0.026211
6256.04 -0.015029
6258.71 0.003922
6261.38 -0.048887
6264.05 -0.015787
6266.72 -0.008699
6269.39 0.002607
6272.06 -0.014690
6274.73 -0.012464
6277.40 0.012471
6280.07 -0.022395
6282.74 -0.027388
6285.41 -0.006402
6288.08 0.000508
6290.75 -0.019829
6293.42 -0.015885
6296.09 -0.008225
6298.76 0.000506
6301.43 0.000075
6304.10 -0.017575
6306.77 -0.016602
6309.44 -0.024497
6312.11 -0.011322
6314.78 -0.024893
6317.45 0.002938
6320.12 -0.015427
6322.79 -0.020939
6325.46 -0.030780
6328.13 -0.008855
6330.80 0.005392
6333.47 0.005437
6336.14 -0.006093
6338.81 -0.008267
6341.48 0.012630
6344.15 0.013271
6346.82 0.003990
6349.49 0.009190
6352.16 -0.029164
6354.83 -0.013044
6357.50 0.004336
6360.17 0.000764
6362.84 0.003119
6365.51 0.003228
6368.18 0.003368
6370.85 0.005598
6373.52 -0.017288
6376.19 -0.036768
6378.86 0.009313
6381.53 -0.003285
6384.20 -0.010317
6386.87 -0.010107
6389.54 0.015778
6392.21 -0.005757
6394.88 -0.018699
6397.55 -0.006366
6400.22 -0.010303
6402.89 -0.008754
6405.56 -0.007397
6408.23 -0.013693
6410.90 0.025332
6413.57 0.001325
6416.24 0.040535
6418.91 0.029696
6421.58 0.019010
6424.25 0.040543
6426.92 0.008590
6429.59 0.006832
6432.26 0.012812
6434.93 -0.010590
6437.60 0.017948
6440.27 -0.015048
6442.94 0.009272
6445.61 -0.002233
6448.28 0.003036
6450.95 0.016066
6453.62 -0.020536
6456.29 0.025820
6458.96 0.014558
6461.63 0.020284
6464.30 0.020714
6466.97 -0.032739
6469.64 0.019676
6472.31 0.020274
6474.98 0.013037
6477.65 0.019683
6480.32 0.002570
6482.99 -0.000222
6485.66 0.008237
6488.33 0.009188
6491.00 0.054092
6493.67 0.013132
6496.34 0.016131
6499.01 -0.024286
6501.68 -0.043582
6504.35 -0.014614
6507.02 -0.014111
6509.69 -0.019733
6512.36 -0.020482
6515.03 -0.056693
6517.70 -0.040003
6520.37 -0.021921
6523.04 -0.021480
6525.71 0.021002
6528.38 -0.015470
6531.05 0.004230
6533.72 0.051059
6536.39 0.025865
6539.06 0.022824
6541.73 0.014416
6544.40 0.022361
6547.07 0.021494
6549.74 0.011216
6552.41 0.003828
6555.08 0.003105
6557.75 0.005168
6560.42 -0.003097
6563.09 -0.000961
6565.76 0.004386
6568.43 0.005609
6571.10 0.004795
6573.77 0.003886
6576.44 0.004840
6579.11 0.001644
6581.78 0.001029
6584.45 -0.002428
6587.12 -0.004255
6589.79 -0.005103
6592.46 -0.003753
6595.13 -0.002981
6597.80 -0.004903
6600.47 -0.005320
6603.14 -0.003229
6605.81 -0.005568
6608.48 -0.002813
6611.15 -0.004963
6613.82 -0.003256
6616.49 -0.002233
6619.16 -0.006538
6621.83 -0.004409
6624.50 -0.005394
6627.17 -0.004724
6629.84 -0.006803
6632.51 -0.006808
6635.18 -0.005731
6637.85 -0.005590
6640.52 -0.006032
6643.19 -0.005941
6645.86 -0.008088
6648.53 -0.005687
6651.20 -0.005360
6653.87 -0.006277
6656.54 -0.004593
6659.21 -0.002126
6661.88 -0.002985
6664.55 -0.002714
6667.22 -0.003950
6669.89 -0.003661
6672.56 -0.002048
6675.23 -0.001234
6677.90 -0.000440
6680.57 -0.002669
6683.24 -0.002218
6685.91 -0.002030
6688.58 -0.001178
6691.25 0.000474
6693.92 -0.001726
6696.59 -0.001317
6699.26 -0.000645
6701.93 -0.001550
6704.60 -0.000615
6707.27 -0.000347
6709.94 -0.002019
6712.61 -0.001992
6715.28 -0.002041
6717.95 -0.002092
6720.62 -0.002015
6723.29 -0.002002
6725.96 -0.001990
6728.63 -0.001954
6731.30 -0.001953
6733.97 -0.001935
6736.64 -0.001877
6739.31 -0.001819
6741.98 -0.001801
6744.65 -0.001792
6747.32 -0.001741
6749.99 -0.001717
6752.66 -0.001711
6755.33 -0.001694
6758.00 -0.001709
6760.67 -0.001677
6763.34 -0.001683
6766.01 -0.001658
6768.68 -0.001651
6771.35 -0.001652
6774.02 -0.001674
6776.69 -0.001643
6779.36 -0.001636
6782.03 -0.001638
6784.70 -0.001671
6787.37 -0.001691
6790.04 -0.001663
6792.71 -0.001654
6795.38 -0.001651
6798.05 -0.001617
6800.72 -0.001619
6803.39 -0.001635
6806.06 -0.001644
6808.73 -0.001614
6811.40 -0.001623
6814.07 -0.001626
6816.74 -0.001640
6819.41 -0.001672
6822.08 -0.001619
6824.75 -0.001634
6827.42 -0.001623
6830.09 -0.001648
6832.76 -0.001621
6835.43 -0.001618
6838.10 -0.001622
6840.77 -0.001628
6843.44 -0.001594
6846.11 -0.001587
6848.78 -0.001598
6851.45 -0.001581
6854.12 -0.001591
6856.79 -0.001602
6859.46 -0.001598
6862.13 -0.001563
6864.80 -0.001592
6867.47 -0.001637
6870.14 -0.001599
6872.81 -0.001629
6875.48 -0.001603
6878.15 -0.001609
6880.82 -0.001600
6883.49 -0.001599
6886.16 -0.001616
6888.83 -0.001526
6891.50 -0.001610
6894.17 -0.001603
6896.84 -0.001587
6899.51 -0.001595
6902.18 -0.001595
6904.85 -0.001561
6907.52 -0.001535
6910.19 -0.001630
6912.86 -0.001669
6915.53 -0.001680
6918.20 -0.001672
6920.87 -0.001601
6923.54 -0.001618
6926.21 -0.001591
6928.88 -0.001610
6931.55 -0.001618
6934.22 -0.001613
6936.89 -0.001625
6939.56 -0.001640
6942.23 -0.001575
6944.90 -0.001543
6947.57 -0.001544
6950.24 -0.001632
6952.91 -0.001667
6955.58 -0.001691
6958.25 -0.001661
6960.92 -0.001686
6963.59 -0.001690
6966.26 -0.001678
6968.93 -0.001712
6971.60 -0.001653
6974.27 -0.001707
6976.94 -0.001739
6979.61 -0.001766
6982.28 -0.001832
6984.95 -0.001799
6987.62 -0.001815
6990.29 -0.001768
6992.96 -0.001775
6995.63 -0.001804
6998.30 -0.001801
7000.97 -0.001777
7003.64 -0.001779
7006.31 -0.001784
7008.98 -0.001707
7011.65 -0.001775
7014.32 -0.001767
7016.99 -0.001726
7019.66 -0.001796
7022.33 -0.001757
7025.00 -0.001803
7027.67 -0.001835
7030.34 -0.001803
7033.01 -0.001810
7035.68 -0.001816
7038.35 -0.001850
7041.02 -0.001916
7043.69 -0.001855
7046.36 -0.001820
7049.03 -0.001886
7051.70 -0.001840
7054.37 -0.001778
7057.04 -0.001725
7059.71 -0.001725
7062.38 -0.001813
7065.05 -0.001891
7067.72 -0.001831
7070.39 -0.001790
7073.06 -0.001696
7075.73 -0.001773
7078.40 -0.001810
7081.07 -0.001833
7083.74 -0.001792
7086.41 -0.001700
7089.08 -0.001681
7091.75 -0.001783
7094.42 -0.001772
7097.09 -0.001744
7099.76 -0.001718
7102.43 -0.001734
7105.10 -0.001753
7107.77 -0.001827
7110.44 -0.001814
7113.11 -0.001828
7115.78 -0.001809
7118.45 -0.001861
7121.12 -0.001802
7123.79 -0.001820
7126.46 -0.001826
7129.13 -0.001838
7131.80 -0.001859
7134.47 -0.001826
7137.14 -0.001868
7139.81 -0.001829
7142.48 -0.001805
7145.15 -0.001800
7147.82 -0.001796
7150.49 -0.001799
7153.16 -0.001773
7155.83 -0.001761
7158.50 -0.001813
7161.17 -0.001772
7163.84 -0.001791
7166.51 -0.001736
7169.18 -0.001790
7171.85 -0.001789
7174.52 -0.001821
7177.19 -0.001806
7179.86 -0.001812
7182.53 -0.001837
7185.20 -0.001906
7187.87 -0.001849
7190.54 -0.001811
7193.21 -0.001754
7195.88 -0.001739
7198.55 -0.001845
7201.22 -0.001728
7203.89 -0.001743
7206.56 -0.001730
7209.23 -0.001728
7211.90 -0.001784
7214.57 -0.001787
7217.24 -0.001743
7219.91 -0.001767
7222.58 -0.001754
7225.25 -0.001800
7227.92 -0.001832
7230.59 -0.001767
7233.26 -0.001742
7235.93 -0.001783
7238.60 -0.001806
7241.27 -0.001784
7243.94 -0.001792
7246.61 -0.001751
7249.28 -0.001758
7251.95 -0.001776
7254.62 -0.001764
7257.29 -0.001771
7259.96 -0.001739
7262.63 -0.001718
7265.30 -0.001750
7267.97 -0.001737
7270.64 -0.001752
7273.31 -0.001793
7275.98 -0.001764
7278.65 -0.001724
7281.32 -0.001667
7283.99 -0.001701
7286.66 -0.001788
7289.33 -0.001799
7292.00 -0.001727
7294.67 -0.001741
7297.34 -0.001777
7300.01 -0.001753
7302.68 -0.001751
7305.35 -0.001731
7308.02 -0.001832
7310.69 -0.001755
7313.36 -0.001787
7316.03 -0.001782
7318.70 -0.001849
7321.37 -0.001864
7324.04 -0.001826
7326.71 -0.001833
7329.38 -0.001837
7332.05 -0.001799
7334.72 -0.001819
7337.39 -0.001812
7340.06 -0.001762
7342.73 -0.001785
7345.40 -0.001758
7348.07 -0.001761
7350.74 -0.001754
7353.41 -0.001738
7356.08 -0.001723
7358.75 -0.001812
7361.42 -0.001761
7364.09 -0.001776
7366.76 -0.001792
7369.43 -0.001787
7372.10 -0.001758
7374.77 -0.001791
7377.44 -0.001703
7380.11 -0.001803
7382.78 -0.001816
7385.45 -0.001719
7388.12 -0.001741
7390.79 -0.001739
7393.46 -0.001741
7396.13 -0.001716
7398.80 -0.001724
7401.47 -0.001668
7404.14 -0.001756
7406.81 -0.001738
7409.48 -0.001727
7412.15 -0.001770
7414.82 -0.001627
7417.49 -0.001691
7420.16 -0.001734
7422.83 -0.001793
7425.50 -0.001740
7428.17 -0.001747
7430.84 -0.001647
7433.51 -0.001666
7436.18 -0.001720
7438.85 -0.001677
7441.52 -0.001718
7444.19 -0.001754
7446.86 -0.001717
7449.53 -0.001666
7452.20 -0.001726
7454.87 -0.001735
7457.54 -0.001793
7460.21 -0.001810
7462.88 -0.001771
7465.55 -0.001812
7468.22 -0.001800
7470.89 -0.001795
7473.56 -0.001814
7476.23 -0.001823
7478.90 -0.001794
7481.57 -0.001810
7484.24 -0.001792
7486.91 -0.001789
7489.58 -0.001834
7492.25 -0.001800
7494.92 -0.001788
7497.59 -0.001778
