2486.00 0.017111
2488.67 0.005901
2491.34 0.026005
2494.01 -0.005975
2496.68 0.059582
2499.35 -0.015250
2502.02 -0.020160
2504.69 -0.003499
2507.36 0.032133
2510.03 0.017195
2512.70 -0.046881
2515.37 0.011872
2518.04 0.029572
2520.71 0.006681
2523.38 -0.007418
2526.05 -0.092307
2528.72 0.033349
2531.39 -0.069995
2534.06 -0.017239
2536.73 0.077195
2539.40 0.025579
2542.07 -0.133745
2544.74 -0.015914
2547.41 0.002020
2550.08 -0.073243
2552.75 0.015874
2555.42 0.036990
2558.09 0.009118
2560.76 0.031816
2563.43 -0.008877
2566.10 0.024308
2568.77 0.041476
2571.44 -0.046215
2574.11 0.010570
2576.78 -0.036269
2579.45 -0.067759
2582.12 -0.010141
2584.79 0.012746
2587.46 0.040314
2590.13 0.040372
2592.80 -0.042236
2595.47 -0.015876
2598.14 -0.006192
2600.81 0.011055
2603.48 -0.023299
2606.15 0.006295
2608.82 0.001167
2611.49 0.128980
2614.16 0.027966
2616.83 0.031610
2619.50 -0.043784
2622.17 0.017878
2624.84 0.035296
2627.51 0.040613
2630.18 0.028002
2632.85 0.012712
2635.52 -0.038391
2638.19 -0.038226
2640.86 -0.041074
2643.53 -0.108144
2646.20 -0.045246
2648.87 -0.050565
2651.54 0.015666
2654.21 -0.023097
2656.88 0.002395
2659.55 -0.036124
2662.22 0.008284
2664.89 0.013769
2667.56 0.052697
2670.23 0.048815
2672.90 -0.020602
2675.57 -0.039859
2678.24 0.010857
2680.91 0.055530
2683.58 -0.025654
2686.25 0.015234
2688.92 0.001758
2691.59 0.082107
2694.26 0.011028
2696.93 0.024398
2699.60 0.021479
2702.27 0.013858
2704.94 -0.010008
2707.61 0.014387
2710.28 0.021959
2712.95 0.004227
2715.62 -0.060139
2718.29 0.022607
2720.96 -0.054896
2723.63 0.118966
2726.30 0.025183
2728.97 -0.040424
2731.64 0.005022
2734.31 0.099841
2736.98 0.029932
2739.65 -0.032912
2742.32 0.027571
2744.99 0.024495
2747.66 0.027522
2750.33 -0.000020
2753.00 -0.043060
2755.67 -0.037631
2758.34 -0.016037
2761.01 -0.079015
2763.68 0.004311
2766.35 -0.005309
2769.02 0.029287
2771.69 0.028348
2774.36 0.015073
2777.03 0.040170
2779.70 -0.013819
2782.37 -0.071209
2785.04 -0.013591
2787.71 0.040528
2790.38 0.015351
2793.05 0.053555
2795.72 0.032450
2798.39 -0.054791
2801.06 -0.076705
2803.73 0.099448
2806.40 -0.023527
2809.07 0.018161
2811.74 -0.052815
2814.41 -0.036649
2817.08 -0.014068
2819.75 -0.035290
2822.42 -0.030346
2825.09 -0.002028
2827.76 0.061494
2830.43 0.070896
2833.10 0.037889
2835.77 -0.073218
2838.44 -0.065407
2841.11 0.009329
2843.78 0.051600
2846.45 -0.051116
2849.12 -0.018775
2851.79 -0.052483
2854.46 0.008933
2857.13 -0.030833
2859.80 0.007329
2862.47 -0.028241
2865.14 0.018157
2867.81 -0.006365
2870.48 0.023536
2873.15 -0.049093
2875.82 -0.030021
2878.49 0.015298
2881.16 0.038980
2883.83 -0.020207
2886.50 0.013085
2889.17 0.010053
2891.84 -0.034272
2894.51 -0.009082
2897.18 0.030705
2899.85 0.030825
2902.52 0.003088
2905.19 0.017734
2907.86 -0.034917
2910.53 -0.040680
2913.20 -0.031841
2915.87 0.003875
2918.54 -0.038579
2921.21 0.015180
2923.88 -0.028159
2926.55 -0.030191
2929.22 0.014011
2931.89 0.020682
2934.56 0.021843
2937.23 -0.060471
2939.90 -0.034598
2942.57 -0.006486
2945.24 -0.017020
2947.91 -0.020370
2950.58 0.011811
2953.25 -0.017394
2955.92 0.003553
2958.59 0.026727
2961.26 -0.042764
2963.93 0.003282
2966.60 -0.033636
2969.27 0.012570
2971.94 0.000339
2974.61 -0.011824
2977.28 0.018358
2979.95 -0.069519
2982.62 -0.008522
2985.29 -0.022721
2987.96 -0.014566
2990.63 0.056220
2993.30 0.006421
2995.97 -0.015174
2998.64 -0.024953
3001.31 -0.004402
3003.98 0.042369
3006.65 -0.029147
3009.32 0.022415
3011.99 0.003176
3014.66 0.039183
3017.33 -0.027917
3020.00 -0.000351
3022.67 -0.001065
3025.34 0.089747
3028.01 0.026003
3030.68 -0.024574
3033.35 0.002375
3036.02 0.012249
3038.69 0.009205
3041.36 -0.016817
3044.03 -0.040285
3046.70 -0.046323
3049.37 0.022568
3052.04 0.000974
3054.71 -0.013836
3057.38 0.011364
3060.05 0.014093
3062.72 -0.017762
3065.39 0.048377
3068.06 0.015021
3070.73 -0.026300
3073.40 0.047754
3076.07 0.024189
3078.74 0.030008
3081.41 0.013232
3084.08 -0.012159
3086.75 -0.029818
3089.42 -0.007003
3092.09 0.003774
3094.76 0.028106
3097.43 0.032226
3100.10 0.012493
3102.77 -0.026664
3105.44 0.024636
3108.11 0.017908
3110.78 -0.021239
3113.45 0.049440
3116.12 0.009713
3118.79 0.006397
3121.46 0.013745
3124.13 -0.032666
3126.80 0.017669
3129.47 -0.023936
3132.14 0.022552
3134.81 -0.064993
3137.48 -0.016340
3140.15 -0.020061
3142.82 0.066201
3145.49 0.005316
3148.16 -0.008887
3150.83 -0.037540
3153.50 -0.009457
3156.17 0.025082
3158.84 -0.041368
3161.51 -0.004841
3164.18 0.035591
3166.85 0.018247
3169.52 -0.004162
3172.19 -0.026157
3174.86 0.028694
3177.53 0.011280
3180.20 -0.043599
3182.87 -0.015045
3185.54 -0.005517
3188.21 -0.004988
3190.88 -0.006619
3193.55 -0.001341
3196.22 -0.025670
3198.89 -0.047681
3201.56 -0.018676
3204.23 -0.019682
3206.90 -0.030667
3209.57 0.003894
3212.24 0.013312
3214.91 0.048659
3217.58 0.040323
3220.25 0.013086
3222.92 0.015477
3225.59 0.029154
3228.26 0.036744
3230.93 0.063631
3233.60 0.038070
3236.27 0.055548
3238.94 0.043038
3241.61 0.025781
3244.28 0.012555
3246.95 0.036691
3249.62 0.052297
3252.29 0.013375
3254.96 0.011369
3257.63 0.050403
3260.30 0.048642
3262.97 0.031022
3265.64 0.001184
3268.31 0.008746
3270.98 0.027991
3273.65 -0.004297
3276.32 0.000142
3278.99 0.024095
3281.66 0.008099
3284.33 -0.015874
3287.00 0.010825
3289.67 0.007455
3292.34 -0.009830
3295.01 -0.009530
3297.68 -0.011182
3300.35 0.005820
3303.02 0.038659
3305.69 -0.005766
3308.36 -0.020278
3311.03 -0.029264
3313.70 -0.003379
3316.37 -0.014971
3319.04 -0.019260
3321.71 -0.009321
3324.38 0.008329
3327.05 0.007726
3329.72 -0.012044
3332.39 0.024226
3335.06 0.026548
3337.73 -0.012909
3340.40 0.022680
3343.07 -0.035931
3345.74 -0.033798
3348.41 -0.045438
3351.08 0.008809
3353.75 0.010121
3356.42 0.017361
3359.09 -0.027596
3361.76 0.013818
3364.43 -0.014021
3367.10 -0.016734
3369.77 -0.000380
3372.44 0.017357
3375.11 -0.024954
3377.78 0.022596
3380.45 0.032866
3383.12 0.003175
3385.79 0.014746
3388.46 0.037744
3391.13 0.006915
3393.80 -0.004418
3396.47 0.038061
3399.14 0.065514
3401.81 0.064417
3404.48 0.008941
3407.15 0.011777
3409.82 0.048452
3412.49 0.039397
3415.16 0.022593
3417.83 0.035066
3420.50 -0.009511
3423.17 0.026182
3425.84 0.005107
3428.51 0.013367
3431.18 0.036955
3433.85 -0.000296
3436.52 0.005347
3439.19 0.043169
3441.86 -0.034919
3444.53 -0.008495
3447.20 0.043709
3449.87 -0.013057
3452.54 -0.014519
3455.21 -0.016947
3457.88 -0.035110
3460.55 -0.045408
3463.22 0.023488
3465.89 -0.028680
3468.56 -0.024615
3471.23 -0.014737
3473.90 -0.026919
3476.57 -0.017659
3479.24 -0.044871
3481.91 -0.009051
3484.58 -0.031076
3487.25 0.019629
3489.92 0.014830
3492.59 -0.015436
3495.26 0.007189
3497.93 -0.054824
3500.60 -0.017157
3503.27 -0.015716
3505.94 -0.030398
3508.61 -0.023711
3511.28 -0.001125
3513.95 -0.014933
3516.62 -0.020682
3519.29 -0.063759
3521.96 -0.026161
3524.63 -0.025488
3527.30 -0.051506
3529.97 -0.030752
3532.64 -0.026848
3535.31 -0.001608
3537.98 0.023606
3540.65 -0.008604
3543.32 0.039138
3545.99 0.001746
3548.66 -0.000728
3551.33 0.001184
3554.00 -0.029700
3556.67 -0.000910
3559.34 -0.031230
3562.01 -0.024943
3564.68 -0.013493
3567.35 -0.020540
3570.02 -0.009277
3572.69 -0.033054
3575.36 0.004714
3578.03 0.015389
3580.70 0.020770
3583.37 -0.014201
3586.04 0.003134
3588.71 0.008950
3591.38 -0.027658
3594.05 -0.018544
3596.72 -0.020837
3599.39 -0.035201
3602.06 -0.025353
3604.73 -0.030504
3607.40 0.004833
3610.07 -0.004900
3612.74 -0.003491
3615.41 -0.026146
3618.08 0.009785
3620.75 -0.010070
3623.42 -0.028585
3626.09 -0.019714
3628.76 -0.035412
3631.43 0.036236
3634.10 -0.000454
3636.77 -0.011028
3639.44 -0.003199
3642.11 -0.015719
3644.78 -0.005632
3647.45 0.011114
3650.12 -0.007071
3652.79 -0.019128
3655.46 0.000992
3658.13 0.034674
3660.80 -0.010696
3663.47 0.048283
3666.14 -0.003834
3668.81 -0.001413
3671.48 0.027163
3674.15 0.035630
3676.82 0.022000
3679.49 0.010313
3682.16 0.025769
3684.83 0.004334
3687.50 0.027186
3690.17 0.031042
3692.84 0.002470
3695.51 0.026060
3698.18 0.044388
3700.85 -0.042119
3703.52 -0.008721
3706.19 0.000376
3708.86 -0.012098
3711.53 -0.008370
3714.20 -0.031922
3716.87 0.023060
3719.54 -0.062688
3722.21 -0.064542
3724.88 -0.056411
3727.55 -0.051796
3730.22 -0.039021
3732.89 -0.030394
3735.56 0.003880
3738.23 -0.021793
3740.90 -0.008415
3743.57 -0.001957
3746.24 0.016153
3748.91 -0.029229
3751.58 0.021964
3754.25 -0.007386
3756.92 0.033251
3759.59 -0.007945
3762.26 -0.006154
3764.93 -0.000843
3767.60 -0.019053
3770.27 -0.004900
3772.94 -0.026652
3775.61 0.000584
3778.28 -0.001794
3780.95 -0.009271
3783.62 -0.052479
3786.29 -0.006151
3788.96 -0.009231
3791.63 0.027569
3794.30 -0.000136
3796.97 0.036242
3799.64 -0.000501
3802.31 -0.005250
3804.98 0.050909
3807.65 0.006224
3810.32 0.050593
3812.99 -0.020303
3815.66 0.043432
3818.33 0.033256
3821.00 0.050408
3823.67 0.025085
3826.34 0.015467
3829.01 0.016511
3831.68 0.006416
3834.35 0.014340
3837.02 0.014374
3839.69 -0.029216
3842.36 0.014074
3845.03 -0.014172
3847.70 0.022823
3850.37 -0.003271
3853.04 0.017323
3855.71 -0.015682
3858.38 -0.020140
3861.05 -0.046165
3863.72 0.023164
3866.39 0.024459
3869.06 -0.008770
3871.73 -0.005137
3874.40 0.016170
3877.07 0.016366
3879.74 -0.007585
3882.41 0.014338
3885.08 0.013890
3887.75 -0.006983
3890.42 0.007812
3893.09 -0.008263
3895.76 0.025920
3898.43 -0.007715
3901.10 -0.036449
3903.77 0.030119
3906.44 0.016907
3909.11 0.011572
3911.78 0.000701
3914.45 -0.009453
3917.12 -0.010927
3919.79 0.007538
3922.46 0.006169
3925.13 -0.035688
3927.80 -0.055777
3930.47 0.018901
3933.14 0.011146
3935.81 0.031289
3938.48 0.006529
3941.15 0.010418
3943.82 0.007990
3946.49 -0.019932
3949.16 0.014241
3951.83 -0.021511
3954.50 0.027701
3957.17 0.021991
3959.84 0.020961
3962.51 0.024889
3965.18 -0.013577
3967.85 0.032947
3970.52 0.023953
3973.19 0.029325
3975.86 -0.001623
3978.53 0.000063
3981.20 -0.028687
3983.87 0.014710
3986.54 0.016105
3989.21 -0.013412
3991.88 0.010165
3994.55 -0.014101
3997.22 0.001069
3999.89 0.040862
4002.56 0.015523
4005.23 -0.005785
4007.90 -0.005040
4010.57 0.023880
4013.24 0.025546
4015.91 0.021726
4018.58 0.024823
4021.25 0.012046
4023.92 -0.005161
4026.59 -0.012212
4029.26 -0.017012
4031.93 0.009530
4034.60 -0.030275
4037.27 -0.001153
4039.94 -0.032397
4042.61 -0.001659
4045.28 0.018527
4047.95 0.018844
4050.62 0.030883
4053.29 0.015945
4055.96 -0.019393
4058.63 -0.005860
4061.30 0.024634
4063.97 0.017442
4066.64 0.023996
4069.31 -0.020453
4071.98 0.031780
4074.65 -0.016557
4077.32 0.019121
4079.99 0.022388
4082.66 0.001051
4085.33 -0.021906
4088.00 0.016444
4090.67 0.034665
4093.34 0.002537
4096.01 0.018298
4098.68 0.016461
4101.35 -0.001377
4104.02 0.004881
4106.69 0.003029
4109.36 -0.005430
4112.03 0.026313
4114.70 -0.023692
4117.37 -0.053103
4120.04 -0.025247
4122.71 0.015867
4125.38 0.011885
4128.05 0.019883
4130.72 0.000964
4133.39 0.016618
4136.06 0.031541
4138.73 -0.011717
4141.40 0.029801
4144.07 -0.009475
4146.74 -0.016665
4149.41 0.004529
4152.08 0.003227
4154.75 -0.029178
4157.42 0.006852
4160.09 0.034164
4162.76 0.020233
4165.43 0.014226
4168.10 -0.003440
4170.77 -0.011990
4173.44 -0.021832
4176.11 -0.007647
4178.78 -0.017076
4181.45 0.021631
4184.12 0.017526
4186.79 -0.014510
4189.46 0.039275
4192.13 0.012396
4194.80 0.002411
4197.47 0.017157
4200.14 0.026066
4202.81 0.021782
4205.48 -0.011869
4208.15 0.004825
4210.82 0.012538
4213.49 0.014097
4216.16 0.006788
4218.83 -0.017020
4221.50 -0.024623
4224.17 -0.015586
4226.84 0.026521
4229.51 -0.005975
4232.18 0.025552
4234.85 0.022827
4237.52 0.023979
4240.19 0.017211
4242.86 0.017766
4245.53 0.051046
4248.20 0.011695
4250.87 0.026290
4253.54 0.018915
4256.21 0.035255
4258.88 0.022852
4261.55 -0.009840
4264.22 0.022970
4266.89 0.004689
4269.56 0.006724
4272.23 0.006366
4274.90 0.004612
4277.57 -0.005721
4280.24 0.020682
4282.91 -0.007249
4285.58 -0.010331
4288.25 0.005107
4290.92 -0.018946
4293.59 -0.013492
4296.26 -0.000220
4298.93 0.013258
4301.60 -0.011199
4304.27 0.005969
4306.94 0.013003
4309.61 0.017382
4312.28 -0.006974
4314.95 -0.015610
4317.62 -0.013530
4320.29 -0.014846
4322.96 -0.007714
4325.63 0.005323
4328.30 0.019524
4330.97 -0.004638
4333.64 -0.001690
4336.31 -0.005195
4338.98 -0.012701
4341.65 -0.024328
4344.32 -0.007478
4346.99 0.005512
4349.66 0.002222
4352.33 -0.006264
4355.00 -0.010868
4357.67 -0.010614
4360.34 0.014789
4363.01 0.032601
4365.68 -0.013435
4368.35 -0.011743
4371.02 -0.011817
4373.69 -0.010323
4376.36 -0.008288
4379.03 -0.012098
4381.70 -0.004226
4384.37 -0.014085
4387.04 -0.024836
4389.71 -0.032590
4392.38 0.000054
4395.05 -0.038616
4397.72 -0.026535
4400.39 -0.024108
4403.06 0.000378
4405.73 0.007085
4408.40 -0.025191
4411.07 -0.009482
4413.74 0.004755
4416.41 -0.010630
4419.08 -0.011305
4421.75 -0.024090
4424.42 -0.038943
4427.09 -0.026409
4429.76 -0.002476
4432.43 -0.021855
4435.10 0.016062
4437.77 -0.000139
4440.44 0.000969
4443.11 -0.000650
4445.78 -0.003112
4448.45 -0.006381
4451.12 0.022013
4453.79 -0.021979
4456.46 -0.001803
4459.13 0.007202
4461.80 0.009784
4464.47 -0.012389
4467.14 0.005426
4469.81 0.018571
4472.48 0.002482
4475.15 -0.014275
4477.82 -0.013162
4480.49 0.005777
4483.16 0.014580
4485.83 -0.020507
4488.50 -0.009539
4491.17 -0.006207
4493.84 -0.005064
4496.51 -0.008172
4499.18 -0.006105
4501.85 0.022220
4504.52 -0.012817
4507.19 -0.020100
4509.86 -0.020362
4512.53 -0.002026
4515.20 -0.026168
4517.87 0.033114
4520.54 0.002142
4523.21 -0.021369
4525.88 -0.010274
4528.55 -0.008485
4531.22 -0.026513
4533.89 -0.031131
4536.56 -0.028421
4539.23 -0.004699
4541.90 -0.007657
4544.57 -0.005299
4547.24 0.010783
4549.91 -0.002224
4552.58 -0.023808
4555.25 -0.015676
4557.92 0.015748
4560.59 -0.012115
4563.26 -0.012196
4565.93 -0.026917
4568.60 -0.043258
4571.27 -0.014975
4573.94 0.014424
4576.61 -0.023412
4579.28 -0.031398
4581.95 -0.023723
4584.62 -0.001321
4587.29 -0.017350
4589.96 -0.005135
4592.63 -0.006205
4595.30 -0.018340
4597.97 -0.016845
4600.64 -0.001949
4603.31 -0.003490
4605.98 -0.008825
4608.65 -0.002101
4611.32 0.001445
4613.99 -0.044947
4616.66 -0.035334
4619.33 -0.010347
4622.00 0.006887
4624.67 -0.009903
4627.34 -0.029511
4630.01 0.006819
4632.68 -0.027764
4635.35 -0.004859
4638.02 0.012809
4640.69 -0.016523
4643.36 -0.016709
4646.03 -0.010355
4648.70 -0.006576
4651.37 0.007869
4654.04 -0.007528
4656.71 -0.020926
4659.38 -0.016095
4662.05 -0.009286
4664.72 -0.000695
4667.39 -0.001795
4670.06 -0.010219
4672.73 0.010960
4675.40 0.006595
4678.07 -0.010406
4680.74 -0.008321
4683.41 -0.001342
4686.08 -0.001425
4688.75 -0.005273
4691.42 0.013207
4694.09 0.013890
4696.76 -0.021109
4699.43 0.005497
4702.10 0.002207
4704.77 0.017781
4707.44 0.001749
4710.11 -0.027173
4712.78 -0.004662
4715.45 -0.004399
4718.12 0.007420
4720.79 -0.002344
4723.46 0.008745
4726.13 -0.019390
4728.80 -0.012853
4731.47 0.002560
4734.14 0.000334
4736.81 0.005627
4739.48 0.006589
4742.15 0.017719
4744.82 -0.000435
4747.49 -0.000542
4750.16 -0.014053
4752.83 -0.003093
4755.50 0.003882
4758.17 0.017756
4760.84 0.000128
4763.51 0.007406
4766.18 -0.010264
4768.85 -0.000639
4771.52 0.033243
4774.19 0.013605
4776.86 -0.000356
4779.53 -0.026821
4782.20 -0.010151
4784.87 -0.006103
4787.54 -0.014415
4790.21 -0.020695
4792.88 -0.011526
4795.55 -0.038045
4798.22 -0.023609
4800.89 -0.032991
4803.56 -0.017354
4806.23 -0.013285
4808.90 -0.041008
4811.57 -0.012885
4814.24 -0.015815
4816.91 -0.027129
4819.58 -0.053982
4822.25 -0.026982
4824.92 0.018642
4827.59 -0.002169
4830.26 -0.018248
4832.93 0.005818
4835.60 -0.027946
4838.27 -0.005500
4840.94 0.014315
4843.61 0.021145
4846.28 -0.022217
4848.95 0.007009
4851.62 0.022387
4854.29 0.016858
4856.96 0.021460
4859.63 0.022548
4862.30 -0.031981
4864.97 -0.056774
4867.64 -0.000302
4870.31 0.005109
4872.98 0.051211
4875.65 0.027338
4878.32 -0.019180
4880.99 -0.009109
4883.66 0.022956
4886.33 0.042111
4889.00 0.028088
4891.67 0.018714
4894.34 0.025328
4897.01 -0.001350
4899.68 -0.001757
4902.35 0.004542
4905.02 -0.010043
4907.69 0.018316
4910.36 -0.014648
4913.03 0.002873
4915.70 0.000621
4918.37 -0.016857
4921.04 -0.009999
4923.71 0.010141
4926.38 -0.011000
4929.05 -0.017295
4931.72 -0.020636
4934.39 0.030420
4937.06 0.001727
4939.73 -0.008834
4942.40 -0.016919
4945.07 -0.019370
4947.74 -0.009363
4950.41 0.010130
4953.08 0.013943
4955.75 0.000198
4958.42 -0.007938
4961.09 0.026175
4963.76 -0.008690
4966.43 -0.022598
4969.10 0.032415
4971.77 0.001161
4974.44 0.016844
4977.11 0.004155
4979.78 0.021141
4982.45 0.011169
4985.12 -0.016661
4987.79 0.001145
4990.46 -0.021524
4993.13 -0.022022
4995.80 -0.019137
4998.47 0.008081
5001.14 -0.030147
5003.81 -0.002831
5006.48 0.044772
5009.15 -0.040817
5011.82 0.028085
5014.49 0.024916
5017.16 -0.007237
5019.83 -0.016036
5022.50 -0.017193
5025.17 0.004266
5027.84 0.008661
5030.51 0.006503
5033.18 0.010814
5035.85 -0.022872
5038.52 -0.016524
5041.19 -0.021924
5043.86 -0.012717
5046.53 -0.004804
5049.20 0.009803
5051.87 -0.023218
5054.54 0.008841
5057.21 -0.005904
5059.88 0.006468
5062.55 -0.021502
5065.22 0.006982
5067.89 0.018373
5070.56 0.019917
5073.23 0.022973
5075.90 0.018019
5078.57 -0.001625
5081.24 0.025411
5083.91 -0.005742
5086.58 -0.004124
5089.25 -0.007128
5091.92 0.003323
5094.59 0.020269
5097.26 0.031802
5099.93 0.017154
5102.60 0.013491
5105.27 -0.018002
5107.94 -0.002146
5110.61 0.018915
5113.28 0.015037
5115.95 -0.017341
5118.62 0.038542
5121.29 0.019155
5123.96 0.004212
5126.63 0.019734
5129.30 -0.004345
5131.97 0.020341
5134.64 0.016861
5137.31 -0.000867
5139.98 0.009166
5142.65 -0.015313
5145.32 0.000914
5147.99 -0.010552
5150.66 0.036578
5153.33 0.011128
5156.00 -0.001545
5158.67 -0.016274
5161.34 -0.019179
5164.01 -0.002337
5166.68 0.006457
5169.35 0.010220
5172.02 -0.002426
5174.69 0.019297
5177.36 0.012185
5180.03 -0.002016
5182.70 -0.010622
5185.37 -0.016923
5188.04 0.002436
5190.71 0.009421
5193.38 -0.007632
5196.05 -0.011699
5198.72 -0.019697
5201.39 0.012428
5204.06 0.005515
5206.73 -0.011077
5209.40 0.005381
5212.07 -0.006641
5214.74 -0.004835
5217.41 0.006691
5220.08 -0.033080
5222.75 -0.018867
5225.42 0.013617
5228.09 -0.003956
5230.76 -0.015207
5233.43 -0.009837
5236.10 -0.002366
5238.77 -0.048917
5241.44 -0.031405
5244.11 -0.018778
5246.78 -0.016299
5249.45 -0.030385
5252.12 -0.026752
5254.79 0.027145
5257.46 0.029366
5260.13 0.005839
5262.80 0.009092
5265.47 0.022218
5268.14 0.001261
5270.81 0.007997
5273.48 0.007039
5276.15 0.005952
5278.82 0.012581
5281.49 0.009988
5284.16 -0.025113
5286.83 0.017448
5289.50 0.000382
5292.17 -0.011116
5294.84 -0.017773
5297.51 -0.033405
5300.18 -0.004705
5302.85 0.015841
5305.52 -0.005838
5308.19 0.032146
5310.86 0.027397
5313.53 0.045788
5316.20 0.023697
5318.87 -0.009107
5321.54 0.001127
5324.21 0.009499
5326.88 0.045012
5329.55 0.011569
5332.22 0.018014
5334.89 0.019248
5337.56 -0.011979
5340.23 -0.017002
5342.90 0.001678
5345.57 0.033943
5348.24 0.040142
5350.91 0.006599
5353.58 0.022361
5356.25 0.001852
5358.92 0.021181
5361.59 -0.016526
5364.26 0.013359
5366.93 0.026219
5369.60 0.018356
5372.27 0.024247
5374.94 -0.005686
5377.61 0.024415
5380.28 -0.003567
5382.95 -0.011911
5385.62 -0.004676
5388.29 0.015151
5390.96 0.003565
5393.63 -0.013317
5396.30 -0.015531
5398.97 -0.017608
5401.64 -0.010488
5404.31 0.014347
5406.98 -0.001647
5409.65 0.049259
5412.32 0.002473
5414.99 0.017147
5417.66 -0.002047
5420.33 -0.017345
5423.00 -0.000632
5425.67 0.003707
5428.34 0.002252
5431.01 0.036603
5433.68 0.024509
5436.35 0.005947
5439.02 -0.016720
5441.69 0.019279
5444.36 0.038006
5447.03 0.037463
5449.70 0.016980
5452.37 0.001336
5455.04 0.050507
5457.71 0.022449
5460.38 0.017787
5463.05 0.023534
5465.72 0.035146
5468.39 -0.000695
5471.06 0.017473
5473.73 -0.006906
5476.40 0.004438
5479.07 -0.003110
5481.74 0.004090
5484.41 0.012343
5487.08 0.012450
5489.75 0.010976
5492.42 0.038205
5495.09 0.025469
5497.76 -0.042571
5500.43 -0.037756
5503.10 -0.027950
5505.77 0.017578
5508.44 0.011861
5511.11 -0.002925
5513.78 0.030808
5516.45 0.041289
5519.12 -0.007817
5521.79 0.035986
5524.46 0.017217
5527.13 -0.017751
5529.80 -0.014478
5532.47 -0.004722
5535.14 0.006422
5537.81 0.031777
5540.48 0.025908
5543.15 0.007132
5545.82 0.006845
5548.49 -0.002507
5551.16 0.009350
5553.83 0.002226
5556.50 -0.023547
5559.17 0.004544
5561.84 0.022101
5564.51 0.033196
5567.18 0.022136
5569.85 0.013965
5572.52 0.001264
5575.19 0.005150
5577.86 -0.007776
5580.53 -0.025441
5583.20 0.018806
5585.87 0.006135
5588.54 0.019629
5591.21 0.028124
5593.88 0.011230
5596.55 0.011732
5599.22 -0.038434
5601.89 0.014667
5604.56 0.025836
5607.23 -0.003791
5609.90 0.018577
5612.57 0.003311
5615.24 -0.018324
5617.91 0.007242
5620.58 -0.018250
5623.25 -0.010650
5625.92 0.009934
5628.59 -0.022634
5631.26 0.021277
5633.93 -0.023445
5636.60 0.038165
5639.27 0.028975
5641.94 0.019054
5644.61 0.038871
5647.28 0.001172
5649.95 0.020524
5652.62 -0.021572
5655.29 0.032105
5657.96 -0.018001
5660.63 -0.010166
5663.30 -0.006362
5665.97 0.004699
5668.64 -0.002411
5671.31 0.019356
5673.98 0.004192
5676.65 0.017320
5679.32 0.009423
5681.99 -0.023844
5684.66 0.055379
5687.33 0.006856
5690.00 0.013352
5692.67 -0.005482
5695.34 0.038884
5698.01 0.001784
5700.68 0.002267
5703.35 0.012392
5706.02 0.009595
5708.69 -0.001659
5711.36 0.029642
5714.03 0.009794
5716.70 0.025806
5719.37 -0.009277
5722.04 0.007542
5724.71 0.026136
5727.38 -0.014760
5730.05 0.026311
5732.72 0.028542
5735.39 0.016862
5738.06 0.058498
5740.73 -0.003366
5743.40 -0.005708
5746.07 -0.020878
5748.74 0.038229
5751.41 0.008150
5754.08 -0.014245
5756.75 0.004263
5759.42 0.007802
5762.09 0.053303
5764.76 0.007400
5767.43 -0.039270
5770.10 0.016999
5772.77 -0.014581
5775.44 0.012678
5778.11 -0.005332
5780.78 0.022604
5783.45 -0.035935
5786.12 -0.009325
5788.79 0.043466
5791.46 -0.009160
5794.13 0.018589
5796.80 0.015927
5799.47 0.003522
5802.14 -0.009849
5804.81 -0.004338
5807.48 -0.020466
5810.15 -0.005653
5812.82 -0.015744
5815.49 -0.005078
5818.16 0.037879
5820.83 0.038685
5823.50 0.027255
5826.17 -0.029765
5828.84 -0.015250
5831.51 0.022014
5834.18 0.002578
5836.85 -0.027841
5839.52 0.007784
5842.19 -0.030182
5844.86 -0.025284
5847.53 -0.020208
5850.20 0.032922
5852.87 0.036993
5855.54 -0.011289
5858.21 -0.015069
5860.88 0.043839
5863.55 0.041423
5866.22 0.016160
5868.89 -0.023472
5871.56 -0.042907
5874.23 -0.046979
5876.90 0.006075
5879.57 -0.062718
5882.24 0.001052
5884.91 0.039674
5887.58 0.001099
5890.25 -0.001108
5892.92 0.012772
5895.59 0.014040
5898.26 -0.079091
5900.93 -0.001243
5903.60 -0.032084
5906.27 -0.071051
5908.94 -0.001991
5911.61 -0.031157
5914.28 -0.125019
5916.95 -0.023400
5919.62 -0.002448
5922.29 -0.014109
5924.96 0.036351
5927.63 0.049248
5930.30 -0.028674
5932.97 -0.018862
5935.64 -0.008524
5938.31 -0.002312
5940.98 0.016487
5943.65 -0.013232
5946.32 0.017656
5948.99 -0.046792
5951.66 0.036094
5954.33 0.012467
5957.00 -0.000696
5959.67 -0.040556
5962.34 -0.004808
5965.01 -0.053385
5967.68 -0.014685
5970.35 -0.033020
5973.02 0.017615
5975.69 -0.046605
5978.36 -0.041977
5981.03 0.020440
5983.70 -0.007647
5986.37 -0.027470
5989.04 -0.033480
5991.71 -0.033149
5994.38 0.027589
5997.05 0.017135
5999.72 -0.007987
6002.39 -0.007536
6005.06 -0.030304
6007.73 0.010687
6010.40 0.001898
6013.07 -0.000515
6015.74 -0.056300
6018.41 -0.059741
6021.08 -0.028408
6023.75 -0.005376
6026.42 -0.018365
6029.09 -0.090242
6031.76 -0.000003
6034.43 0.027978
6037.10 -0.041174
6039.77 -0.025173
6042.44 -0.043237
6045.11 -0.046420
6047.78 -0.062877
6050.45 -0.011350
6053.12 -0.026158
6055.79 -0.067538
6058.46 -0.014530
6061.13 0.016453
6063.80 0.032692
6066.47 0.053078
6069.14 0.018779
6071.81 -0.029152
6074.48 0.011808
6077.15 -0.010894
6079.82 -0.019779
6082.49 -0.017704
6085.16 0.065273
6087.83 -0.032878
6090.50 0.006679
6093.17 -0.054891
6095.84 0.015923
6098.51 0.030033
6101.18 0.029575
6103.85 0.024345
6106.52 0.018015
6109.19 0.020510
6111.86 0.041001
6114.53 -0.004661
6117.20 0.025126
6119.87 0.004705
6122.54 0.029784
6125.21 -0.011097
6127.88 0.018104
6130.55 -0.005199
6133.22 -0.014499
6135.89 -0.032805
6138.56 -0.028587
6141.23 0.039475
6143.90 -0.004789
6146.57 -0.003887
6149.24 -0.024600
6151.91 -0.045965
6154.58 -0.002008
6157.25 -0.003753
6159.92 0.035891
6162.59 -0.008313
6165.26 -0.022093
6167.93 0.010967
6170.60 -0.021701
6173.27 0.006077
6175.94 0.010099
6178.61 0.009963
6181.28 0.001520
6183.95 -0.008551
6186.62 0.011732
6189.29 0.007870
6191.96 -0.021121
6194.63 0.000703
6197.30 0.020408
6199.97 -0.036017
6202.64 -0.003247
6205.31 0.007379
6207.98 0.009293
6210.65 0.070387
6213.32 0.028681
6215.99 -0.029329
6218.66 0.031657
6221.33 0.031056
6224.00 0.037133
6226.67 0.006326
6229.34 -0.007931
6232.01 -0.014875
6234.68 0.031041
6237.35 0.023085
6240.02 0.002615
6242.69 -0.004356
6245.36 0.006120
6248.03 0.035904
6250.70 0.025062
6253.37 0.004560
6256.04 0.027447
6258.71 0.017475
6261.38 -0.002073
6264.05 -0.004325
6266.72 -0.009338
6269.39 -0.018698
6272.06 0.069147
6274.73 0.059315
6277.40 -0.042173
6280.07 0.004429
6282.74 -0.013308
6285.41 -0.025623
6288.08 -0.006260
6290.75 -0.004157
6293.42 -0.027546
6296.09 -0.006820
6298.76 -0.018482
6301.43 0.000412
6304.10 -0.014389
6306.77 -0.015661
6309.44 0.007027
6312.11 0.001911
6314.78 0.002599
6317.45 0.006004
6320.12 -0.012367
6322.79 -0.013419
6325.46 -0.005860
6328.13 -0.004573
6330.80 -0.014308
6333.47 -0.009132
6336.14 -0.018511
6338.81 -0.029310
6341.48 -0.003229
6344.15 -0.015461
6346.82 -0.010524
6349.49 -0.021344
6352.16 -0.004314
6354.83 0.009228
6357.50 -0.000873
6360.17 -0.001773
6362.84 0.003219
6365.51 0.023257
6368.18 0.016078
6370.85 0.017899
6373.52 0.018913
6376.19 0.002298
6378.86 -0.009204
6381.53 -0.017783
6384.20 0.000326
6386.87 0.015831
6389.54 0.030305
6392.21 0.014032
6394.88 -0.015108
6397.55 0.000433
6400.22 0.010559
6402.89 0.020156
6405.56 0.009799
6408.23 -0.020193
6410.90 0.015412
6413.57 0.013337
6416.24 0.006301
6418.91 0.021716
6421.58 0.010627
6424.25 0.009787
6426.92 0.026278
6429.59 0.019151
6432.26 -0.000492
6434.93 -0.009458
6437.60 0.003213
6440.27 -0.009374
6442.94 0.004964
6445.61 0.003101
6448.28 0.002074
6450.95 0.001418
6453.62 -0.005129
6456.29 0.013034
6458.96 0.010832
6461.63 0.007790
6464.30 0.007574
6466.97 -0.007786
6469.64 0.007697
6472.31 0.000982
6474.98 0.006860
6477.65 0.007033
6480.32 0.001324
6482.99 0.002361
6485.66 0.007200
6488.33 0.005482
6491.00 0.016518
6493.67 0.004521
6496.34 0.001090
6499.01 -0.001730
6501.68 -0.008370
6504.35 0.001936
6507.02 -0.001790
6509.69 -0.001224
6512.36 -0.001790
6515.03 -0.008242
6517.70 0.002053
6520.37 0.001736
6523.04 -0.006887
6525.71 0.003674
6528.38 -0.003899
6531.05 0.010169
6533.72 0.017971
6536.39 0.014024
6539.06 0.013224
6541.73 0.003961
6544.40 0.015311
6547.07 0.013944
6549.74 0.006003
6552.41 -0.000401
6555.08 0.016090
6557.75 0.021928
6560.42 -0.000168
6563.09 0.006027
6565.76 0.020792
6568.43 0.023931
6571.10 0.021218
6573.77 0.018398
6576.44 0.020583
6579.11 0.011533
6581.78 0.009517
6584.45 -0.000203
6587.12 -0.005380
6589.79 -0.008020
6592.46 -0.004681
6595.13 -0.002857
6597.80 -0.008389
6600.47 -0.009768
6603.14 -0.004293
6605.81 -0.010974
6608.48 -0.003582
6611.15 -0.009651
6613.82 -0.005144
6616.49 -0.002595
6619.16 -0.014520
6621.83 -0.008715
6624.50 -0.011549
6627.17 -0.009873
6629.84 -0.015622
6632.51 -0.015754
6635.18 -0.012813
6637.85 -0.012494
6640.52 -0.013770
6643.19 -0.013619
6645.86 -0.019584
6648.53 -0.013035
6651.20 -0.012155
6653.87 -0.014707
6656.54 -0.010107
6659.21 -0.003438
6661.88 -0.005815
6664.55 -0.005131
6667.22 -0.008600
6669.89 -0.007804
6672.56 -0.003453
6675.23 -0.001289
6677.90 0.000879
6680.57 -0.005258
6683.24 -0.004015
6685.91 -0.003628
6688.58 -0.001315
6691.25 0.003172
6693.92 -0.002870
6696.59 -0.001751
6699.26 0.000058
6701.93 -0.002430
6704.60 0.000103
6707.27 0.000828
6709.94 -0.003733
6712.61 -0.003689
6715.28 -0.003779
6717.95 -0.003873
6720.62 -0.003732
6723.29 -0.003708
6725.96 -0.003685
6728.63 -0.003618
6731.30 -0.003617
6733.97 -0.003583
6736.64 -0.003476
6739.31 -0.003368
6741.98 -0.003335
6744.65 -0.003319
6747.32 -0.003224
6749.99 -0.003180
6752.66 -0.003170
6755.33 -0.003136
6758.00 -0.003165
6760.67 -0.003105
6763.34 -0.003116
6766.01 -0.003070
6768.68 -0.003056
6771.35 -0.003059
6774.02 -0.003100
6776.69 -0.003043
6779.36 -0.003029
6782.03 -0.003033
6784.70 -0.003095
6787.37 -0.003131
6790.04 -0.003080
6792.71 -0.003064
6795.38 -0.003057
6798.05 -0.002993
6800.72 -0.002998
6803.39 -0.003028
6806.06 -0.003044
6808.73 -0.002989
6811.40 -0.003007
6814.07 -0.003011
6816.74 -0.003036
6819.41 -0.003096
6822.08 -0.002998
6824.75 -0.003025
6827.42 -0.003006
6830.09 -0.003051
6832.76 -0.003001
6835.43 -0.002996
6838.10 -0.003003
6840.77 -0.003014
6843.44 -0.002951
6846.11 -0.002939
6848.78 -0.002959
6851.45 -0.002927
6854.12 -0.002946
6856.79 -0.002967
6859.46 -0.002960
6862.13 -0.002895
6864.80 -0.002949
6867.47 -0.003032
6870.14 -0.002961
6872.81 -0.003016
6875.48 -0.002968
6878.15 -0.002979
6880.82 -0.002963
6883.49 -0.002961
6886.16 -0.002993
6888.83 -0.002825
6891.50 -0.002981
6894.17 -0.002969
6896.84 -0.002939
6899.51 -0.002954
6902.18 -0.002953
6904.85 -0.002890
6907.52 -0.002843
6910.19 -0.003019
6912.86 -0.003092
6915.53 -0.003111
6918.20 -0.003096
6920.87 -0.002964
6923.54 -0.002998
6926.21 -0.002946
6928.88 -0.002981
6931.55 -0.002996
6934.22 -0.002987
6936.89 -0.003008
6939.56 -0.003038
6942.23 -0.002916
6944.90 -0.002856
6947.57 -0.002859
6950.24 -0.003023
6952.91 -0.003087
6955.58 -0.003131
6958.25 -0.003076
6960.92 -0.003123
6963.59 -0.003130
6966.26 -0.003107
6968.93 -0.003170
6971.60 -0.003060
6974.27 -0.003161
6976.94 -0.003219
6979.61 -0.003270
6982.28 -0.003392
6984.95 -0.003331
6987.62 -0.003361
6990.29 -0.003275
6992.96 -0.003287
6995.63 -0.003341
6998.30 -0.003334
7000.97 -0.003290
7003.64 -0.003295
7006.31 -0.003304
7008.98 -0.003161
7011.65 -0.003286
7014.32 -0.003273
7016.99 -0.003197
7019.66 -0.003327
7022.33 -0.003254
7025.00 -0.003339
7027.67 -0.003397
7030.34 -0.003339
7033.01 -0.003351
7035.68 -0.003362
7038.35 -0.003426
7041.02 -0.003548
7043.69 -0.003436
7046.36 -0.003370
7049.03 -0.003493
7051.70 -0.003406
7054.37 -0.003293
7057.04 -0.003193
7059.71 -0.003194
7062.38 -0.003359
7065.05 -0.003502
7067.72 -0.003390
7070.39 -0.003315
7073.06 -0.003141
7075.73 -0.003284
7078.40 -0.003352
7081.07 -0.003394
7083.74 -0.003318
7086.41 -0.003149
7089.08 -0.003113
7091.75 -0.003302
7094.42 -0.003282
7097.09 -0.003230
7099.76 -0.003182
7102.43 -0.003211
7105.10 -0.003246
7107.77 -0.003383
7110.44 -0.003358
7113.11 -0.003386
7115.78 -0.003350
7118.45 -0.003446
7121.12 -0.003337
7123.79 -0.003371
7126.46 -0.003383
7129.13 -0.003403
7131.80 -0.003442
7134.47 -0.003381
7137.14 -0.003459
7139.81 -0.003387
7142.48 -0.003342
7145.15 -0.003333
7147.82 -0.003326
7150.49 -0.003331
7153.16 -0.003283
7155.83 -0.003262
7158.50 -0.003358
7161.17 -0.003282
7163.84 -0.003316
7166.51 -0.003215
7169.18 -0.003315
7171.85 -0.003313
7174.52 -0.003372
7177.19 -0.003344
7179.86 -0.003356
7182.53 -0.003402
7185.20 -0.003530
7187.87 -0.003423
7190.54 -0.003354
7193.21 -0.003248
7195.88 -0.003221
7198.55 -0.003416
7201.22 -0.003200
7203.89 -0.003229
7206.56 -0.003204
7209.23 -0.003200
7211.90 -0.003303
7214.57 -0.003309
7217.24 -0.003228
7219.91 -0.003272
7222.58 -0.003248
7225.25 -0.003333
7227.92 -0.003393
7230.59 -0.003271
7233.26 -0.003226
7235.93 -0.003302
7238.60 -0.003344
7241.27 -0.003303
7243.94 -0.003319
7246.61 -0.003242
7249.28 -0.003255
7251.95 -0.003289
7254.62 -0.003266
7257.29 -0.003279
7259.96 -0.003220
7262.63 -0.003181
7265.30 -0.003240
7267.97 -0.003217
7270.64 -0.003245
7273.31 -0.003320
7275.98 -0.003268
7278.65 -0.003193
7281.32 -0.003087
7283.99 -0.003150
7286.66 -0.003310
7289.33 -0.003331
7292.00 -0.003198
7294.67 -0.003224
7297.34 -0.003291
7300.01 -0.003245
7302.68 -0.003242
7305.35 -0.003205
7308.02 -0.003393
7310.69 -0.003250
7313.36 -0.003309
7316.03 -0.003300
7318.70 -0.003425
7321.37 -0.003452
7324.04 -0.003381
7326.71 -0.003395
7329.38 -0.003401
7332.05 -0.003331
7334.72 -0.003369
7337.39 -0.003356
7340.06 -0.003264
7342.73 -0.003304
7345.40 -0.003256
7348.07 -0.003262
7350.74 -0.003248
7353.41 -0.003218
7356.08 -0.003190
7358.75 -0.003356
7361.42 -0.003261
7364.09 -0.003289
7366.76 -0.003319
7369.43 -0.003310
7372.10 -0.003256
7374.77 -0.003316
7377.44 -0.003153
7380.11 -0.003338
7382.78 -0.003363
7385.45 -0.003184
7388.12 -0.003223
7390.79 -0.003220
7393.46 -0.003225
7396.13 -0.003178
7398.80 -0.003192
7401.47 -0.003089
7404.14 -0.003253
7406.81 -0.003218
7409.48 -0.003199
7412.15 -0.003278
7414.82 -0.003014
7417.49 -0.003131
7420.16 -0.003211
7422.83 -0.003321
7425.50 -0.003222
7428.17 -0.003235
7430.84 -0.003050
7433.51 -0.003086
7436.18 -0.003185
7438.85 -0.003105
7441.52 -0.003181
7444.19 -0.003248
7446.86 -0.003179
7449.53 -0.003086
7452.20 -0.003197
7454.87 -0.003214
7457.54 -0.003320
7460.21 -0.003352
7462.88 -0.003279
7465.55 -0.003356
7468.22 -0.003333
7470.89 -0.003324
7473.56 -0.003358
7476.23 -0.003375
7478.90 -0.003322
7481.57 -0.003353
7484.24 -0.003319
7486.91 -0.003313
7489.58 -0.003396
7492.25 -0.003334
7494.92 -0.003311
7497.59 -0.003293
